0112,2017/01/01,89,106,133,160,185,206,215,213,202,189,176,166,167,179,195,210,224,227,217,199,172,141,117,100
0112,2017/01/02,95,105,126,151,176,198,212,215,209,198,184,173,169,174,187,206,222,231,229,215,194,167,139,121
0112,2017/01/03,110,111,128,147,171,196,215,223,221,211,198,184,174,172,179,192,206,219,225,220,207,187,162,142
0112,2017/01/04,128,123,130,144,165,187,209,223,225,220,211,195,181,175,175,183,195,205,215,219,212,197,178,160
0112,2017/01/05,144,134,133,141,156,176,196,212,219,221,215,200,184,172,164,164,168,175,186,194,195,193,184,170
0112,2017/01/06,157,147,141,142,150,166,182,197,210,217,214,205,191,175,162,153,149,152,159,169,179,185,185,181
0112,2017/01/07,173,165,159,154,154,163,175,186,200,210,213,209,199,185,171,156,142,136,136,142,155,167,176,183
0112,2017/01/08,186,184,179,174,170,170,176,185,197,210,219,221,217,210,195,178,159,143,134,133,139,154,171,185
0112,2017/01/09,198,206,207,205,200,196,197,200,208,221,232,239,241,238,228,209,184,158,136,123,121,128,144,164
0112,2017/01/10,187,204,213,213,209,203,196,190,192,202,213,225,234,238,236,225,201,167,133,112,102,100,110,133
0112,2017/01/11,161,188,208,216,215,210,202,191,186,189,198,211,225,235,238,234,217,187,152,121,97,87,93,110
0112,2017/01/12,137,169,198,216,226,227,218,206,197,193,196,206,219,236,248,250,242,219,186,151,120,97,90,98
0112,2017/01/13,120,151,184,209,227,235,230,216,202,192,189,194,207,226,244,255,256,242,216,183,146,115,97,94
0112,2017/01/14,107,134,165,194,218,233,236,225,211,198,188,185,192,207,227,246,256,252,236,207,173,141,114,101
0112,2017/01/15,104,121,148,178,205,225,232,226,213,197,183,173,171,184,204,225,243,246,236,218,190,160,131,109
0112,2017/01/16,103,112,134,163,191,214,228,228,217,203,188,174,166,171,184,202,221,233,233,222,203,179,152,129
0112,2017/01/17,116,117,132,154,177,201,218,223,219,206,188,171,158,156,164,177,194,208,214,211,199,181,158,136
0112,2017/01/18,119,113,120,135,155,178,198,207,206,198,184,167,152,146,148,157,172,184,195,199,195,188,173,153
0112,2017/01/19,139,133,132,141,158,178,197,210,212,209,199,182,168,156,149,152,158,167,178,185,188,187,180,171
0112,2017/01/20,160,153,151,154,164,180,197,211,219,221,216,206,191,179,171,164,164,172,177,182,190,193,191,188
0112,2017/01/21,183,178,175,171,173,184,193,203,213,218,216,207,193,181,168,156,149,144,144,150,155,161,169,172
0112,2017/01/22,172,173,172,168,168,172,180,192,201,209,215,212,206,196,184,169,155,146,142,141,145,155,163,172
0112,2017/01/23,182,186,187,186,183,183,185,188,193,202,211,213,209,203,191,177,162,145,131,125,124,131,143,157
0112,2017/01/24,172,185,191,191,188,184,181,178,180,188,196,203,205,205,199,186,168,149,129,114,108,112,122,138
0112,2017/01/25,157,176,190,196,195,191,183,175,172,175,183,193,202,208,207,198,182,159,133,113,100,96,104,120
0112,2017/01/26,142,167,186,197,201,198,189,179,170,168,175,185,197,208,214,212,200,177,149,122,100,91,93,105
0112,2017/01/27,130,157,182,199,209,210,202,190,180,174,175,186,200,215,229,233,223,201,169,137,112,92,85,93
0112,2017/01/28,111,138,166,188,203,210,204,191,175,164,160,162,174,191,208,219,219,205,182,153,121,96,82,80
0112,2017/01/29,95,120,149,175,195,207,207,196,181,166,156,155,164,181,204,223,231,227,208,180,150,122,101,94
0112,2017/01/30,102,123,152,180,207,227,231,225,211,193,181,175,177,190,211,230,242,243,231,210,182,149,124,109
0112,2017/01/31,105,117,140,163,191,213,220,217,204,184,167,154,146,154,172,193,214,225,222,209,185,155,129,107
0112,2017/02/01,99,107,123,145,173,196,211,215,206,190,172,155,145,147,161,182,201,215,220,209,192,174,148,126
0112,2017/02/02,118,117,125,144,166,193,213,217,213,202,182,165,149,136,141,155,172,196,212,214,210,196,175,156
0112,2017/02/03,142,136,142,153,169,192,211,220,223,215,199,182,161,144,138,140,151,168,182,191,197,193,182,169
0112,2017/02/04,157,149,147,151,164,180,196,210,215,210,202,187,167,149,137,132,134,142,154,166,175,180,179,173
0112,2017/02/05,167,163,160,159,165,177,192,203,212,215,212,203,188,171,157,143,135,136,141,150,163,177,186,191
0112,2017/02/06,195,196,193,193,196,201,210,219,228,236,236,231,220,204,187,171,154,141,135,135,146,162,174,186
0112,2017/02/07,197,201,204,203,197,196,197,199,205,212,219,224,220,211,198,177,156,138,119,109,112,120,136,157
0112,2017/02/08,175,194,205,205,202,198,192,191,193,196,205,217,221,222,218,203,182,156,130,111,102,104,117,138
0112,2017/02/09,163,187,205,213,214,210,201,193,189,188,196,210,222,232,237,232,216,190,160,132,112,108,113,130
0112,2017/02/10,157,187,211,228,234,230,221,208,196,192,195,203,217,232,242,246,238,216,186,153,126,108,102,111
0112,2017/02/11,133,162,193,215,225,227,218,201,186,175,171,178,194,211,230,243,243,230,207,174,141,114,98,99
0112,2017/02/12,115,142,173,199,217,224,219,204,184,168,158,158,168,185,207,228,238,233,216,188,155,125,103,95
0112,2017/02/13,104,127,157,186,208,220,220,207,186,167,152,145,151,165,187,209,225,230,221,199,173,144,118,105
0112,2017/02/14,106,120,146,174,200,219,223,214,196,174,156,144,141,150,170,192,210,221,220,209,188,163,138,119
0112,2017/02/15,113,121,139,163,189,209,220,218,203,183,162,145,135,134,148,167,186,203,212,206,193,177,155,135
0112,2017/02/16,125,126,139,160,183,205,220,223,213,195,175,157,143,138,145,159,177,195,205,207,201,190,175,158
0112,2017/02/17,145,144,149,163,184,204,220,229,225,213,198,181,166,156,155,162,175,183,188,195,197,192,184,169
0112,2017/02/18,158,157,158,164,178,195,209,220,220,210,196,181,163,148,142,142,148,159,170,178,9999,9999,9999,9999
0112,2017/02/19,9999,9999,9999,9999,9999,9999,9999,9999,9999,9999,9999,9999,9999,9999,9999,9999,9999,9999,9999,9999,9999,9999,9999,9999
0112,2017/02/20,9999,9999,9999,9999,9999,9999,9999,9999,9999,9999,9999,9999,9999,9999,174,168,159,156,159,163,168,174,178,185
0112,2017/02/21,192,193,190,186,186,189,191,196,201,204,204,200,191,181,170,156,143,133,126,124,129,138,149,161
0112,2017/02/22,172,181,186,186,185,183,180,182,185,189,197,201,201,198,189,177,162,146,133,124,121,128,141,157
0112,2017/02/23,176,193,204,208,207,203,198,193,194,199,207,217,224,226,225,216,197,176,156,136,125,125,134,149
0112,2017/02/24,170,191,205,214,215,206,196,186,178,176,181,191,202,208,213,211,197,175,150,126,110,104,108,123
0112,2017/02/25,146,172,195,207,212,209,196,182,170,163,167,180,194,210,222,224,215,196,169,142,119,105,104,115
0112,2017/02/26,137,164,189,208,218,216,204,187,170,158,154,163,180,199,218,228,225,212,186,155,129,106,95,101
0112,2017/02/27,116,141,170,193,208,213,204,186,167,147,138,143,157,178,202,219,226,220,200,171,140,112,95,92
0112,2017/02/28,105,129,156,183,204,213,209,192,170,148,132,127,136,154,180,207,222,225,216,191,162,135,112,102
0112,2017/03/01,108,126,151,178,203,218,217,205,185,159,139,128,125,138,163,189,211,224,223,209,187,161,136,121
0112,2017/03/02,121,131,152,178,203,222,229,222,205,181,156,140,131,135,154,178,203,224,231,227,9999,9999,9999,9999
0112,2017/03/03,9999,9999,9999,9999,9999,9999,9999,9999,9999,9999,9999,9999,9999,9999,122,140,163,186,204,210,204,191,175,158
0112,2017/03/04,147,147,154,167,187,207,220,225,218,201,181,159,136,122,118,125,140,159,176,189,194,191,182,171
0112,2017/03/05,163,160,161,169,185,201,213,221,220,211,195,176,156,136,126,126,130,141,155,170,181,186,187,182
0112,2017/03/06,177,176,176,178,188,200,210,220,224,220,212,201,184,166,152,142,137,140,149,158,170,182,186,187
0112,2017/03/07,189,191,189,188,192,199,206,212,217,219,216,211,201,185,169,154,139,130,129,132,143,156,170,183
0112,2017/03/08,192,198,9999,9999,9999,9999,9999,9999,9999,9999,9999,9999,9999,9999,9999,9999,9999,9999,9999,9999,9999,9999,9999,9999
0112,2017/03/09,9999,9999,9999,9999,9999,9999,9999,9999,9999,9999,9999,9999,9999,9999,212,201,182,159,137,123,116,120,135,155
0112,2017/03/10,177,198,211,214,212,205,193,184,179,177,184,196,207,214,219,214,198,175,150,126,110,106,113,129
0112,2017/03/11,155,180,197,207,207,198,184,169,156,152,157,170,186,202,215,218,210,190,162,135,113,100,100,114
0112,2017/03/12,137,165,190,203,208,203,187,169,151,138,138,148,164,187,208,220,221,208,185,157,129,108,101,107
0112,2017/03/13,127,155,181,201,212,211,197,176,154,136,129,134,149,171,196,216,226,223,206,180,153,129,114,115
0112,2017/03/14,129,153,181,205,221,225,215,195,171,148,136,134,142,162,188,212,227,230,220,201,176,151,132,125
0112,2017/03/15,131,150,177,203,224,235,230,213,188,163,143,135,136,150,174,200,221,232,230,217,196,172,150,138
0112,2017/03/16,137,150,171,194,214,227,226,212,190,163,140,124,119,127,144,169,192,208,214,209,196,178,158,144
0112,2017/03/17,139,146,162,183,203,219,224,215,197,174,150,132,122,120,132,152,172,190,201,203,9999,9999,9999,9999
0112,2017/03/18,9999,9999,9999,9999,9999,9999,9999,9999,9999,9999,9999,9999,9999,9999,9999,9999,9999,9999,9999,9999,9999,9999,9999,9999
0112,2017/03/19,9999,9999,9999,9999,9999,9999,9999,9999,9999,9999,9999,9999,9999,9999,9999,9999,9999,9999,9999,9999,9999,9999,9999,9999
0112,2017/03/20,9999,9999,9999,9999,9999,9999,9999,9999,9999,9999,9999,9999,9999,9999,9999,9999,9999,9999,9999,9999,9999,9999,9999,9999
0112,2017/03/21,9999,9999,9999,9999,9999,9999,9999,9999,9999,9999,9999,9999,9999,9999,9999,150,150,152,159,168,177,185,190,194
0112,2017/03/22,198,198,197,195,191,191,197,201,202,202,199,192,184,173,161,151,144,140,140,142,148,159,170,177
0112,2017/03/23,184,193,194,190,189,186,183,185,188,190,193,195,190,183,173,161,148,136,128,126,130,141,155,171
0112,2017/03/24,9999,9999,9999,9999,9999,9999,9999,9999,9999,9999,9999,9999,9999,9999,187,175,160,143,127,118,117,124,137,154
0112,2017/03/25,173,190,200,200,195,185,172,161,156,158,167,179,192,199,200,194,179,157,136,120,110,111,121,138
0112,2017/03/26,162,184,199,206,203,191,175,159,147,143,151,167,184,201,210,211,201,181,156,132,114,107,112,128
0112,2017/03/27,152,179,201,213,213,203,185,164,147,136,137,151,172,195,214,225,223,207,183,155,133,119,115,126
0112,2017/03/28,147,172,198,215,220,214,194,169,144,124,118,127,146,171,197,216,225,216,196,171,143,122,111,113
0112,2017/03/29,130,155,182,205,215,213,200,175,144,120,106,104,118,142,171,200,218,220,210,189,164,141,124,119
0112,2017/03/30,130,149,175,200,215,220,213,190,161,132,108,98,105,123,152,186,211,225,225,210,190,169,151,141
0112,2017/03/31,142,156,179,202,221,231,227,210,182,150,123,104,99,109,130,160,189,210,219,217,205,185,166,155
0112,2017/04/01,150,158,175,194,213,228,230,220,199,171,143,120,105,102,114,136,162,186,203,211,208,196,181,170
0112,2017/04/02,164,165,174,189,206,222,229,225,210,188,163,139,118,107,108,120,139,161,180,193,199,197,189,181
0112,2017/04/03,174,172,177,186,198,211,221,221,213,200,181,158,138,123,114,115,126,138,153,170,182,187,186,182
0112,2017/04/04,177,175,174,176,183,192,200,205,203,196,185,170,152,134,120,112,111,116,125,139,154,165,171,174
0112,2017/04/05,174,174,173,171,172,176,181,186,189,189,186,180,169,155,140,127,118,115,116,124,137,150,162,174
0112,2017/04/06,180,184,184,180,174,172,172,174,177,181,186,189,187,182,171,157,143,130,121,121,128,138,156,173
0112,2017/04/07,186,195,197,192,185,177,171,167,166,170,180,189,195,197,193,183,167,146,132,123,124,133,147,165
0112,2017/04/08,185,198,204,204,193,181,169,157,152,155,165,179,194,205,210,207,194,175,152,135,129,131,142,162
0112,2017/04/09,184,203,216,218,210,195,177,160,148,144,152,167,184,204,215,215,208,188,163,143,127,120,127,144
0112,2017/04/10,166,189,205,211,206,191,170,147,127,118,121,134,155,179,197,209,210,196,175,153,132,120,119,130
0112,2017/04/11,151,177,198,211,212,200,181,156,131,116,114,123,144,170,195,217,226,223,209,188,168,153,145,152
0112,2017/04/12,170,193,216,232,235,229,209,181,153,130,116,117,129,152,178,200,216,219,208,192,171,148,136,137
0112,2017/04/13,148,168,192,211,220,218,203,177,149,123,106,101,105,123,148,173,195,208,206,195,180,161,145,141
0112,2017/04/14,146,161,182,203,216,219,210,189,161,134,114,103,104,119,142,166,190,207,210,205,193,174,159,151
0112,2017/04/15,150,161,178,197,213,221,217,201,177,150,126,109,104,111,127,150,176,195,204,206,200,186,171,161
0112,2017/04/16,158,163,175,191,206,216,217,207,187,162,140,122,111,111,121,138,159,178,193,201,201,193,182,172
0112,2017/04/17,168,169,175,187,200,210,215,210,194,175,154,131,118,112,115,128,144,162,179,190,196,197,193,189
0112,2017/04/18,189,189,194,201,210,224,232,232,224,208,191,173,156,146,143,144,154,167,179,192,203,205,204,204
0112,2017/04/19,200,198,197,198,203,211,217,220,215,205,194,179,163,151,141,133,136,144,153,166,176,181,185,187
0112,2017/04/20,188,187,187,187,185,185,191,193,191,190,184,174,165,153,142,136,133,134,140,150,162,173,182,191
0112,2017/04/21,198,198,195,192,187,184,185,187,190,194,196,194,190,182,171,160,152,145,142,148,160,171,184,197
0112,2017/04/22,206,210,210,203,194,185,179,176,177,182,190,196,198,194,186,172,156,143,133,131,136,148,163,180
0112,2017/04/23,195,204,207,202,189,174,161,152,150,155,166,181,192,197,197,188,174,157,139,127,127,133,144,163
0112,2017/04/24,183,197,205,202,188,169,150,134,123,124,137,155,175,191,200,198,186,168,147,130,122,122,131,150
0112,2017/04/25,174,193,206,210,200,180,157,133,114,110,119,138,163,188,206,214,211,198,175,151,135,127,130,145
0112,2017/04/26,168,192,211,219,214,198,173,145,119,104,106,120,145,177,206,223,230,224,205,185,166,152,149,157
0112,2017/04/27,176,199,221,236,237,224,201,168,135,110,100,105,124,154,187,214,230,234,223,204,185,168,156,159
0112,2017/04/28,172,192,215,233,239,233,215,184,147,117,96,90,101,125,155,187,214,228,227,217,201,182,168,163
0112,2017/04/29,170,186,208,227,239,240,228,205,170,136,111,93,91,106,130,160,192,212,220,220,211,195,181,172
0112,2017/04/30,173,183,198,216,232,238,233,218,189,157,129,105,92,95,112,137,166,192,207,214,212,203,191,181
0112,2017/05/01,177,180,191,206,220,231,233,225,207,180,153,127,107,99,103,117,138,161,181,195,199,195,187,179
0112,2017/05/02,174,172,176,186,196,207,215,212,201,184,163,141,119,104,100,104,115,132,150,166,179,184,182,178
0112,2017/05/03,174,168,166,170,176,185,193,196,193,185,173,157,140,124,113,108,112,121,135,152,167,179,184,183
0112,2017/05/04,182,178,173,170,169,173,179,182,184,185,181,175,165,150,137,128,122,125,132,142,158,173,182,189
0112,2017/05/05,192,188,184,177,169,167,167,169,174,181,185,188,185,179,168,156,144,136,133,140,152,166,181,193
0112,2017/05/06,199,201,196,187,175,166,160,158,160,168,178,188,195,196,192,181,168,155,146,145,152,163,179,195
0112,2017/05/07,207,214,212,203,189,173,160,151,147,153,165,179,193,203,206,201,188,173,158,148,148,156,170,189
0112,2017/05/08,206,218,221,214,200,181,162,146,136,138,149,163,181,198,207,209,203,188,170,157,150,152,162,177
0112,2017/05/09,196,211,218,216,203,181,158,136,117,113,119,134,157,180,197,207,206,196,180,163,151,147,150,164
0112,2017/05/10,186,204,216,220,211,192,169,142,120,109,109,122,145,169,193,212,218,214,201,183,168,159,157,167
0112,2017/05/11,186,205,222,230,227,213,188,159,132,113,106,112,129,153,180,202,216,218,208,194,179,165,157,161
0112,2017/05/12,175,194,212,224,226,216,195,166,136,111,98,99,111,134,160,184,204,213,211,200,186,171,161,159
0112,2017/05/13,169,185,202,218,225,221,206,180,151,124,105,100,106,124,150,177,203,219,221,216,207,192,178,174
0112,2017/05/14,175,186,203,218,227,228,216,195,168,138,114,101,100,111,132,157,181,200,210,211,204,190,179,171
0112,2017/05/15,169,176,190,203,216,222,217,203,179,152,128,110,103,108,123,144,166,187,202,208,205,199,189,180
0112,2017/05/16,176,178,186,199,211,220,222,212,193,169,145,126,114,111,118,133,154,174,190,201,205,202,195,186
0112,2017/05/17,180,179,182,190,201,210,214,212,200,182,162,142,127,119,119,128,144,161,177,191,200,202,200,193
0112,2017/05/18,186,182,180,182,187,195,202,203,198,186,170,155,140,127,121,124,132,145,160,174,186,195,197,194
0112,2017/05/19,188,182,178,174,175,181,185,191,192,186,178,167,154,142,132,127,129,135,147,161,175,188,196,196
0112,2017/05/20,195,191,183,176,171,169,172,178,184,185,184,182,174,163,152,143,137,137,142,151,166,181,192,199
0112,2017/05/21,202,199,192,181,168,160,158,159,165,173,180,186,187,181,172,161,150,144,142,145,156,172,186,199
0112,2017/05/22,207,208,204,190,174,160,148,144,147,156,170,185,195,200,198,188,176,162,152,150,156,168,183,198
0112,2017/05/23,213,221,218,206,188,165,145,133,128,134,150,170,190,204,209,207,197,182,168,157,155,163,177,194
0112,2017/05/24,213,225,228,221,202,176,150,127,113,112,125,147,173,197,213,219,215,203,186,171,162,162,171,188
0112,2017/05/25,207,226,235,231,216,191,160,129,106,95,99,117,146,177,203,221,227,221,206,189,175,168,170,181
0112,2017/05/26,201,221,236,240,232,211,181,145,112,90,83,93,118,147,179,209,223,227,221,205,190,180,173,178
0112,2017/05/27,194,212,231,243,241,229,204,167,130,99,79,77,91,116,149,181,206,220,221,213,199,185,175,174
0112,2017/05/28,182,198,217,232,238,234,217,188,152,116,89,75,77,94,120,150,181,203,212,212,204,191,180,173
0112,2017/05/29,174,186,202,218,231,234,226,207,177,143,112,90,82,87,105,132,161,188,206,212,210,200,189,180
0112,2017/05/30,177,181,192,206,220,230,229,219,200,173,145,121,103,97,106,123,147,173,195,208,214,211,201,191
0112,2017/05/31,184,181,186,196,207,219,226,224,213,195,172,150,131,118,117,125,142,163,184,202,214,217,211,203
0112,2017/06/01,194,187,185,187,195,204,213,220,217,208,195,178,161,147,136,136,145,159,176,195,211,221,223,216
0112,2017/06/02,209,201,193,189,190,195,204,211,214,215,211,203,191,177,165,157,155,161,172,187,204,217,222,221
0112,2017/06/03,216,206,195,186,180,178,179,184,191,196,200,201,197,187,177,168,159,158,163,173,187,204,215,218
0112,2017/06/04,218,211,200,186,173,164,161,163,167,176,185,194,198,197,191,181,170,164,161,164,175,189,201,212
0112,2017/06/05,215,213,204,188,171,156,143,138,140,147,161,176,187,195,196,191,184,174,163,160,164,176,190,203
0112,2017/06/06,212,215,209,196,177,156,139,126,121,126,138,157,176,190,199,201,194,184,173,164,163,170,182,197
0112,2017/06/07,212,220,220,210,192,171,147,127,117,115,124,144,166,188,205,212,213,205,191,180,173,174,184,197
0112,2017/06/08,212,227,232,227,213,191,165,140,120,112,117,133,156,181,203,219,225,219,207,194,182,178,181,190
0112,2017/06/09,207,223,233,235,226,206,179,150,126,111,107,118,138,163,189,210,222,223,215,201,189,180,177,183
0112,2017/06/10,199,215,229,237,234,218,195,166,136,115,107,113,129,152,176,200,219,227,222,211,197,186,179,180
0112,2017/06/11,190,208,224,234,237,228,208,180,149,123,106,103,114,133,159,186,208,222,225,217,205,194,183,178
0112,2017/06/12,185,199,214,228,236,232,219,195,164,135,113,102,105,120,142,168,191,209,219,216,206,194,183,175
0112,2017/06/13,175,184,198,212,223,227,219,199,174,146,121,106,102,110,128,150,175,198,211,215,211,201,189,179
0112,2017/06/14,175,180,189,202,216,224,222,211,190,164,140,121,111,112,123,142,165,187,203,212,212,208,198,185
0112,2017/06/15,179,178,182,193,206,216,220,216,202,181,158,138,124,118,122,135,154,174,194,207,213,213,206,195
0112,2017/06/16,187,183,179,184,195,205,213,215,208,195,179,159,143,133,130,136,150,167,184,199,210,215,212,202
0112,2017/06/17,193,184,176,174,177,185,194,201,201,196,186,173,158,145,138,137,142,154,168,184,199,208,210,205
0112,2017/06/18,197,187,176,167,164,168,174,182,189,190,190,185,175,164,154,147,147,153,163,177,193,206,213,213
0112,2017/06/19,208,200,186,170,161,156,156,164,175,183,193,197,196,191,181,173,168,165,169,178,191,206,216,221
0112,2017/06/20,222,214,199,182,162,147,140,140,147,160,174,188,197,198,195,188,178,170,167,169,179,194,208,218
0112,2017/06/21,224,223,212,193,170,148,131,123,125,134,153,175,194,208,216,214,207,198,189,185,189,199,212,226
0112,2017/06/22,239,242,235,218,193,165,137,116,108,111,126,151,177,199,215,221,217,208,196,186,182,186,197,212
0112,2017/06/23,227,239,241,232,212,184,151,121,101,94,101,122,151,182,207,223,228,224,213,200,191,187,192,204
0112,2017/06/24,221,238,248,246,234,210,176,140,109,90,85,98,122,155,188,214,229,232,225,213,200,191,188,194
0112,2017/06/25,210,229,245,253,249,234,206,170,134,105,90,90,106,134,167,199,223,235,235,226,214,202,192,191
0112,2017/06/26,201,219,236,251,257,248,229,200,162,127,103,91,95,113,141,173,201,221,229,224,213,200,187,179
0112,2017/06/27,183,195,212,229,243,245,235,214,184,149,119,99,92,101,122,150,180,204,218,220,215,204,189,178
0112,2017/06/28,175,180,193,210,226,237,235,225,204,175,146,123,108,107,119,139,165,192,211,219,219,210,197,184
0112,2017/06/29,175,173,179,191,206,220,228,224,211,193,170,147,129,119,121,134,155,178,200,214,219,216,205,191
0112,2017/06/30,180,172,170,175,186,199,211,216,213,204,189,172,157,144,140,145,158,176,197,213,223,225,219,207
0112,2017/07/01,194,182,173,171,176,184,195,203,207,206,199,189,178,166,159,156,162,176,191,207,221,227,225,218
0112,2017/07/02,206,193,181,169,165,169,176,182,190,195,196,195,189,181,174,167,167,174,183,196,211,221,225,223
0112,2017/07/03,214,203,189,174,164,158,159,165,173,180,189,195,197,196,192,187,182,182,187,195,207,220,229,232
0112,2017/07/04,229,221,207,190,173,160,153,152,157,166,177,190,199,204,204,201,194,189,186,191,201,212,222,230
0112,2017/07/05,233,229,219,203,183,164,150,141,141,148,160,176,191,202,209,209,202,195,188,184,187,196,207,217
0112,2017/07/06,226,228,221,207,187,165,145,129,122,125,136,153,175,194,206,213,212,203,194,187,184,189,198,209
0112,2017/07/07,222,230,228,219,202,179,155,133,118,115,122,138,161,184,201,214,218,213,203,193,186,184,190,202
0112,2017/07/08,216,228,235,231,218,195,168,143,122,110,112,125,145,172,197,214,223,223,214,202,191,185,185,193
0112,2017/07/09,209,225,235,236,228,211,186,157,132,113,106,115,132,158,185,208,224,229,223,213,201,191,186,191
0112,2017/07/10,203,219,234,243,242,231,208,179,149,124,111,111,124,147,174,200,220,231,231,221,208,196,187,184
0112,2017/07/11,192,208,224,237,242,236,218,191,161,134,114,107,114,131,157,186,210,226,230,225,215,201,188,180
0112,2017/07/12,184,197,213,229,241,242,232,211,183,153,130,117,115,126,149,175,200,221,232,231,222,211,196,184
0112,2017/07/13,182,188,201,218,233,241,238,223,198,173,148,129,123,127,140,164,190,211,227,232,227,217,202,187
0112,2017/07/14,179,179,188,201,216,229,233,226,210,186,163,144,129,127,135,152,175,197,215,225,225,218,206,190
0112,2017/07/15,177,172,172,180,194,210,219,221,213,197,179,159,143,137,139,149,167,186,204,219,225,222,213,197
0112,2017/07/16,183,171,164,167,176,189,204,211,212,207,195,180,167,156,152,157,169,186,202,217,228,229,224,212
0112,2017/07/17,196,181,170,162,163,172,182,194,202,203,200,193,182,173,166,164,168,178,191,207,220,227,227,220
0112,2017/07/18,208,194,176,161,154,154,161,172,183,192,200,202,198,194,188,182,181,185,191,202,216,227,231,230
0112,2017/07/19,222,209,191,171,153,142,140,144,155,169,184,194,202,205,202,197,193,189,189,197,207,219,228,230
0112,2017/07/20,230,223,205,183,160,139,126,122,126,139,157,176,193,206,211,211,205,198,194,192,198,209,219,228
0112,2017/07/21,235,234,224,204,178,152,128,111,107,114,130,153,178,199,215,221,218,212,202,194,9999,9999,9999,9999
0112,2017/07/22,9999,9999,9999,9999,9999,9999,9999,9999,9999,9999,9999,9999,9999,9999,9999,9999,9999,9999,9999,9999,9999,9999,9999,9999
0112,2017/07/23,9999,9999,9999,9999,9999,9999,9999,9999,9999,9999,9999,9999,9999,9999,9999,9999,9999,9999,9999,9999,9999,9999,9999,9999
0112,2017/07/24,9999,9999,9999,9999,9999,9999,9999,9999,9999,9999,9999,9999,9999,9999,185,215,235,243,241,228,213,201,192,194
0112,2017/07/25,207,225,243,258,263,255,235,204,167,134,112,103,111,134,162,194,221,235,238,230,214,199,186,180
0112,2017/07/26,187,202,221,240,253,254,244,222,190,157,130,113,111,126,149,178,208,227,234,230,218,201,183,171
0112,2017/07/27,169,178,194,212,229,240,239,226,203,174,146,125,116,120,138,163,190,213,227,230,222,207,188,171
0112,2017/07/28,163,165,176,190,208,225,232,228,215,194,170,149,136,132,141,159,183,207,225,232,229,217,199,182
0112,2017/07/29,169,162,165,174,189,206,217,221,216,202,186,170,154,147,150,160,178,200,217,229,231,226,210,192
0112,2017/07/30,177,166,159,163,172,185,199,206,207,205,196,182,172,164,162,167,178,194,211,224,231,232,221,205
0112,2017/07/31,192,178,167,162,164,171,182,191,198,201,198,193,187,181,177,178,184,194,206,219,229,232,228,217
0112,2017/08/01,203,190,176,163,158,159,165,173,182,190,197,198,196,194,193,190,190,195,202,212,223,230,230,226
0112,2017/08/02,216,203,190,174,162,156,153,156,164,173,183,192,197,201,202,198,195,195,194,198,209,217,222,224
0112,2017/08/03,220,211,199,182,165,153,143,139,144,153,165,181,193,201,207,207,202,197,194,194,197,205,215,221
0112,2017/08/04,223,221,211,197,178,158,143,132,129,135,147,164,182,199,209,213,211,205,198,193,191,197,207,216
0112,2017/08/05,225,229,225,214,196,174,153,134,123,124,134,150,173,195,211,221,222,215,206,197,191,191,197,208
0112,2017/08/06,222,232,235,228,213,191,166,142,125,118,123,138,160,186,209,224,230,227,217,205,194,189,192,201
0112,2017/08/07,216,233,242,241,231,213,187,158,133,119,117,127,148,175,202,224,236,236,227,214,201,192,189,196
0112,2017/08/08,212,229,246,256,252,238,216,188,159,139,129,133,149,174,203,229,245,249,243,231,216,201,192,193
0112,2017/08/09,204,223,242,255,259,252,233,205,173,146,131,127,136,157,186,212,235,247,245,234,218,201,187,182
0112,2017/08/10,189,205,225,244,255,256,244,220,190,160,139,129,130,145,171,198,224,240,244,238,224,203,186,176
0112,2017/08/11,174,186,204,223,242,250,245,230,204,176,152,133,129,139,158,183,209,228,237,236,224,205,185,169
0112,2017/08/12,162,166,180,199,220,236,241,235,216,191,169,150,140,143,156,177,202,222,235,239,232,215,195,175
0112,2017/08/13,161,157,163,177,196,214,226,228,218,201,183,165,152,149,156,172,192,212,226,235,234,221,203,183
0112,2017/08/14,165,155,153,158,174,192,207,216,217,209,197,184,172,164,166,175,188,205,221,232,236,230,216,197
0112,2017/08/15,178,163,153,150,155,168,185,198,206,209,205,199,190,183,181,185,192,204,217,228,236,236,227,213
0112,2017/08/16,195,176,160,148,143,148,159,171,184,195,200,200,199,195,192,191,194,199,207,219,229,233,231,223
0112,2017/08/17,211,195,176,157,144,136,137,146,157,171,185,195,201,204,204,201,199,199,202,208,217,224,228,228
0112,2017/08/18,223,212,195,174,153,137,127,125,132,145,164,182,197,208,214,213,210,206,200,201,207,214,222,229
0112,2017/08/19,231,228,218,198,174,150,128,116,114,121,139,162,184,203,216,220,219,211,201,195,195,199,207,220
0112,2017/08/20,231,236,234,222,200,173,145,122,106,105,117,137,164,191,211,224,226,217,204,193,186,184,190,203
0112,2017/08/21,219,234,242,239,225,201,170,138,114,102,104,120,146,175,201,221,229,225,212,197,183,174,175,186
0112,2017/08/22,203,223,240,247,242,227,199,165,134,111,104,111,132,160,191,217,232,232,221,203,186,172,165,169
0112,2017/08/23,185,206,229,245,250,243,224,194,161,133,116,116,129,153,184,214,233,239,233,217,197,177,162,160
0112,2017/08/24,170,188,212,234,248,250,240,217,187,158,137,127,132,151,179,209,232,243,243,232,211,190,171,160
0112,2017/08/25,163,177,198,221,240,250,248,233,209,181,156,141,138,149,171,198,223,239,242,235,218,194,173,158
0112,2017/08/26,151,157,173,194,215,231,237,231,217,197,175,159,151,154,169,193,214,232,242,239,225,205,182,163
0112,2017/08/27,151,148,158,173,190,209,221,221,215,201,184,169,159,157,166,183,202,221,234,236,229,213,192,172
0112,2017/08/28,156,147,150,160,174,191,205,212,211,204,194,184,174,171,175,185,200,216,228,236,234,222,206,188
0112,2017/08/29,172,161,156,158,166,178,192,203,207,207,203,196,191,186,185,191,200,211,223,231,233,229,216,202
0112,2017/08/30,186,171,162,157,157,164,174,182,191,197,200,200,198,196,196,198,201,208,215,224,229,228,223,213
0112,2017/08/31,200,186,173,161,153,153,157,166,177,186,195,202,204,206,208,207,207,208,210,216,223,225,227,223
0112,2017/09/01,214,205,194,179,167,158,155,156,161,172,185,196,206,213,216,216,213,207,205,205,210,216,219,222
0112,2017/09/02,224,217,206,192,174,161,151,144,146,156,169,186,202,213,221,225,221,215,208,204,207,212,218,229
0112,2017/09/03,235,235,230,216,198,179,161,148,142,146,159,176,194,213,226,230,227,217,204,193,188,188,195,207
0112,2017/09/04,218,225,226,217,200,180,157,136,123,121,130,148,171,194,213,224,224,215,200,187,177,172,177,190
0112,2017/09/05,206,221,231,228,215,196,170,144,125,116,119,133,157,183,206,222,227,220,206,190,174,165,166,176
0112,2017/09/06,194,217,234,240,235,219,196,167,140,124,120,129,150,177,205,228,239,237,223,204,186,168,161,168
0112,2017/09/07,184,208,231,245,249,240,219,191,161,137,127,130,145,170,199,225,241,244,236,217,195,173,159,158
0112,2017/09/08,169,192,219,239,252,252,237,214,185,158,142,136,143,163,190,217,237,245,240,222,198,173,153,143
0112,2017/09/09,148,164,189,216,235,244,240,222,198,172,150,140,141,153,178,205,226,239,239,227,206,179,155,139
0112,2017/09/10,134,142,163,188,213,230,236,228,209,187,166,151,147,155,171,195,218,233,238,232,213,188,163,140
0112,2017/09/11,128,128,140,162,186,208,223,224,214,199,182,167,160,161,172,192,213,230,240,239,228,208,185,163
0112,2017/09/12,146,137,141,155,176,199,216,224,226,218,208,198,188,186,191,202,218,232,242,247,241,226,207,183
0112,2017/09/13,161,147,139,141,152,167,186,202,208,210,206,200,195,192,192,199,208,218,228,235,235,229,215,198
0112,2017/09/14,179,161,147,139,138,147,161,175,188,197,202,204,204,201,199,200,204,210,215,223,229,226,221,212
0112,2017/09/15,198,181,165,148,138,138,141,151,164,177,190,199,203,207,207,207,206,205,206,211,216,219,222,220
0112,2017/09/16,213,202,186,166,147,135,128,129,137,151,169,186,200,209,212,210,206,199,193,193,197,202,210,217
0112,2017/09/17,219,217,208,191,170,148,132,124,123,134,152,173,194,210,219,221,215,205,195,193,195,200,212,232
0112,2017/09/18,250,256,254,246,230,211,184,152,134,134,145,164,187,206,219,225,221,208,194,180,173,173,180,197
0112,2017/09/19,216,231,240,238,223,201,173,145,125,118,124,142,168,195,216,229,230,217,197,178,163,154,157,171
0112,2017/09/20,191,213,232,239,236,220,195,167,142,127,126,139,162,190,219,238,243,236,216,192,172,156,151,159
0112,2017/09/21,176,200,226,241,247,242,221,193,166,143,133,139,155,181,208,230,242,238,221,197,171,148,137,138
0112,2017/09/22,152,175,201,224,236,237,227,205,177,154,138,134,146,167,194,221,237,238,227,206,180,154,135,129
0112,2017/09/23,136,155,182,208,227,236,232,216,193,171,153,145,149,165,189,215,234,241,235,219,194,166,142,130
0112,2017/09/24,129,141,163,187,209,225,229,222,206,187,169,158,157,166,184,208,228,238,238,227,205,179,155,137
0112,2017/09/25,128,134,149,169,191,209,220,221,211,198,183,171,166,169,182,201,221,232,236,231,9999,9999,9999,9999
0112,2017/09/26,9999,9999,9999,9999,9999,9999,9999,9999,9999,9999,9999,9999,9999,9999,186,200,216,227,234,233,221,203,183,163
0112,2017/09/27,147,140,141,150,164,179,195,206,209,208,203,197,193,190,193,202,211,221,230,231,225,215,198,180
0112,2017/09/28,167,156,150,153,160,172,184,195,205,210,210,212,209,204,203,206,213,224,230,233,233,226,215,202
0112,2017/09/29,187,174,164,158,157,161,168,177,187,195,201,205,207,207,207,208,207,207,208,210,212,212,205,197
0112,2017/09/30,189,178,167,157,149,146,148,152,162,174,184,195,202,203,205,203,198,193,189,190,195,197,199,200
0112,2017/10/01,196,189,179,165,153,143,135,136,142,152,168,182,194,204,208,207,201,191,184,180,180,186,194,199
0112,2017/10/02,204,204,197,185,170,153,140,134,134,144,160,179,198,211,219,221,214,201,188,179,176,178,188,204
0112,2017/10/03,216,222,222,212,196,178,159,144,140,143,156,177,199,216,229,233,224,209,191,175,164,162,171,186
0112,2017/10/04,203,220,227,224,213,193,169,148,134,130,140,159,182,204,220,229,227,212,190,168,151,144,149,164
0112,2017/10/05,187,210,226,231,225,207,183,157,136,125,128,143,166,192,215,230,230,218,196,170,146,132,129,139
0112,2017/10/06,162,191,215,229,232,223,201,174,150,133,128,136,155,179,206,225,231,224,205,178,149,127,118,122
0112,2017/10/07,140,171,200,222,236,236,220,198,173,152,142,143,156,178,204,227,239,236,219,193,162,134,114,109
0112,2017/10/08,120,144,175,204,226,236,231,214,192,170,154,149,156,172,196,222,237,239,228,206,175,143,118,103
0112,2017/10/09,104,121,147,177,206,224,229,223,207,188,173,164,165,176,196,217,234,243,238,223,199,168,139,117
0112,2017/10/10,108,116,133,158,187,210,224,228,220,206,194,182,178,185,197,214,233,242,244,237,217,190,163,138
0112,2017/10/11,122,119,125,141,165,188,208,220,221,216,207,198,191,191,199,212,225,237,243,240,229,212,189,166
0112,2017/10/12,147,133,128,134,148,166,185,201,210,211,209,206,201,198,200,206,213,221,228,230,226,215,200,181
0112,2017/10/13,161,145,133,127,132,143,155,172,187,195,201,203,201,200,197,197,201,203,207,213,212,210,204,193
0112,2017/10/14,181,166,150,138,130,131,137,148,164,177,188,199,201,201,201,198,194,192,192,195,199,203,204,202
0112,2017/10/15,197,188,174,157,142,132,129,133,144,158,174,189,199,202,201,197,188,178,172,167,170,178,185,192
0112,2017/10/16,197,196,189,173,155,141,128,122,129,141,158,179,194,203,209,205,193,178,164,157,156,160,173,187
0112,2017/10/17,199,210,211,199,184,165,143,132,129,133,150,173,193,210,219,217,206,188,166,151,142,143,154,170
0112,2017/10/18,189,207,214,212,202,182,159,140,130,129,141,162,186,205,219,222,212,192,169,146,129,124,131,147
0112,2017/10/19,170,195,215,221,217,205,182,160,143,133,137,154,176,201,222,229,224,208,181,155,132,119,119,131
0112,2017/10/20,154,182,206,224,229,221,204,183,161,148,145,155,175,198,221,237,237,224,200,169,140,120,112,118
0112,2017/10/21,136,165,193,215,229,230,218,199,178,160,152,154,168,190,213,232,239,229,209,182,151,126,112,110
0112,2017/10/22,123,147,174,201,223,231,226,214,195,177,167,165,172,191,214,234,247,246,231,209,181,155,138,130
0112,2017/10/23,137,161,193,231,264,277,283,280,260,238,216,205,213,218,228,250,259,258,250,221,193,170,141,127
0112,2017/10/24,128,133,152,177,196,216,226,221,213,199,183,176,173,177,194,210,222,230,226,212,191,163,139,121
0112,2017/10/25,110,115,129,147,170,191,203,209,207,197,185,178,173,175,186,200,213,221,222,215,198,177,155,134
0112,2017/10/26,123,122,127,139,158,176,191,203,207,203,196,190,185,184,190,199,208,215,220,215,204,189,170,150
0112,2017/10/27,136,129,127,133,147,161,174,189,198,199,198,195,190,187,189,194,198,204,209,209,9999,9999,9999,9999
0112,2017/10/28,9999,9999,9999,9999,9999,9999,9999,9999,9999,9999,9999,9999,9999,9999,9999,9999,9999,9999,9999,9999,9999,9999,9999,9999
0112,2017/10/29,9999,9999,9999,9999,9999,9999,9999,9999,9999,9999,9999,9999,9999,9999,9999,9999,9999,9999,9999,9999,9999,9999,9999,9999
0112,2017/10/30,9999,9999,9999,9999,9999,9999,9999,9999,9999,9999,9999,9999,9999,9999,209,199,190,182,176,178,181,186,196,200
0112,2017/10/31,203,203,193,181,169,157,150,150,155,167,183,199,209,215,216,210,194,177,165,157,157,167,178,190
0112,2017/11/01,202,207,204,194,180,164,149,143,145,152,169,190,207,220,227,220,204,185,165,149,143,150,162,180
0112,2017/11/02,199,213,218,215,201,182,163,149,143,146,159,180,200,217,228,226,212,190,164,141,127,127,138,157
0112,2017/11/03,183,208,222,227,220,202,182,165,152,148,158,177,198,221,238,242,231,208,179,149,126,117,121,137
0112,2017/11/04,166,196,221,236,238,227,207,186,167,155,158,173,190,212,233,243,239,219,189,155,123,102,96,105
0112,2017/11/05,129,163,194,219,233,230,215,197,176,159,155,160,174,196,218,232,235,222,196,162,126,98,82,80
0112,2017/11/06,96,126,158,190,215,223,219,209,190,171,163,162,170,190,212,229,238,233,213,183,148,114,89,77
0112,2017/11/07,82,102,131,163,193,212,218,214,201,184,173,168,170,183,204,221,234,238,226,204,174,140,110,91
0112,2017/11/08,85,93,114,143,173,197,213,219,214,203,193,185,183,190,205,221,235,243,239,225,203,175,144,117
0112,2017/11/09,102,99,106,125,147,173,195,207,210,204,195,189,183,182,191,201,212,225,228,221,208,187,162,139
0112,2017/11/10,119,108,105,113,131,151,172,191,200,203,202,197,191,189,190,197,207,215,221,222,217,207,191,173
0112,2017/11/11,158,144,136,137,142,155,175,190,202,211,212,208,201,197,198,197,197,201,206,208,211,208,199,189
0112,2017/11/12,177,160,148,137,132,136,146,159,175,187,195,200,198,195,191,183,179,178,177,181,187,191,192,191
0112,2017/11/13,186,177,166,152,142,139,140,149,163,179,194,203,206,207,203,192,182,172,165,165,170,179,187,194
0112,2017/11/14,200,199,191,180,167,155,151,154,163,178,196,211,219,221,218,206,190,175,163,155,156,165,177,191
0112,2017/11/15,202,209,210,201,187,9999,9999,9999,9999,9999,9999,9999,9999,9999,9999,9999,9999,176,155,140,135,139,150,170
0112,2017/11/16,191,207,216,215,204,192,175,160,155,160,172,191,208,220,226,220,203,180,155,132,119,118,126,145
0112,2017/11/17,169,191,208,216,214,202,185,169,159,156,163,180,199,216,228,227,214,191,162,135,116,108,112,127
0112,2017/11/18,151,180,204,220,226,221,206,189,176,167,170,185,201,222,239,241,234,214,184,155,126,109,105,111
0112,2017/11/19,135,166,193,213,224,221,212,199,181,167,165,171,187,206,223,234,231,213,188,156,125,103,92,97
0112,2017/11/20,114,140,168,194,212,219,215,203,187,173,165,165,176,194,211,227,232,221,202,176,145,120,103,98
0112,2017/11/21,108,126,145,168,193,209,211,205,192,177,166,162,166,179,197,214,223,219,204,180,151,122,99,88
0112,2017/11/22,91,104,129,155,177,197,207,204,197,187,175,169,170,180,196,211,222,224,215,198,173,144,121,105
0112,2017/11/23,101,109,128,151,177,199,213,219,216,209,200,192,190,194,203,218,229,234,230,217,196,168,142,126
0112,2017/11/24,116,116,127,145,166,187,203,211,212,206,198,187,179,180,187,197,208,216,217,210,195,175,154,134
0112,2017/11/25,119,114,117,127,143,161,178,190,196,196,190,184,178,175,176,181,187,194,197,195,188,176,159,141
0112,2017/11/26,125,116,114,118,128,144,160,175,185,190,189,186,181,175,170,169,172,178,183,184,183,178,168,153
0112,2017/11/27,139,128,120,117,121,130,141,155,169,180,186,186,183,178,172,166,162,161,163,165,168,169,167,162
0112,2017/11/28,153,143,136,130,125,129,136,147,162,173,183,191,190,186,180,169,159,151,147,150,155,162,169,172
0112,2017/11/29,169,167,159,148,141,138,140,149,161,175,191,201,205,204,195,182,166,150,141,136,140,150,160,172
0112,2017/11/30,180,182,180,171,157,149,145,144,151,164,180,196,207,211,207,194,175,154,135,125,124,132,149,169
0112,2017/12/01,185,197,203,197,185,172,159,152,153,163,180,197,211,220,218,209,187,157,130,110,101,105,120,142
0112,2017/12/02,166,188,202,205,197,184,169,156,151,154,166,182,200,215,220,214,197,167,133,105,85,78,87,107
0112,2017/12/03,136,167,192,206,207,199,186,170,158,155,161,175,195,214,226,228,214,188,154,117,88,72,69,85
0112,2017/12/04,112,144,180,205,214,217,209,193,179,169,168,178,195,216,234,242,238,221,189,151,116,90,77,81
0112,2017/12/05,102,133,169,202,223,234,233,221,206,193,186,188,200,217,236,251,254,242,217,182,142,107,83,74
0112,2017/12/06,82,105,135,170,198,216,224,220,208,195,183,178,184,195,212,230,239,236,222,195,163,128,95,76
0112,2017/12/07,72,82,107,136,166,193,206,210,207,195,184,177,175,182,197,213,228,234,228,215,190,159,130,104
0112,2017/12/08,90,91,104,126,154,183,204,215,216,209,200,190,183,183,191,204,218,229,232,226,210,188,163,138
0112,2017/12/09,118,109,111,123,144,167,189,207,214,213,207,195,185,180,177,183,194,201,208,210,202,190,174,153
0112,2017/12/10,134,121,116,118,130,148,168,187,200,205,203,196,188,179,173,173,178,183,190,198,201,197,191,181
0112,2017/12/11,167,156,147,141,146,157,172,191,206,215,221,217,208,199,189,180,177,177,180,186,192,196,196,194
0112,2017/12/12,189,180,169,160,156,161,169,181,198,210,217,219,214,203,192,178,166,157,153,156,162,168,175,182
0112,2017/12/13,184,182,177,170,162,157,159,168,180,194,207,213,213,208,198,183,164,148,138,134,137,145,158,172
0112,2017/12/14,181,187,190,183,174,168,163,163,172,184,196,208,215,215,208,194,173,151,133,121,119,126,139,156
0112,2017/12/15,173,186,195,195,188,179,170,164,166,176,189,204,215,220,219,208,188,164,139,121,112,113,125,144
0112,2017/12/16,165,187,204,210,207,201,191,181,177,179,188,202,215,228,232,227,211,187,160,137,120,113,121,139
0112,2017/12/17,160,185,206,215,215,210,200,190,179,176,183,194,209,224,232,231,219,196,167,138,114,101,100,111
0112,2017/12/18,132,158,185,204,213,214,206,193,181,174,173,181,194,210,224,230,225,206,178,147,120,100,91,96
0112,2017/12/19,113,139,169,192,209,217,215,206,194,185,182,185,195,209,222,231,228,211,189,162,130,105,91,87
0112,2017/12/20,100,123,150,177,197,209,211,202,190,179,171,169,176,191,208,221,226,220,199,172,143,113,93,85
0112,2017/12/21,88,106,134,160,183,202,208,205,195,183,172,166,168,180,196,212,221,220,208,186,158,128,104,90
0112,2017/12/22,87,98,119,143,167,188,200,202,195,184,173,164,162,169,182,199,212,218,212,196,172,146,122,105
0112,2017/12/23,98,101,115,136,159,181,197,204,202,194,183,173,167,167,175,189,202,210,210,201,185,163,139,120
0112,2017/12/24,107,104,113,129,149,171,189,200,204,199,190,180,173,171,173,181,193,204,211,211,202,188,171,151
0112,2017/12/25,137,133,136,148,166,185,204,218,222,218,210,202,191,179,172,176,183,190,199,200,196,188,174,159
0112,2017/12/26,147,137,134,138,146,162,180,196,211,218,216,207,196,185,177,175,175,174,178,190,195,191,187,178
0112,2017/12/27,165,157,150,147,150,158,173,191,203,212,215,207,196,188,175,163,159,156,158,165,173,181,186,184
0112,2017/12/28,178,171,163,158,155,157,165,176,189,202,210,209,204,196,181,164,150,138,134,138,146,158,170,179
0112,2017/12/29,184,184,180,172,166,164,165,171,181,195,207,212,215,211,198,181,162,142,128,122,124,133,149,167
0112,2017/12/30,180,189,193,187,179,173,167,168,175,186,201,211,215,215,206,188,166,138,113,100,96,102,119,140
0112,2017/12/31,163,185,198,199,195,188,178,172,172,179,192,206,218,225,224,212,191,160,128,104,89,87,98,121
