0112,2016/01/01,136,133,135,141,158,179,198,211,217,216,207,192,177,168,162,162,170,178,185,191,192,187,178,165
0112,2016/01/02,152,143,141,144,155,173,190,205,215,217,213,203,189,177,169,165,165,169,175,183,189,190,188,181
0112,2016/01/03,174,168,163,162,168,178,190,206,218,224,224,217,204,193,184,173,167,167,167,170,178,184,187,187
0112,2016/01/04,185,182,179,174,174,178,187,199,210,219,225,223,216,207,197,186,172,162,156,153,155,165,175,183
0112,2016/01/05,190,193,192,189,183,184,188,190,198,211,219,222,219,211,200,186,169,153,144,138,138,145,158,173
0112,2016/01/06,185,195,200,198,192,189,186,186,194,203,212,221,224,222,215,202,182,162,145,132,128,135,147,162
0112,2016/01/07,183,200,209,213,212,206,199,194,193,199,208,217,226,229,225,214,193,168,144,125,117,119,126,144
0112,2016/01/08,168,190,207,217,217,214,205,194,190,193,199,212,226,236,239,235,217,191,162,135,117,111,115,130
0112,2016/01/09,153,178,202,218,223,222,213,201,191,187,190,200,214,228,237,238,226,203,173,141,115,101,97,106
0112,2016/01/10,128,158,187,210,223,227,220,206,192,184,182,188,202,220,235,244,239,222,194,160,127,104,93,93
0112,2016/01/11,110,139,169,195,215,224,224,214,199,187,178,176,188,206,224,241,245,235,213,183,150,121,99,92
0112,2016/01/12,100,120,151,181,205,224,230,221,207,193,179,173,176,191,213,230,242,243,229,204,174,143,117,101
0112,2016/01/13,101,116,139,167,197,219,229,228,217,201,185,171,169,179,195,217,236,244,241,225,197,167,137,116
0112,2016/01/14,108,114,132,156,180,203,221,227,220,208,192,173,163,164,174,190,210,224,229,224,208,186,161,135
0112,2016/01/15,122,120,129,148,171,194,215,225,224,217,200,180,167,159,160,171,186,201,212,214,208,196,176,155
0112,2016/01/16,140,133,136,148,164,186,208,219,224,221,209,193,176,160,153,155,162,175,189,196,200,198,186,172
0112,2016/01/17,160,150,149,153,163,180,198,212,221,223,217,203,185,170,157,148,149,154,162,174,184,188,189,184
0112,2016/01/18,178,173,168,167,173,184,202,218,232,247,252,246,236,221,205,194,182,174,179,185,191,208,220,224
0112,2016/01/19,228,227,221,218,215,217,225,234,244,254,257,253,244,229,213,194,174,160,153,152,159,172,184,197
0112,2016/01/20,206,212,216,215,211,210,211,215,222,231,240,244,242,234,220,200,177,154,137,128,129,138,152,170
0112,2016/01/21,189,203,210,212,209,203,200,198,198,206,218,227,233,235,229,215,192,166,141,121,114,118,130,149
0112,2016/01/22,172,195,211,219,218,212,204,195,192,195,204,215,226,233,235,226,208,181,150,123,103,97,104,120
0112,2016/01/23,145,174,198,212,219,215,206,197,186,184,191,201,217,232,242,244,235,212,182,150,124,109,106,116
0112,2016/01/24,140,170,199,222,234,236,231,219,206,196,193,201,214,232,252,261,256,242,214,179,150,126,112,114
0112,2016/01/25,130,154,184,209,226,234,229,215,198,182,175,176,185,201,221,236,243,237,215,186,154,124,104,97
0112,2016/01/26,106,127,157,185,208,220,220,209,193,176,164,161,166,181,203,224,236,237,225,203,173,143,119,105
0112,2016/01/27,107,123,149,176,202,220,226,218,203,185,169,158,157,166,184,205,220,227,223,207,184,157,131,112
0112,2016/01/28,107,116,136,161,186,209,220,217,207,189,170,158,151,153,168,187,203,215,219,211,194,172,148,128
0112,2016/01/29,119,122,135,155,179,202,218,221,213,197,182,165,152,151,158,171,190,204,210,210,201,186,167,148
0112,2016/01/30,136,135,142,157,178,200,217,225,222,212,196,178,164,156,155,164,177,189,198,203,201,192,178,164
0112,2016/01/31,153,148,150,158,175,193,208,220,221,213,200,185,169,157,152,152,158,168,178,185,189,188,180,171
0112,2016/02/01,162,155,155,158,167,183,198,210,216,214,206,193,178,165,156,150,151,155,160,169,175,179,182,178
0112,2016/02/02,172,171,170,170,175,182,193,206,215,216,214,205,192,179,168,158,151,148,150,153,159,169,175,177
0112,2016/02/03,180,181,179,178,176,178,187,194,200,208,210,205,198,186,172,159,146,136,131,131,136,148,159,168
0112,2016/02/04,177,184,186,186,184,183,184,188,194,202,209,211,209,202,193,179,163,148,135,127,127,137,150,164
0112,2016/02/05,179,193,200,201,199,195,190,189,190,196,206,214,216,216,210,197,179,158,135,121,116,119,131,149
0112,2016/02/06,170,190,207,213,212,208,199,190,189,192,199,211,222,228,228,220,202,177,149,125,111,108,116,133
0112,2016/02/07,156,183,204,216,221,218,206,192,182,180,186,198,212,226,234,232,219,194,162,132,110,98,98,109
0112,2016/02/08,132,162,189,207,216,216,207,191,177,167,167,176,193,212,229,237,232,215,186,152,123,103,93,99
0112,2016/02/09,120,150,182,207,224,231,224,208,192,176,170,177,190,209,233,249,252,241,215,181,148,121,103,98
0112,2016/02/10,110,135,165,193,215,228,227,211,189,168,153,148,154,169,193,216,230,232,218,192,160,128,103,91
0112,2016/02/11,96,114,142,171,198,216,220,211,193,170,149,138,137,146,168,195,216,227,223,204,178,150,121,103
0112,2016/02/12,99,109,131,158,184,206,218,214,200,179,156,138,128,131,147,169,194,214,220,212,197,174,149,129
0112,2016/02/13,120,122,138,160,185,208,223,227,219,200,178,157,142,135,141,158,179,201,215,218,211,200,181,162
0112,2016/02/14,152,150,159,176,197,219,239,249,245,231,213,193,170,157,154,159,171,188,205,217,219,215,205,191
0112,2016/02/15,179,174,176,184,197,215,231,239,242,234,219,201,180,160,150,148,151,161,176,189,198,202,201,195
0112,2016/02/16,188,184,183,184,192,204,215,226,232,229,222,212,194,175,162,151,145,146,151,160,171,182,189,190
0112,2016/02/17,191,192,192,192,192,197,206,215,223,226,223,217,205,189,173,155,140,131,127,130,139,149,162,173
0112,2016/02/18,180,187,190,187,186,186,187,192,198,202,207,208,205,198,186,170,150,130,117,112,113,123,139,154
0112,2016/02/19,170,183,189,190,188,183,180,179,182,190,198,205,209,206,199,187,169,144,120,106,101,105,119,138
0112,2016/02/20,158,177,191,195,192,188,179,172,171,173,182,196,206,213,218,212,197,176,151,131,118,116,128,146
0112,2016/02/21,169,196,215,224,225,219,208,195,182,176,179,189,204,219,227,227,217,195,167,139,117,106,106,117
0112,2016/02/22,138,163,185,200,207,202,189,173,159,149,150,164,180,197,216,226,220,207,183,152,125,105,97,105
0112,2016/02/23,125,153,179,200,213,214,204,187,169,155,150,156,170,191,212,229,235,227,208,181,151,125,110,108
0112,2016/02/24,121,143,169,194,211,217,209,193,173,153,141,141,150,167,190,211,223,223,211,188,161,135,117,108
0112,2016/02/25,116,137,163,189,211,221,218,204,181,159,143,135,138,151,173,196,213,221,217,201,178,154,133,121
0112,2016/02/26,122,136,158,180,203,218,221,211,191,168,150,138,135,145,162,184,206,219,221,212,193,171,148,131
0112,2016/02/27,126,134,150,172,195,212,218,212,195,174,154,137,130,132,147,168,188,205,213,210,200,184,164,147
0112,2016/02/28,138,140,149,166,187,207,217,216,204,186,164,146,135,129,136,153,168,184,197,199,195,185,170,157
0112,2016/02/29,150,150,158,170,189,210,222,227,222,205,187,171,154,144,145,154,166,178,191,200,201,197,191,179
0112,2016/03/01,171,170,168,174,189,204,214,218,214,204,189,173,157,142,136,138,144,155,167,178,184,185,183,177
0112,2016/03/02,172,171,171,173,182,193,203,212,213,207,197,184,169,153,143,141,141,144,152,160,167,175,179,179
0112,2016/03/03,181,181,181,181,186,193,201,208,212,211,206,196,182,167,154,143,136,134,135,140,149,158,168,176
0112,2016/03/04,180,185,186,184,184,184,186,191,195,197,198,196,189,178,165,151,138,127,121,120,125,134,146,159
0112,2016/03/05,171,181,186,184,182,177,173,173,176,181,189,193,196,192,184,171,154,136,122,113,112,120,133,150
0112,2016/03/06,170,185,196,198,194,187,180,172,170,175,184,196,208,211,209,201,182,160,139,121,112,115,125,144
0112,2016/03/07,169,191,208,217,216,208,194,180,171,168,176,191,207,219,227,225,211,188,160,134,117,110,114,131
0112,2016/03/08,157,184,208,223,225,220,205,186,170,161,163,177,196,218,234,241,236,216,187,158,132,113,109,117
0112,2016/03/09,137,166,194,215,226,222,206,187,165,146,142,150,167,192,218,235,239,229,206,175,145,120,108,109
0112,2016/03/10,125,153,182,206,222,225,214,192,165,142,130,130,142,166,196,221,235,236,221,195,166,138,118,111
0112,2016/03/11,121,143,170,197,218,228,222,204,178,149,128,119,122,140,169,199,221,233,229,212,188,162,139,128
0112,2016/03/12,128,142,165,189,212,227,227,214,189,158,132,113,106,114,135,164,191,210,217,212,195,174,153,137
0112,2016/03/13,133,141,158,179,203,219,225,219,199,173,146,123,108,105,116,140,166,189,206,209,203,193,174,159
0112,2016/03/14,154,155,165,184,203,221,231,230,218,197,173,149,128,117,118,131,150,170,188,200,203,200,191,181
0112,2016/03/15,174,173,177,187,204,219,230,235,228,213,194,172,149,131,120,120,128,142,159,175,185,189,186,181
0112,2016/03/16,176,172,172,175,184,196,206,212,212,205,194,181,164,146,133,126,124,129,138,149,161,171,177,179
0112,2016/03/17,180,179,178,177,181,188,196,202,204,206,202,194,183,167,152,139,129,124,127,133,144,156,166,176
0112,2016/03/18,183,186,186,183,182,184,185,188,193,198,202,203,199,191,179,166,151,137,131,131,137,149,163,178
0112,2016/03/19,191,200,203,200,197,192,188,187,190,195,203,210,214,215,210,199,182,162,147,138,136,142,156,173
0112,2016/03/20,190,204,211,210,206,197,186,178,174,175,184,196,207,214,217,211,196,173,152,135,126,128,138,156
0112,2016/03/21,178,197,209,214,211,200,185,170,160,158,167,181,197,211,220,222,212,192,170,148,130,124,130,146
0112,2016/03/22,170,194,211,220,219,209,192,174,158,150,154,167,185,206,224,234,231,217,194,169,147,134,133,144
0112,2016/03/23,165,191,212,225,229,219,201,181,160,146,144,151,169,191,211,228,233,223,204,180,155,137,129,134
0112,2016/03/24,153,177,200,219,227,223,209,185,162,143,132,135,150,171,196,218,229,228,216,194,170,150,135,135
0112,2016/03/25,149,172,196,216,230,230,217,196,170,145,130,128,136,154,179,204,222,227,221,205,183,161,144,138
0112,2016/03/26,145,162,185,206,222,228,220,200,175,149,129,120,122,136,160,185,206,219,220,209,191,172,153,142
0112,2016/03/27,144,156,176,196,214,225,221,206,183,156,135,121,117,126,145,168,191,209,217,213,201,185,167,155
0112,2016/03/28,152,159,174,193,212,225,227,217,197,172,150,131,122,124,136,157,179,195,208,211,204,193,179,167
0112,2016/03/29,161,163,173,187,204,218,223,219,203,181,160,139,125,122,127,140,159,175,189,199,200,195,186,175
0112,2016/03/30,170,170,174,184,199,211,220,220,210,195,177,157,142,134,132,140,153,167,182,195,198,196,193,188
0112,2016/03/31,183,181,182,187,196,207,215,218,213,203,189,172,155,143,135,136,142,150,162,174,183,189,192,191
0112,2016/04/01,190,188,186,187,190,196,203,207,208,204,196,184,171,158,146,140,138,140,146,155,166,177,184,189
0112,2016/04/02,194,195,193,191,188,188,191,194,196,198,197,192,184,172,159,148,137,130,131,135,144,157,170,181
0112,2016/04/03,191,196,196,192,186,180,178,178,180,186,191,195,196,191,181,169,155,139,130,127,131,143,159,176
0112,2016/04/04,193,205,211,209,200,189,179,174,174,180,192,203,213,218,215,205,189,169,150,140,136,141,155,174
0112,2016/04/05,193,211,221,220,210,196,178,164,155,156,168,186,203,218,223,219,206,184,159,141,129,127,137,156
0112,2016/04/06,181,204,218,224,217,200,178,156,138,132,139,157,181,203,218,225,218,198,172,146,128,118,120,136
0112,2016/04/07,161,187,208,221,220,207,183,156,132,118,118,133,159,191,219,238,243,233,214,189,164,148,144,151
0112,2016/04/08,172,198,220,235,238,226,206,176,144,122,111,114,133,162,193,221,238,238,225,203,179,157,144,145
0112,2016/04/09,159,181,206,227,238,236,222,193,159,128,108,101,111,134,163,194,219,230,227,216,196,175,158,154
0112,2016/04/10,162,179,201,224,239,244,236,215,185,151,123,107,105,118,144,174,202,223,229,225,214,194,176,168
0112,2016/04/11,168,178,197,216,231,239,238,224,197,165,137,112,98,101,118,141,166,190,207,213,209,198,182,170
0112,2016/04/12,168,173,183,199,215,227,231,223,204,181,154,127,109,104,109,125,147,169,189,203,206,201,190,180
0112,2016/04/13,175,173,178,191,204,217,226,224,214,198,177,156,137,122,119,128,140,157,176,190,200,203,198,193
0112,2016/04/14,189,184,185,191,200,211,220,224,221,213,201,184,167,152,141,138,144,154,166,180,194,201,204,205
0112,2016/04/15,204,200,195,191,193,201,205,207,209,205,198,189,174,156,141,131,128,131,138,149,163,175,184,191
0112,2016/04/16,195,194,189,183,179,177,178,181,185,188,192,192,186,179,170,158,149,142,139,144,154,167,180,191
0112,2016/04/17,201,205,203,196,189,183,180,181,184,192,202,208,213,216,212,199,179,159,149,147,151,163,177,190
0112,2016/04/18,205,212,210,205,194,180,171,165,163,168,179,190,200,206,208,203,188,169,154,144,143,149,161,179
0112,2016/04/19,197,210,215,211,199,183,166,153,145,145,155,171,187,201,210,208,198,182,161,144,138,138,147,165
0112,2016/04/20,185,201,213,213,202,186,166,146,132,126,135,151,170,191,207,213,210,197,178,159,145,140,143,158
0112,2016/04/21,180,201,216,219,215,200,178,156,136,125,128,141,161,186,209,222,225,219,202,182,167,156,154,165
0112,2016/04/22,186,208,227,236,235,223,201,175,150,130,126,133,149,175,200,219,230,228,216,197,177,163,156,158
0112,2016/04/23,175,196,214,229,232,223,205,179,150,129,118,120,135,158,185,212,228,233,228,213,196,179,165,164
0112,2016/04/24,174,191,213,229,236,232,216,191,163,135,118,115,122,140,167,193,213,224,223,213,198,182,166,158
0112,2016/04/25,164,177,196,214,224,226,215,193,165,137,116,106,105,118,141,166,191,209,214,211,202,186,172,162
0112,2016/04/26,162,172,187,203,219,226,219,204,179,152,131,114,107,114,132,154,179,199,211,215,209,197,184,174
0112,2016/04/27,171,176,186,200,215,224,224,213,193,168,145,127,115,114,125,143,163,185,201,209,211,206,195,186
0112,2016/04/28,181,180,186,198,211,222,226,222,210,191,171,152,138,133,138,149,167,186,202,215,224,225,219,213
0112,2016/04/29,208,206,208,213,220,230,236,237,231,217,199,180,161,148,142,141,149,164,180,195,207,212,210,206
0112,2016/04/30,202,197,193,194,197,201,207,211,210,204,196,182,167,155,144,139,141,148,158,172,186,197,203,207
0112,2016/05/01,207,203,198,192,188,190,194,199,203,204,203,197,187,175,161,152,146,143,148,158,170,184,196,204
0112,2016/05/02,208,206,200,191,180,173,171,172,177,183,188,192,190,182,173,159,146,139,136,140,152,166,181,196
0112,2016/05/03,207,211,207,197,184,170,160,157,160,169,183,196,205,208,204,194,180,165,154,150,154,165,182,200
0112,2016/05/04,216,226,229,220,203,185,168,156,154,160,174,188,202,217,225,219,206,189,172,161,158,163,178,197
0112,2016/05/05,217,233,239,234,219,194,167,145,130,127,139,160,184,206,222,226,218,203,183,165,156,156,162,179
0112,2016/05/06,201,219,232,234,221,198,168,137,114,102,108,127,153,182,209,225,230,223,206,188,173,163,164,176
0112,2016/05/07,197,221,238,247,243,225,196,162,130,109,103,113,136,167,198,225,239,238,225,206,190,176,170,176
0112,2016/05/08,191,211,231,244,246,234,209,174,138,108,91,89,102,127,159,191,215,226,223,212,196,179,168,167
0112,2016/05/09,176,193,213,231,239,236,221,192,156,122,97,86,89,107,137,168,198,219,225,222,211,195,182,175
0112,2016/05/10,178,191,209,226,239,243,236,217,187,154,125,105,96,104,123,148,177,202,216,223,221,209,198,190
0112,2016/05/11,188,195,208,223,239,250,249,239,219,191,163,139,122,118,129,146,170,194,212,224,227,221,211,199
0112,2016/05/12,193,191,195,205,217,228,233,228,214,194,170,147,127,114,112,122,139,160,181,196,205,207,201,192
0112,2016/05/13,185,179,179,184,192,202,210,212,207,196,183,165,146,132,124,125,136,149,165,183,196,203,203,198
0112,2016/05/14,192,185,179,176,178,184,191,197,198,195,189,178,166,153,140,135,138,144,154,170,185,195,201,202
0112,2016/05/15,199,193,185,177,173,173,177,180,184,188,190,187,182,173,163,153,147,146,151,161,175,189,199,206
0112,2016/05/16,206,203,195,185,175,169,166,168,174,181,190,195,198,198,190,181,173,165,163,168,177,191,205,215
0112,2016/05/17,220,220,212,199,183,170,160,154,155,163,173,185,196,200,200,194,182,171,162,160,166,176,190,206
0112,2016/05/18,216,219,216,203,187,171,152,142,140,143,156,173,188,202,209,205,197,184,169,162,161,165,180,196
0112,2016/05/19,209,219,220,210,195,174,153,136,126,126,137,154,174,192,204,208,204,193,179,166,159,161,170,185
0112,2016/05/20,202,216,221,217,204,183,159,135,120,114,119,135,158,180,199,211,212,206,191,176,165,161,166,179
0112,2016/05/21,195,212,223,225,216,197,172,146,124,110,109,122,144,170,196,214,221,221,210,194,181,172,170,178
0112,2016/05/22,193,212,226,231,228,212,186,159,132,111,105,111,129,156,182,206,223,226,220,207,192,179,173,175
0112,2016/05/23,188,207,223,235,236,225,205,176,146,122,107,106,120,142,170,197,217,228,227,216,203,190,179,176
0112,2016/05/24,184,199,216,230,237,233,215,189,159,130,111,103,108,125,151,177,202,220,227,222,211,199,188,180
0112,2016/05/25,183,195,209,225,236,236,227,205,177,148,124,110,108,117,136,162,187,208,220,223,218,208,195,187
0112,2016/05/26,185,190,203,217,229,237,232,217,195,167,141,123,114,116,131,151,174,198,214,223,224,218,207,197
0112,2016/05/27,192,193,199,209,220,229,230,223,206,184,162,140,126,121,125,142,161,181,201,213,218,220,210,199
0112,2016/05/28,194,188,188,195,204,215,223,220,213,199,179,160,144,132,131,139,152,170,189,204,216,221,217,210
0112,2016/05/29,202,194,188,187,191,200,208,213,214,206,194,181,164,149,144,142,147,161,175,192,208,218,221,218
0112,2016/05/30,211,203,194,186,184,188,194,201,206,207,206,199,186,173,162,154,153,158,168,182,199,214,222,224
0112,2016/05/31,222,214,202,189,179,174,177,183,190,200,206,209,207,199,189,178,170,168,172,181,195,211,225,233
0112,2016/06/01,235,228,215,199,182,170,162,162,169,179,193,209,216,215,211,200,188,180,175,177,186,200,214,228
0112,2016/06/02,237,237,229,212,188,166,149,140,141,152,168,189,207,217,220,216,205,192,182,176,179,190,205,219
0112,2016/06/03,233,241,237,223,201,174,148,129,119,124,139,163,190,212,225,229,223,211,198,185,179,183,193,209
0112,2016/06/04,227,240,244,237,219,192,161,132,113,106,115,137,165,194,220,233,236,229,215,200,190,187,193,205
0112,2016/06/05,223,242,252,253,242,217,185,151,121,103,101,113,138,169,200,224,235,236,227,213,199,190,188,195
0112,2016/06/06,210,229,244,252,249,231,203,167,131,104,90,92,109,137,170,200,221,231,230,219,206,193,185,185
0112,2016/06/07,197,215,233,247,251,244,224,194,158,126,103,94,100,119,149,180,207,226,231,226,217,204,193,188
0112,2016/06/08,192,205,221,237,250,250,238,217,187,153,126,108,102,114,136,163,192,216,227,229,223,211,198,188
0112,2016/06/09,185,192,205,222,236,244,241,227,205,177,148,126,115,114,127,150,176,203,221,228,228,220,208,196
0112,2016/06/10,187,186,194,206,221,232,235,230,216,194,171,148,131,124,127,141,163,186,206,219,223,219,209,197
0112,2016/06/11,187,180,180,187,197,209,218,219,213,201,183,166,150,136,134,139,152,173,192,208,219,221,215,205
0112,2016/06/12,195,186,180,180,186,194,203,210,210,206,198,185,172,161,152,152,160,172,189,206,220,227,226,220
0112,2016/06/13,212,202,192,185,184,187,192,199,204,206,206,201,194,186,178,173,172,178,191,205,219,232,236,235
0112,2016/06/14,229,219,207,195,186,184,184,188,195,202,206,210,208,202,195,187,181,181,184,194,206,218,227,228
0112,2016/06/15,226,219,206,190,177,165,159,161,166,173,184,194,199,202,199,193,186,181,179,182,192,206,219,227
0112,2016/06/16,230,227,217,202,186,169,157,153,155,163,176,191,204,214,218,215,208,199,192,190,193,204,216,228
0112,2016/06/17,237,239,232,220,200,179,161,147,143,148,160,178,198,213,223,225,218,209,199,190,188,194,204,218
0112,2016/06/18,230,236,233,222,204,181,156,136,125,123,132,150,172,195,211,218,218,210,199,189,182,182,190,201
0112,2016/06/19,217,230,233,228,214,191,165,139,121,113,117,132,157,182,205,222,229,227,218,205,194,189,192,203
0112,2016/06/20,221,238,247,245,235,215,189,160,134,119,115,125,145,171,198,219,232,235,227,214,202,194,190,197
0112,2016/06/21,211,228,243,249,245,230,205,174,144,121,110,112,128,154,181,207,228,236,234,224,210,198,191,191
0112,2016/06/22,201,218,235,246,249,240,220,192,160,132,114,108,117,137,164,192,216,232,236,230,219,207,196,190
0112,2016/06/23,196,210,227,242,251,252,240,215,185,156,133,120,120,134,156,182,209,231,239,239,230,218,205,194
0112,2016/06/24,191,201,215,230,245,251,244,228,201,171,145,126,119,125,140,163,191,216,231,237,234,227,214,200
0112,2016/06/25,195,198,207,221,237,249,251,241,223,198,172,149,134,131,140,158,181,204,223,234,237,232,218,204
0112,2016/06/26,194,187,189,201,212,225,235,232,222,205,181,161,144,134,136,146,163,184,203,218,226,225,217,205
0112,2016/06/27,191,180,174,175,183,196,208,214,212,205,192,176,159,147,142,144,155,172,189,206,219,226,223,212
0112,2016/06/28,201,187,174,168,168,175,187,198,205,207,203,196,184,171,163,159,163,172,185,200,216,225,227,223
0112,2016/06/29,212,198,182,166,158,157,161,171,181,189,197,198,194,187,178,170,168,170,178,191,204,217,225,226
0112,2016/06/30,222,212,194,174,157,146,144,147,157,172,186,197,204,203,199,192,184,181,183,186,199,214,223,231
0112,2016/07/01,234,226,211,190,166,147,134,128,133,146,163,181,198,209,212,208,202,193,188,188,193,205,217,227
0112,2016/07/02,237,237,228,211,186,159,137,121,114,121,137,159,184,206,219,223,222,214,203,196,196,203,214,227
0112,2016/07/03,240,249,247,234,213,184,155,129,112,108,116,137,165,192,215,229,232,226,216,204,195,195,202,213
0112,2016/07/04,229,244,250,247,233,208,176,144,116,99,100,115,138,167,197,219,230,231,224,211,199,192,191,199
0112,2016/07/05,216,233,246,251,245,227,199,164,129,105,93,98,115,142,174,201,220,229,225,213,201,189,180,184
0112,2016/07/06,196,213,232,244,247,239,217,188,155,123,103,97,106,130,159,188,214,229,230,223,211,196,185,181
0112,2016/07/07,187,202,221,237,248,248,235,212,182,149,122,108,106,120,145,172,199,220,228,224,214,200,185,175
0112,2016/07/08,174,183,199,216,232,240,236,220,197,168,140,120,112,118,136,161,188,213,227,228,223,211,194,181
0112,2016/07/09,175,175,187,203,219,232,236,229,213,191,167,146,134,132,140,160,186,210,228,236,234,226,212,196
0112,2016/07/10,186,182,184,195,209,222,233,233,225,210,191,172,157,149,151,162,181,204,222,234,238,233,220,206
0112,2016/07/11,192,183,180,183,193,205,215,222,221,213,201,187,174,164,161,167,179,196,214,227,235,235,227,214
0112,2016/07/12,201,189,180,176,179,187,197,205,210,209,204,197,188,179,174,174,180,192,207,220,231,236,233,223
0112,2016/07/13,211,198,186,177,173,176,183,190,196,202,205,205,202,196,191,189,189,195,205,217,229,239,240,237
0112,2016/07/14,229,216,203,189,178,174,174,178,186,195,204,210,213,214,210,204,203,203,205,214,225,235,242,243
0112,2016/07/15,238,230,215,199,184,172,165,165,168,178,190,202,213,220,220,218,213,207,204,206,213,224,231,236
0112,2016/07/16,238,233,221,205,186,168,153,145,144,151,165,182,197,209,218,219,213,208,200,196,199,207,216,227
0112,2016/07/17,234,236,230,215,197,176,155,139,133,135,147,165,186,206,219,227,227,219,210,203,199,202,211,223
0112,2016/07/18,235,242,242,232,214,191,166,143,129,124,131,149,171,196,217,230,234,229,219,207,199,197,202,213
0112,2016/07/19,228,241,247,244,231,208,181,152,130,119,118,130,153,180,206,225,235,235,226,213,200,191,191,199
0112,2016/07/20,213,230,242,246,241,223,196,166,136,116,110,114,132,159,187,211,229,234,228,216,201,189,182,183
0112,2016/07/21,196,216,233,244,246,235,213,184,152,124,109,106,116,140,170,198,222,235,235,225,210,196,183,178
0112,2016/07/22,186,202,221,239,248,246,231,205,174,143,119,109,113,129,156,185,211,230,237,232,219,203,186,176
0112,2016/07/23,175,185,205,225,239,247,241,222,194,163,137,120,113,123,143,168,196,220,230,231,222,206,188,172
0112,2016/07/24,165,170,182,200,220,233,237,228,208,183,157,137,126,127,139,160,185,209,226,232,228,215,197,179
0112,2016/07/25,165,160,166,178,196,214,226,226,216,198,176,156,141,136,142,157,177,200,219,230,232,225,209,191
0112,2016/07/26,173,161,159,164,175,194,209,218,220,210,195,181,166,156,156,163,178,196,214,228,235,233,223,207
0112,2016/07/27,189,173,161,157,162,172,187,201,208,210,206,196,186,177,172,174,182,194,209,224,233,237,233,221
0112,2016/07/28,205,187,170,157,151,154,164,175,187,196,202,202,200,193,187,185,187,193,202,215,226,233,235,230
0112,2016/07/29,219,203,185,165,150,144,144,150,161,175,189,199,204,205,204,201,199,197,201,210,219,229,237,237
0112,2016/07/30,233,223,206,185,163,146,136,134,139,151,169,186,201,211,216,214,210,206,201,202,209,218,228,235
0112,2016/07/31,239,236,226,207,183,159,139,126,122,129,145,168,191,208,220,225,223,216,208,202,204,209,218,230
0112,2016/08/01,240,245,244,232,210,184,156,132,119,117,128,148,172,199,220,231,234,228,217,207,200,200,206,219
0112,2016/08/02,234,247,253,250,236,212,181,150,128,116,118,134,158,186,212,231,239,237,227,213,202,196,197,207
0112,2016/08/03,223,241,255,260,254,236,209,174,144,124,116,124,144,170,200,226,240,243,235,220,205,192,186,191
0112,2016/08/04,206,224,244,256,259,250,229,197,164,137,121,120,133,156,186,215,234,243,240,226,209,192,180,178
0112,2016/08/05,187,203,225,242,252,252,239,215,185,152,132,122,128,147,173,201,227,240,242,234,215,196,180,169
0112,2016/08/06,173,186,204,225,241,248,245,228,202,175,149,135,133,143,166,193,218,237,243,238,225,205,185,171
0112,2016/08/07,167,173,188,206,224,237,240,232,214,191,167,149,140,144,161,183,207,228,239,240,232,213,193,178
0112,2016/08/08,166,164,174,189,207,223,231,231,221,204,185,169,158,157,166,184,205,228,244,251,247,234,215,198
0112,2016/08/09,185,178,181,194,208,223,235,238,235,226,210,196,184,177,181,192,207,224,239,246,246,237,219,202
0112,2016/08/10,186,173,168,171,179,192,204,212,214,211,203,193,185,179,178,185,196,209,224,235,239,235,224,208
0112,2016/08/11,193,179,170,165,167,176,186,195,203,206,205,202,197,191,190,192,198,207,218,229,236,237,231,221
0112,2016/08/12,207,193,180,170,166,167,173,180,187,196,202,205,205,204,202,202,203,206,213,222,230,235,234,229
0112,2016/08/13,220,207,193,179,168,162,160,163,170,180,192,202,209,213,213,213,210,208,210,214,222,229,232,233
0112,2016/08/14,231,223,210,193,176,165,156,151,157,166,178,195,210,219,226,227,223,217,213,212,217,224,231,238
0112,2016/08/15,242,239,230,214,194,175,159,149,147,151,166,185,204,221,233,237,236,228,217,211,210,214,223,233
0112,2016/08/16,242,248,244,232,213,189,166,147,134,136,147,164,188,210,228,240,240,230,220,210,201,202,209,222
0112,2016/08/17,239,252,257,255,242,221,197,176,158,147,144,153,180,209,228,246,252,241,228,212,196,189,191,202
0112,2016/08/18,222,239,251,256,245,224,198,167,140,125,120,130,153,179,207,231,244,243,233,217,199,185,181,187
0112,2016/08/19,203,225,246,257,257,245,220,188,156,131,118,121,137,163,192,221,240,245,238,223,202,182,170,169
0112,2016/08/20,181,204,228,248,257,254,239,212,180,150,131,125,134,155,183,214,238,249,247,235,216,194,176,167
0112,2016/08/21,172,189,214,239,259,267,260,241,212,181,157,143,141,154,179,207,232,248,250,242,224,200,177,159
0112,2016/08/22,154,162,181,205,228,243,248,238,218,193,169,153,147,153,168,194,220,242,254,259,254,240,218,184
0112,2016/08/23,155,151,162,179,204,226,236,237,227,207,187,170,160,162,172,192,213,229,241,245,239,223,200,176
0112,2016/08/24,159,149,148,158,176,197,214,223,223,217,205,191,180,175,179,192,208,226,241,248,247,237,216,196
0112,2016/08/25,174,156,151,152,159,175,192,204,212,214,209,203,195,190,192,197,207,222,233,244,249,243,232,217
0112,2016/08/26,198,179,165,156,154,161,173,186,198,208,213,213,210,208,205,206,211,217,226,236,241,242,238,228
0112,2016/08/27,216,200,181,166,155,150,155,163,175,191,202,210,218,220,220,220,220,220,223,227,235,241,242,241
0112,2016/08/28,236,224,208,190,170,158,152,151,159,174,190,206,219,227,232,232,229,223,218,219,225,232,241,248
0112,2016/08/29,251,248,239,222,201,181,163,154,154,164,182,201,220,237,247,250,246,237,227,222,223,227,237,248
0112,2016/08/30,258,264,263,253,234,210,185,167,157,159,175,201,229,255,275,280,271,259,246,232,221,217,222,233
0112,2016/08/31,247,260,264,259,246,223,194,169,150,140,145,161,185,212,232,245,249,239,223,207,192,185,188,199
0112,2016/09/01,219,239,252,257,251,232,205,176,150,133,130,141,164,191,217,235,243,239,225,206,188,174,170,178
0112,2016/09/02,194,216,238,250,252,244,222,192,164,141,130,135,153,179,208,232,246,246,234,216,194,174,164,165
0112,2016/09/03,178,199,223,241,251,249,235,212,184,158,141,137,148,170,198,225,243,247,239,223,199,176,160,154
0112,2016/09/04,160,178,203,225,241,248,242,224,198,172,153,142,147,164,187,214,237,245,242,230,208,184,163,151
0112,2016/09/05,152,165,185,209,228,241,242,233,214,191,170,158,155,166,185,210,232,246,247,239,221,196,173,159
0112,2016/09/06,153,158,174,195,216,233,240,238,225,207,190,176,169,174,189,209,230,244,250,247,233,212,189,168
0112,2016/09/07,158,157,165,182,201,217,230,233,225,215,202,189,183,181,189,207,224,239,249,249,241,224,201,181
0112,2016/09/08,168,160,163,172,185,202,216,225,227,221,214,207,201,198,205,216,231,244,254,260,257,244,225,206
0112,2016/09/09,190,178,174,177,184,197,209,217,223,225,221,216,212,208,207,211,219,227,235,241,240,235,223,207
0112,2016/09/10,192,178,168,165,165,171,182,191,197,205,209,209,209,207,205,207,210,212,218,225,228,227,220,211
0112,2016/09/11,199,185,174,164,157,156,161,167,177,187,195,202,207,209,209,208,207,206,207,212,218,219,219,217
0112,2016/09/12,209,201,190,176,164,156,152,156,162,173,188,199,210,218,219,218,215,208,204,205,208,213,219,223
0112,2016/09/13,224,221,211,197,181,165,154,150,151,161,176,193,210,223,229,228,223,212,201,195,194,198,208,218
0112,2016/09/14,226,228,224,212,193,173,153,140,134,139,154,175,196,216,231,237,232,218,203,191,184,184,193,209
0112,2016/09/15,224,235,240,232,216,195,169,147,133,130,141,161,186,211,231,242,241,228,210,192,178,172,177,193
0112,2016/09/16,214,234,246,248,238,218,190,162,139,127,131,146,170,198,222,239,245,236,216,195,175,160,160,172
0112,2016/09/17,194,220,242,254,254,240,216,187,158,139,134,141,162,189,217,240,250,246,230,205,180,158,146,151
0112,2016/09/18,169,195,224,247,257,254,237,212,182,158,144,145,159,182,212,239,255,258,246,223,197,169,148,143
0112,2016/09/19,153,175,205,234,254,262,254,235,209,183,165,158,163,182,207,234,255,262,255,237,211,178,151,136
0112,2016/09/20,134,148,173,202,229,247,250,241,222,199,179,167,167,177,197,223,245,257,257,245,222,193,163,141
0112,2016/09/21,131,133,149,174,200,223,238,237,225,210,193,178,173,175,188,209,229,243,248,242,227,203,174,149
0112,2016/09/22,132,124,130,146,167,190,210,219,218,211,199,188,181,180,188,203,218,232,242,243,235,219,197,174
0112,2016/09/23,154,140,136,142,155,173,192,207,214,216,213,207,201,197,198,206,217,228,236,241,239,230,213,195
0112,2016/09/24,176,159,147,141,144,154,167,182,194,203,207,208,205,203,201,203,208,214,219,227,231,227,221,211
0112,2016/09/25,196,182,168,153,146,147,153,164,177,188,199,208,210,211,210,207,207,206,206,212,218,220,222,220
0112,2016/09/26,213,204,190,172,158,148,145,148,156,170,184,197,208,212,212,210,204,197,193,193,197,204,210,216
0112,2016/09/27,219,216,208,192,173,157,145,139,143,154,170,189,206,216,222,221,212,200,190,183,184,189,199,211
0112,2016/09/28,222,230,228,218,201,180,161,148,143,149,164,182,204,223,231,233,227,211,194,182,175,177,186,201
0112,2016/09/29,219,233,240,239,226,206,182,160,147,146,155,173,196,216,233,241,233,215,196,177,164,159,164,179
0112,2016/09/30,199,219,236,241,236,222,199,172,154,146,148,164,188,212,233,245,244,231,210,187,167,155,154,165
0112,2016/10/01,186,209,230,242,244,234,213,187,164,148,145,155,175,199,223,239,243,234,212,187,163,145,137,145
0112,2016/10/02,163,187,213,232,242,240,225,202,179,158,149,154,168,191,217,236,245,240,223,199,172,147,135,135
0112,2016/10/03,146,170,196,219,236,242,234,217,195,175,162,159,169,188,213,236,249,252,237,216,190,164,144,138
0112,2016/10/04,143,162,187,211,232,243,239,226,208,186,170,164,166,178,200,222,236,241,234,213,188,163,140,127
0112,2016/10/05,127,138,159,182,205,223,229,223,211,194,178,171,168,176,195,217,233,243,244,233,214,191,170,154
0112,2016/10/06,150,152,164,184,203,217,231,233,221,207,194,181,180,183,192,210,226,237,242,233,215,194,167,146
0112,2016/10/07,134,131,137,151,168,187,204,210,209,202,193,186,182,181,187,200,213,222,228,225,213,196,176,155
0112,2016/10/08,142,135,136,145,160,176,192,205,212,213,209,205,200,197,201,209,218,228,234,235,233,221,204,189
0112,2016/10/09,174,164,162,162,168,180,191,204,214,216,216,217,215,211,208,206,210,215,219,224,225,217,208,196
0112,2016/10/10,181,171,162,154,153,157,164,176,187,196,204,209,211,210,208,207,206,203,204,208,211,213,210,203
0112,2016/10/11,195,185,172,161,154,151,153,159,169,183,196,207,213,217,217,215,207,200,196,196,201,207,210,213
0112,2016/10/12,212,205,196,182,167,158,152,151,159,172,188,206,220,226,227,222,210,197,186,180,181,187,198,209
0112,2016/10/13,216,217,211,198,181,164,149,141,142,151,169,189,207,222,228,226,215,196,178,167,161,164,178,194
0112,2016/10/14,210,222,223,215,199,178,156,139,132,138,152,172,196,216,228,232,221,200,177,157,144,142,152,172
0112,2016/10/15,195,216,229,229,219,199,175,153,140,134,9999,9999,9999,9999,9999,9999,9999,9999,9999,9999,9999,9999,9999,9999
0112,2016/10/16,9999,9999,9999,9999,9999,9999,9999,9999,9999,9999,9999,9999,9999,9999,9999,9999,9999,9999,9999,9999,9999,9999,9999,9999
0112,2016/10/17,9999,9999,9999,9999,9999,9999,9999,9999,9999,160,156,159,176,199,223,244,250,239,217,186,151,122,108,107
0112,2016/10/18,123,152,185,216,238,246,240,224,201,181,169,168,178,197,222,244,255,254,237,209,176,142,116,104
0112,2016/10/19,109,129,158,189,217,236,239,230,214,196,181,175,177,192,213,235,252,257,248,230,200,167,138,119
0112,2016/10/20,113,121,143,169,198,223,236,236,229,218,203,193,192,199,212,229,245,254,251,239,217,187,157,132
0112,2016/10/21,116,112,122,142,167,193,212,221,222,216,205,197,192,191,199,214,227,238,242,237,224,205,180,157
0112,2016/10/22,141,131,129,139,157,177,196,212,220,221,218,213,208,205,208,216,226,235,243,243,237,226,210,190
0112,2016/10/23,172,158,148,147,155,169,184,202,215,221,224,223,217,213,211,210,215,218,220,227,229,223,217,205
0112,2016/10/24,189,176,164,154,153,158,167,181,196,207,216,220,219,216,212,206,202,200,200,203,208,212,212,209
0112,2016/10/25,203,193,180,167,159,155,156,163,175,190,204,216,221,222,222,218,208,198,193,193,197,204,212,218
0112,2016/10/26,219,216,207,192,179,168,158,159,168,180,197,215,224,230,231,223,211,197,184,179,179,186,196,205
0112,2016/10/27,216,222,218,207,192,174,159,153,154,162,180,201,214,223,227,219,205,186,169,157,154,157,169,184
0112,2016/10/28,200,214,221,216,205,190,172,161,157,159,173,194,213,227,236,235,221,200,180,162,151,152,161,179
0112,2016/10/29,201,222,236,241,236,222,202,184,172,167,173,190,207,225,239,238,228,209,182,158,140,132,137,151
0112,2016/10/30,173,197,216,228,230,218,201,181,164,156,157,171,191,211,228,235,228,210,185,155,131,117,116,126
0112,2016/10/31,147,174,200,217,226,223,209,190,173,159,157,165,181,203,224,235,236,224,199,171,145,124,118,123
0112,2016/11/01,139,167,195,217,234,238,229,215,197,181,175,177,188,206,223,234,241,234,214,186,156,131,116,113
0112,2016/11/02,124,146,171,197,218,227,225,214,198,182,171,168,175,191,212,229,238,236,221,196,166,138,119,111
0112,2016/11/03,117,134,159,186,211,227,232,229,216,202,191,183,182,190,205,225,237,240,231,211,185,159,135,121
0112,2016/11/04,120,128,146,170,194,214,224,223,217,205,193,184,181,186,199,216,228,236,229,216,196,170,145,127
0112,2016/11/05,119,122,135,154,175,196,212,218,218,211,201,194,191,191,201,215,227,236,237,228,213,193,170,151
0112,2016/11/06,138,133,137,145,158,178,194,203,209,208,201,195,188,184,187,193,201,210,215,214,205,190,171,152
0112,2016/11/07,138,129,127,132,144,160,177,191,200,204,203,200,195,189,188,190,194,200,205,206,205,197,184,169
0112,2016/11/08,155,145,139,137,142,153,166,182,196,205,211,212,210,207,202,197,197,198,199,202,204,202,198,188
0112,2016/11/09,175,165,154,145,144,147,155,168,180,192,204,209,209,208,201,193,185,177,176,180,184,191,194,193
0112,2016/11/10,190,182,171,161,151,145,146,152,165,180,194,206,213,215,210,199,184,172,164,160,165,175,186,196
0112,2016/11/11,202,203,197,186,173,161,154,154,161,174,191,209,221,227,228,216,197,177,158,149,150,159,175,192
0112,2016/11/12,207,218,219,209,195,179,163,155,155,161,178,198,215,227,230,221,203,177,150,131,123,127,142,165
0112,2016/11/13,189,210,221,221,212,196,178,164,157,159,173,193,213,229,239,237,220,193,162,133,113,108,117,138
0112,2016/11/14,167,197,219,231,230,219,202,184,170,165,171,186,207,229,246,254,247,222,186,153,125,109,108,124
0112,2016/11/15,152,186,219,242,253,250,236,219,203,189,9999,9999,211,235,9999,263,255,238,208,170,135,108,95,99
0112,2016/11/16,119,150,185,215,236,245,238,224,208,191,181,184,194,211,233,249,252,243,221,188,151,119,96,87
0112,2016/11/17,97,120,151,187,214,231,236,229,216,201,188,186,191,206,227,243,251,249,233,207,176,142,114,95
0112,2016/11/18,91,103,127,156,185,209,221,223,216,204,193,185,185,194,209,226,240,245,238,221,196,166,135,111
0112,2016/11/19,100,101,115,138,165,192,212,221,221,214,205,196,190,194,206,219,232,242,243,235,220,198,173,149
0112,2016/11/20,132,124,128,141,160,184,204,218,225,223,216,209,200,197,199,206,215,223,227,225,214,200,183,163
0112,2016/11/21,144,131,126,130,142,158,179,198,209,213,210,204,197,192,189,189,195,202,208,211,210,206,198,186
0112,2016/11/22,173,160,151,149,154,164,179,196,210,220,224,222,217,211,202,196,195,195,200,206,209,212,209,202
0112,2016/11/23,193,180,170,162,156,158,166,178,194,208,216,219,217,209,201,190,177,171,170,171,176,185,189,193
0112,2016/11/24,193,188,183,173,163,159,160,166,179,192,204,215,217,213,207,195,180,166,157,153,157,166,176,188
0112,2016/11/25,197,200,199,191,179,169,163,164,171,183,198,211,219,219,214,202,184,163,146,137,135,142,155,171
0112,2016/11/26,186,197,203,199,187,175,164,158,160,168,180,195,208,216,216,207,189,167,145,129,122,124,137,155
0112,2016/11/27,176,196,208,212,207,195,183,173,168,173,186,200,217,229,232,228,211,188,163,140,127,126,133,151
0112,2016/11/28,175,198,219,231,230,222,210,196,181,177,185,198,212,226,235,233,221,198,170,141,120,109,111,124
0112,2016/11/29,148,176,200,216,222,219,209,193,179,172,171,180,197,215,227,232,224,203,173,141,114,98,93,102
0112,2016/11/30,122,149,177,200,213,215,209,196,181,171,167,171,185,203,221,231,229,214,190,160,130,107,96,99
0112,2016/12/01,114,139,168,194,214,223,223,213,198,187,181,179,190,207,226,242,246,234,215,187,157,130,110,102
0112,2016/12/02,108,125,150,179,200,213,218,214,203,192,180,175,179,190,207,222,230,229,214,189,161,134,110,97
0112,2016/12/03,98,112,135,160,185,205,214,215,208,197,186,178,178,186,200,216,228,231,224,205,180,153,128,111
0112,2016/12/04,105,112,130,152,177,200,214,220,218,210,199,190,186,189,199,214,228,234,232,221,203,179,155,136
0112,2016/12/05,126,126,135,151,174,195,214,226,228,224,215,204,196,194,199,208,220,228,231,228,217,198,178,158
0112,2016/12/06,142,137,139,148,166,186,205,219,223,219,214,205,195,189,185,184,189,197,204,209,207,196,182,167
0112,2016/12/07,151,142,138,139,150,165,182,199,210,216,218,212,204,196,189,187,189,193,200,206,210,208,201,191
0112,2016/12/08,179,167,159,155,157,165,177,191,203,215,220,215,211,204,192,184,177,171,174,181,186,192,195,192
0112,2016/12/09,186,179,170,162,157,160,168,181,195,210,221,226,225,219,207,192,177,166,160,163,170,180,191,198
0112,2016/12/10,202,200,192,181,172,166,166,171,181,196,211,218,221,219,208,193,173,151,138,135,138,151,169,185
0112,2016/12/11,200,209,208,200,190,180,174,171,176,189,205,219,228,230,224,207,182,156,132,117,114,121,138,161
0112,2016/12/12,183,202,214,213,207,197,184,177,176,180,195,211,223,234,235,223,201,170,137,112,98,96,109,133
0112,2016/12/13,161,190,212,222,223,216,204,193,183,186,197,210,227,244,250,247,231,201,166,133,107,95,98,117
0112,2016/12/14,145,178,210,230,239,241,231,218,209,203,206,216,230,249,262,264,257,233,198,162,127,103,93,98
0112,2016/12/15,119,150,183,212,230,235,232,221,206,196,190,193,207,226,245,257,255,240,214,178,142,111,90,85
0112,2016/12/16,97,121,155,188,213,231,235,226,215,204,193,189,196,210,227,244,252,248,232,203,169,134,105,89
0112,2016/12/17,89,104,132,163,191,213,222,221,213,200,187,178,175,186,203,219,232,237,227,209,183,151,122,99
0112,2016/12/18,89,95,113,137,165,190,206,212,206,196,184,172,167,171,183,199,215,224,224,213,195,172,144,119
0112,2016/12/19,104,102,111,130,153,178,199,209,210,204,194,181,171,168,174,185,198,209,216,214,205,191,171,149
0112,2016/12/20,131,124,124,133,150,172,192,208,215,214,208,196,183,174,171,174,181,189,196,200,199,192,180,164
0112,2016/12/21,150,141,136,136,148,165,182,198,209,213,210,202,189,178,169,165,166,170,176,183,187,187,184,177
0112,2016/12/22,168,160,153,149,155,165,178,195,210,221,225,221,212,203,192,182,177,176,179,186,193,200,206,205
0112,2016/12/23,203,200,194,189,187,191,200,209,222,234,240,239,234,223,210,198,184,174,170,168,172,181,188,194
0112,2016/12/24,198,198,196,189,180,177,177,181,191,203,213,218,217,210,200,184,166,150,139,133,135,143,154,166
0112,2016/12/25,177,186,189,185,180,174,169,170,175,186,199,209,213,211,205,192,173,151,133,121,118,124,136,152
0112,2016/12/26,169,185,195,196,192,186,179,172,173,181,193,205,215,221,220,212,194,170,146,129,119,119,131,149
0112,2016/12/27,171,195,213,221,222,217,210,201,195,198,207,218,233,243,245,240,223,198,173,148,131,125,129,144
0112,2016/12/28,167,190,212,224,227,224,214,200,189,185,187,196,211,223,230,230,217,195,167,137,113,101,98,108
0112,2016/12/29,130,156,182,203,214,216,210,198,186,179,178,187,202,220,232,235,226,207,181,151,121,102,94,97
0112,2016/12/30,114,141,170,194,210,218,217,203,188,178,172,172,184,201,216,228,231,219,196,167,135,110,93,90
0112,2016/12/31,100,123,152,179,202,216,219,212,197,183,173,169,176,191,210,227,233,226,208,181,149,120,98,86
