0112,2007/01/01,096,108,114,126,120,120,116,113,116,130,139,141,148,148,136,125,100,065,046,022,004,014,024,039
0112,2007/01/02,074,098,113,129,139,132,132,128,118,130,136,138,154,161,155,152,130,095,066,033,012,012,005,024
0112,2007/01/03,050,079,108,122,135,140,133,126,118,117,121,128,139,156,163,160,148,120,090,052,024,006,-002,006
0112,2007/01/04,027,054,086,112,127,139,138,124,121,115,109,115,131,139,158,163,154,138,110,075,041,016,-004,-003
0112,2007/01/05,011,035,062,094,115,132,132,125,118,108,100,101,110,123,144,157,157,146,134,097,064,036,005,-003
0112,2007/01/06,009,019,053,084,106,133,137,130,126,114,103,106,104,120,140,159,175,174,172,143,115,085,061,040
0112,2007/01/07,047,046,073,097,121,153,162,164,159,144,132,122,120,126,146,159,166,162,159,144,116,097,068,044
0112,2007/01/08,038,033,050,077,096,120,144,146,144,139,115,104,098,098,108,126,136,146,149,143,126,105,082,053
0112,2007/01/09,045,041,048,067,090,113,131,138,131,123,112,097,082,085,079,097,111,114,127,131,119,106,089,069
0112,2007/01/10,058,049,052,064,082,103,126,135,137,134,121,109,091,082,082,084,094,108,111,120,116,107,099,080
0112,2007/01/11,072,065,058,068,080,098,118,124,137,135,128,107,092,080,070,067,077,080,087,094,103,101,100,088
0112,2007/01/12,084,075,071,078,084,097,117,128,132,142,134,120,109,094,081,075,072,071,079,085,089,104,103,101
0112,2007/01/13,105,102,098,106,103,108,127,129,141,148,140,131,122,103,088,081,068,065,070,065,073,085,089,100
0112,2007/01/14,108,105,112,101,105,112,118,123,132,136,137,135,124,113,099,082,064,054,047,043,047,060,071,081
0112,2007/01/15,094,101,113,113,113,116,114,118,123,131,134,136,134,122,111,092,078,054,038,032,027,041,046,067
0112,2007/01/16,088,101,118,124,121,121,120,116,118,123,128,135,137,138,131,112,094,072,046,032,020,021,032,050
0112,2007/01/17,069,094,118,123,130,132,128,119,120,118,124,132,139,146,144,131,115,094,055,034,015,012,013,032
0112,2007/01/18,050,078,107,120,137,139,131,123,123,115,122,129,135,152,155,151,140,112,079,048,019,004,004,008
0112,2007/01/19,032,059,084,113,121,133,130,120,108,103,102,106,117,131,144,152,146,125,098,064,027,010,-009,-011
0112,2007/01/20,006,031,067,095,112,129,125,123,103,098,088,087,099,115,133,152,151,139,119,088,047,023,-001,-012
0112,2007/01/21,-005,021,045,077,102,121,137,123,110,100,087,079,085,098,119,142,149,154,135,113,076,051,016,005
0112,2007/01/22,-003,015,045,069,095,127,134,136,127,108,095,082,075,083,105,124,146,153,146,134,106,073,048,023
0112,2007/01/23,014,024,038,064,090,115,134,136,128,115,094,078,068,064,077,094,116,135,139,133,120,097,072,050
0112,2007/01/24,033,033,043,065,085,115,132,141,138,9999,9999,9999,9999,9999,9999,9999,9999,9999,9999,9999,9999,9999,9999,9999
0112,2007/01/25,9999,9999,9999,9999,092,112,138,147,143,135,123,096,077,059,053,058,068,085,098,110,115,111,104,092
0112,2007/01/26,081,072,081,080,096,115,128,142,145,140,128,109,089,067,057,049,051,060,071,085,095,105,104,098
0112,2007/01/27,092,100,094,103,109,122,136,150,157,151,149,134,113,091,072,057,051,046,047,060,067,082,090,093
0112,2007/01/28,099,100,101,105,108,115,126,135,135,144,142,135,115,103,087,071,048,037,029,034,039,051,071,078
0112,2007/01/29,094,100,114,115,119,125,119,137,130,138,142,130,140,119,108,086,068,043,033,028,022,034,045,058
0112,2007/01/30,081,095,107,117,114,117,118,112,115,122,125,135,131,126,125,108,086,064,037,019,016,015,025,045
0112,2007/01/31,067,091,110,122,125,130,123,120,116,118,127,132,141,144,147,138,116,089,065,030,016,012,016,031
0112,2007/02/01,059,082,108,128,133,139,131,122,120,115,117,126,133,149,156,153,140,123,097,059,038,022,010,019
0112,2007/02/02,042,067,097,118,125,134,132,113,104,099,094,105,117,127,149,152,151,136,110,078,044,019,011,005
0112,2007/02/03,025,050,082,106,126,135,128,120,105,089,086,089,097,116,136,153,160,151,134,104,071,046,028,019
0112,2007/02/04,031,053,077,097,125,133,126,122,107,085,075,068,066,087,109,124,145,148,130,116,087,049,033,013
0112,2007/02/05,010,034,055,079,114,124,131,129,104,092,076,064,067,077,090,120,132,142,145,122,096,076,048,028
0112,2007/02/06,032,036,062,091,111,133,146,141,126,109,086,077,070,070,090,108,126,139,144,131,110,096,070,049
0112,2007/02/07,040,045,061,084,101,124,138,140,128,106,083,070,057,051,063,081,090,118,125,118,117,097,073,063
0112,2007/02/08,051,048,067,079,094,125,135,141,139,112,093,082,059,053,061,070,083,101,113,115,120,103,097,084
0112,2007/02/09,071,073,079,083,110,129,135,151,143,129,117,093,076,067,057,074,075,088,107,108,113,116,104,095
0112,2007/02/10,091,086,092,101,114,127,147,147,148,145,125,113,093,072,067,071,068,081,088,097,108,107,109,108
0112,2007/02/11,106,107,108,108,120,125,138,142,144,141,130,112,097,078,064,061,054,055,059,063,073,082,087,089
0112,2007/02/12,094,096,097,104,106,110,123,128,129,133,126,115,107,085,074,063,049,045,037,043,048,057,070,077
0112,2007/02/13,091,098,105,113,112,113,118,120,123,124,126,120,114,102,086,078,056,041,033,026,028,037,046,062
0112,2007/02/14,083,096,106,119,116,119,121,117,121,122,132,137,133,131,128,113,096,080,055,043,038,043,058,073
0112,2007/02/15,092,120,135,139,145,141,137,133,127,132,137,143,151,148,142,136,110,094,066,031,024,020,019,041
0112,2007/02/16,062,084,114,124,130,134,123,117,103,101,110,116,126,139,144,142,128,104,076,041,017,007,000,012
0112,2007/02/17,038,062,093,114,130,136,125,114,100,086,093,097,111,128,147,157,142,137,100,067,037,016,005,007
0112,2007/02/18,028,060,087,114,139,146,142,130,105,094,087,089,105,124,149,168,168,161,140,102,069,040,015,016
0112,2007/02/19,028,049,083,108,132,150,140,134,108,085,072,061,073,088,112,140,151,155,141,120,085,058,028,020
0112,2007/02/20,021,040,069,092,122,137,138,131,106,078,057,045,044,056,081,111,134,146,144,132,102,078,049,033
0112,2007/02/21,031,044,063,091,118,136,142,137,118,093,068,044,036,037,058,085,105,128,133,131,115,095,072,052
0112,2007/02/22,047,054,069,094,113,137,144,144,126,100,075,049,028,023,033,050,078,093,116,119,114,106,088,075
0112,2007/02/23,063,066,075,097,118,138,150,148,144,120,101,073,050,037,035,044,057,076,092,105,109,105,098,087
0112,2007/02/24,082,080,085,100,113,133,141,145,144,126,108,086,059,037,031,028,034,049,060,073,086,089,088,090
0112,2007/02/25,088,092,090,102,108,126,131,137,140,126,119,094,077,060,042,032,030,028,039,047,054,071,075,082
0112,2007/02/26,087,090,096,102,106,115,122,128,130,125,120,109,100,077,067,049,038,028,026,027,034,053,057,078
0112,2007/02/27,086,093,104,105,109,115,112,113,123,118,120,119,113,100,095,075,056,042,031,023,029,034,046,065
0112,2007/02/28,079,100,106,114,118,113,113,113,115,113,118,116,126,122,113,107,082,058,036,023,013,019,029,045
0112,2007/03/01,070,088,104,112,117,110,107,101,094,094,101,110,124,123,126,124,104,081,056,031,016,012,015,031
0112,2007/03/02,058,082,101,114,117,116,105,091,083,082,083,096,108,118,133,137,122,108,079,044,030,016,011,028
0112,2007/03/03,048,073,101,113,123,121,105,092,080,064,069,078,090,112,129,135,135,125,096,069,042,023,013,022
0112,2007/03/04,041,071,097,113,129,127,114,099,080,061,058,063,074,093,119,139,141,134,117,087,059,040,021,023
0112,2007/03/05,040,065,094,121,129,142,131,110,095,073,061,067,074,092,125,141,157,161,150,122,099,070,050,050
0112,2007/03/06,058,078,105,124,147,158,146,128,105,081,072,063,067,081,104,125,143,145,145,130,104,083,062,050
0112,2007/03/07,054,070,091,118,136,146,142,131,107,082,063,047,049,053,072,104,121,132,144,127,108,099,068,061
0112,2007/03/08,061,072,092,113,132,146,147,132,116,085,062,051,040,046,062,085,104,120,127,125,114,096,083,067
0112,2007/03/09,064,073,083,103,123,136,141,133,112,085,067,045,036,032,044,063,083,096,109,117,105,103,089,077
0112,2007/03/10,077,079,085,105,121,132,141,133,120,101,076,063,045,037,039,054,069,082,104,107,112,110,103,098
0112,2007/03/11,100,100,103,116,133,145,150,157,144,124,102,078,067,059,048,059,067,076,094,102,110,115,112,103
0112,2007/03/12,108,109,111,117,124,135,147,147,139,126,114,095,077,062,056,053,056,059,068,077,090,097,105,106
0112,2007/03/13,106,115,117,115,126,129,136,139,139,131,121,106,097,078,065,062,046,050,058,058,072,083,086,100
0112,2007/03/14,116,113,125,125,125,130,132,131,136,134,125,123,111,097,083,072,056,045,043,036,045,056,067,084
0112,2007/03/15,098,110,122,125,124,119,118,119,116,119,119,122,119,109,104,089,068,053,037,024,024,029,046,064
0112,2007/03/16,083,103,117,124,126,116,107,102,100,100,107,117,126,127,125,115,091,071,049,024,018,018,027,049
0112,2007/03/17,077,098,118,128,129,119,107,097,089,079,091,105,118,137,137,133,121,094,067,040,025,018,021,035
0112,2007/03/18,065,093,118,129,138,128,115,094,076,064,071,080,104,125,138,148,140,120,095,065,037,023,019,033
0112,2007/03/19,057,088,115,128,141,137,120,095,072,049,046,055,076,104,131,150,156,144,123,092,064,047,031,039
0112,2007/03/20,056,082,110,131,144,147,130,102,070,045,030,032,050,072,104,135,145,148,140,114,087,069,045,044
0112,2007/03/21,063,077,109,130,147,147,135,111,080,046,023,016,019,040,071,105,125,143,143,124,112,085,065,065
0112,2007/03/22,062,087,110,128,148,156,147,130,097,061,034,015,012,024,047,078,106,127,140,136,124,110,089,078
0112,2007/03/23,078,087,109,126,148,157,154,140,115,082,053,027,009,014,022,049,074,097,116,121,117,111,094,092
0112,2007/03/24,090,096,109,127,143,157,159,155,130,108,079,051,030,023,026,041,065,083,104,118,125,123,119,114
0112,2007/03/25,113,118,126,139,155,162,174,173,156,139,119,091,073,061,047,055,059,076,087,109,115,121,122,123
0112,2007/03/26,122,126,128,133,144,149,154,159,150,139,128,106,090,070,055,046,048,051,056,071,079,095,102,102
0112,2007/03/27,115,119,117,127,125,129,140,137,136,135,127,120,106,094,077,071,059,055,055,058,068,080,089,106
0112,2007/03/28,115,119,126,124,124,128,127,128,133,125,133,126,121,118,102,086,078,054,052,046,050,066,076,090
0112,2007/03/29,110,116,118,129,121,116,117,109,110,114,124,130,134,131,119,109,090,067,057,049,047,055,064,087
0112,2007/03/30,102,120,125,133,117,114,107,098,099,097,109,123,119,130,139,124,119,099,068,053,047,037,055,077
0112,2007/03/31,090,119,128,125,127,113,093,087,070,068,081,086,106,123,130,135,128,111,086,073,060,064,065,082
0112,2007/04/01,106,129,143,150,143,141,112,093,070,065,076,087,100,126,143,149,149,129,114,092,068,054,053,065
0112,2007/04/02,088,114,128,139,142,126,107,085,064,052,053,060,078,109,125,145,150,135,124,093,078,065,054,062
0112,2007/04/03,087,106,125,151,146,139,121,093,070,050,041,047,067,086,116,128,147,147,130,110,088,073,059,065
0112,2007/04/04,079,101,123,139,145,143,119,103,071,042,034,033,040,067,088,113,138,136,135,118,101,079,063,062
0112,2007/04/05,071,091,114,128,142,139,127,100,070,042,026,017,020,035,061,082,107,120,121,115,101,081,069,064
0112,2007/04/06,068,085,101,119,134,137,125,104,075,049,025,009,013,019,043,069,093,109,121,117,110,096,081,077
0112,2007/04/07,077,086,102,122,129,140,135,115,095,067,039,026,018,020,039,059,082,103,114,118,119,111,099,091
0112,2007/04/08,090,096,108,124,133,146,145,132,112,083,062,043,031,032,035,052,073,087,104,117,113,112,108,102
0112,2007/04/09,101,104,108,124,130,140,147,137,122,102,080,058,043,035,034,047,056,071,083,095,104,107,106,106
0112,2007/04/10,103,107,108,113,126,132,137,136,125,111,095,076,061,047,042,041,048,055,066,081,092,098,104,109
0112,2007/04/11,110,115,115,116,120,124,127,130,125,114,107,094,079,067,056,047,046,048,051,061,073,081,094,101
0112,2007/04/12,107,111,117,113,114,115,113,115,116,114,113,106,096,085,071,058,051,041,040,044,055,070,083,096
0112,2007/04/13,110,118,123,119,111,105,102,103,100,108,111,112,113,106,097,081,070,055,049,046,050,062,078,101
0112,2007/04/14,115,133,140,133,128,117,109,101,104,106,117,130,131,137,135,120,102,083,064,049,051,058,075,097
0112,2007/04/15,114,134,142,143,132,113,098,082,073,077,087,108,128,138,144,139,126,106,079,061,051,051,058,087
0112,2007/04/16,103,129,141,140,132,112,087,066,051,045,055,079,103,131,146,147,152,131,110,092,074,071,073,088
0112,2007/04/17,113,135,156,160,154,135,110,076,049,041,037,057,084,114,143,163,160,156,133,110,089,079,073,082
0112,2007/04/18,104,122,147,156,152,137,109,075,043,016,002,015,033,068,103,127,146,149,137,120,105,088,081,085
0112,2007/04/19,099,119,145,156,156,155,123,093,057,020,004,-001,008,036,070,102,123,138,141,132,117,100,089,089
0112,2007/04/20,099,114,136,152,160,152,137,108,071,032,004,-006,-012,008,033,064,094,119,127,126,121,110,095,095
0112,2007/04/21,097,113,131,143,159,161,151,130,100,062,036,016,-002,007,023,042,072,099,114,123,120,114,106,105
0112,2007/04/22,105,114,123,140,156,161,158,149,125,101,068,041,027,022,026,043,065,081,107,117,119,130,118,113
0112,2007/04/23,120,117,124,141,147,153,161,153,139,119,095,072,053,041,039,043,056,066,082,099,109,114,112,109
0112,2007/04/24,115,106,111,119,125,131,137,136,127,119,104,087,069,050,044,038,039,054,066,079,098,107,107,116
0112,2007/04/25,113,114,116,113,118,124,124,131,132,126,121,116,100,087,073,065,059,061,069,074,093,102,113,119
0112,2007/04/26,123,123,120,118,114,113,112,113,119,117,119,119,107,103,091,071,062,053,046,054,061,074,094,101
0112,2007/04/27,108,116,108,099,101,083,077,087,079,084,096,100,105,105,097,086,075,060,053,052,057,070,086,097
0112,2007/04/28,112,117,115,112,099,081,075,069,067,070,086,097,113,114,117,110,100,083,067,059,063,074,084,095
0112,2007/04/29,116,122,125,120,107,089,075,061,052,055,067,087,103,117,125,122,112,101,082,072,066,068,079,094
0112,2007/04/30,114,130,133,130,116,093,075,053,040,040,049,067,088,107,123,130,125,112,096,084,072,067,073,089
0112,2007/05/01,111,125,137,134,121,103,078,056,035,028,030,051,072,100,118,134,135,131,116,103,087,085,086,096
0112,2007/05/02,116,131,146,153,143,126,102,077,051,037,034,047,064,089,116,135,145,145,130,117,105,094,089,097
0112,2007/05/03,114,128,146,152,148,135,110,080,049,032,022,025,046,067,096,126,134,146,136,126,116,105,093,095
0112,2007/05/04,111,121,141,151,151,145,123,095,058,037,020,017,030,048,076,103,125,141,140,137,124,111,102,102
0112,2007/05/05,108,124,138,153,158,150,135,109,075,048,031,019,023,042,060,088,115,131,138,138,129,119,113,105
0112,2007/05/06,108,124,131,150,156,151,147,123,094,067,047,026,029,033,053,078,099,125,136,141,141,139,122,116
0112,2007/05/07,130,128,142,159,161,167,166,145,125,096,069,053,039,039,051,066,088,109,120,131,137,130,128,122
0112,2007/05/08,119,118,127,135,140,154,147,140,123,101,076,058,040,037,040,047,065,083,101,115,122,128,125,123
0112,2007/05/09,118,116,118,126,129,137,140,136,128,112,092,076,058,043,039,042,050,068,075,094,110,116,123,124
0112,2007/05/10,119,122,120,118,127,131,136,138,136,129,117,106,088,077,064,065,063,071,082,093,113,130,134,143
0112,2007/05/11,145,134,134,128,121,123,125,133,136,134,130,128,115,101,089,073,065,071,068,078,096,106,122,132
0112,2007/05/12,132,137,127,116,106,097,098,099,105,112,119,126,120,113,102,088,076,072,063,071,081,095,117,129
0112,2007/05/13,136,139,135,122,110,092,080,084,085,094,112,127,131,137,130,115,106,089,074,074,076,094,111,126
0112,2007/05/14,139,145,139,124,109,084,065,054,050,054,076,101,119,134,135,133,118,107,090,083,083,089,103,119
0112,2007/05/15,138,147,149,137,116,089,063,042,027,032,048,072,103,125,143,145,137,130,116,100,096,098,102,123
0112,2007/05/16,140,153,162,151,130,108,069,039,020,005,013,037,062,093,120,138,144,140,126,115,106,104,103,120
0112,2007/05/17,142,155,168,165,156,132,100,062,036,019,015,026,049,082,120,143,157,165,154,142,138,129,128,134
0112,2007/05/18,150,166,182,186,181,160,135,097,059,024,009,011,028,052,083,113,138,153,154,149,140,132,127,125
0112,2007/05/19,139,153,170,181,181,176,151,122,080,045,025,010,014,037,065,092,127,142,152,157,144,137,133,128
0112,2007/05/20,132,147,161,173,184,179,164,145,109,074,045,021,015,018,034,062,083,108,129,131,133,129,120,115
0112,2007/05/21,116,124,136,146,157,162,159,141,119,094,061,039,023,018,028,048,065,093,113,123,128,125,121,111
0112,2007/05/22,111,110,121,128,136,151,150,144,135,109,087,068,045,037,037,044,061,083,101,117,127,128,131,119
0112,2007/05/23,114,117,114,118,126,131,144,140,134,121,105,089,074,057,050,051,059,076,088,104,123,127,127,124
0112,2007/05/24,121,113,112,105,107,118,120,128,129,119,118,106,089,076,067,059,063,071,079,095,110,123,131,127
0112,2007/05/25,125,121,110,103,099,100,106,111,114,116,118,119,112,103,095,083,083,083,092,106,122,138,145,146
0112,2007/05/26,147,142,131,124,109,104,105,105,112,119,123,132,132,126,121,114,100,095,094,100,116,131,145,146
0112,2007/05/27,150,146,134,122,106,097,088,083,088,096,107,118,128,131,129,119,112,102,096,098,102,117,126,136
0112,2007/05/28,146,142,138,120,101,085,065,059,060,063,078,097,108,120,123,121,117,104,096,090,092,100,115,126
0112,2007/05/29,139,142,134,121,103,080,059,045,037,042,055,074,094,113,124,130,127,122,108,104,096,103,112,124
0112,2007/05/30,140,145,148,137,120,095,067,049,036,033,045,062,085,108,129,143,144,140,129,120,113,109,116,127
0112,2007/05/31,143,155,160,151,139,112,087,064,037,029,032,044,072,094,117,139,147,148,138,126,118,112,116,122
0112,2007/06/01,136,153,159,161,148,125,103,069,045,025,021,027,051,070,099,125,137,147,145,130,121,112,111,114
0112,2007/06/02,125,141,150,155,150,130,106,079,046,023,015,010,027,053,073,105,125,138,140,132,123,114,111,107
0112,2007/06/03,116,128,144,154,153,139,125,092,064,033,011,007,013,033,053,083,105,124,131,127,124,113,109,103
0112,2007/06/04,105,123,134,143,154,147,134,114,081,050,028,011,011,021,040,065,091,115,126,130,126,123,114,107
0112,2007/06/05,107,113,125,138,149,151,146,127,105,076,045,027,020,021,037,053,076,105,119,128,131,130,124,113
0112,2007/06/06,109,111,120,129,140,146,149,136,120,096,071,049,035,027,034,048,067,089,107,122,129,132,128,117
0112,2007/06/07,115,105,109,118,120,134,141,138,131,114,093,073,053,042,041,045,057,079,097,113,125,131,129,120
0112,2007/06/08,113,107,100,097,107,111,125,125,125,122,106,090,076,058,053,050,056,073,084,103,120,127,133,127
0112,2007/06/09,120,112,099,092,089,090,103,109,116,118,115,109,098,085,072,067,066,074,086,099,115,125,136,133
0112,2007/06/10,127,116,103,083,077,074,072,085,098,106,115,120,111,112,097,088,087,084,087,101,114,124,139,139
0112,2007/06/11,136,132,109,092,072,058,056,055,066,079,094,111,118,118,118,110,100,101,095,100,113,119,139,140
0112,2007/06/12,143,138,124,100,079,052,042,033,036,051,067,091,109,124,128,128,122,116,110,106,112,126,136,144
0112,2007/06/13,158,151,144,127,095,071,045,024,022,022,043,070,095,116,135,140,144,138,127,123,121,130,139,150
0112,2007/06/14,159,166,165,147,126,095,064,033,017,011,022,044,072,100,126,145,151,150,142,134,127,129,136,142
0112,2007/06/15,160,176,173,167,153,124,098,056,029,014,008,026,048,076,110,133,146,157,153,143,139,131,135,141
0112,2007/06/16,152,169,184,177,173,150,119,086,046,021,010,009,026,053,084,115,136,151,153,148,138,131,124,124
0112,2007/06/17,139,150,164,176,169,161,140,103,070,033,008,004,009,027,059,087,115,130,136,140,128,123,115,109
0112,2007/06/18,119,132,143,158,167,158,150,125,091,063,031,015,012,020,042,068,096,120,135,135,132,124,113,103
0112,2007/06/19,104,114,122,134,154,153,151,139,114,083,059,032,022,025,033,057,081,106,126,131,133,126,113,099
0112,2007/06/20,100,098,109,121,133,145,146,142,124,104,080,054,041,035,040,055,075,101,120,134,139,133,126,112
0112,2007/06/21,103,098,104,107,120,131,140,142,131,122,103,084,068,057,055,063,078,099,117,134,138,145,133,117
0112,2007/06/22,118,103,095,102,102,117,129,134,137,130,120,109,091,080,078,075,087,105,114,134,142,148,144,135
0112,2007/06/23,126,109,100,088,094,097,107,115,118,123,115,115,103,095,091,083,088,097,107,124,135,142,141,135
0112,2007/06/24,121,112,101,083,082,080,084,089,096,104,110,112,112,106,102,102,094,101,109,116,131,142,147,144
0112,2007/06/25,139,125,110,091,083,077,073,077,082,092,103,113,115,117,120,113,112,111,111,120,131,141,151,149
0112,2007/06/26,147,137,122,104,088,074,065,061,064,077,089,107,113,124,129,126,124,118,115,121,125,135,145,147
0112,2007/06/27,148,146,131,114,099,068,057,047,045,058,070,089,105,124,129,135,135,129,126,119,120,132,138,143
0112,2007/06/28,153,149,142,126,107,079,063,044,033,040,043,064,088,109,124,139,140,134,134,122,119,127,130,137
0112,2007/06/29,151,156,152,145,125,104,077,054,037,035,038,058,083,106,132,148,156,156,152,144,136,131,135,140
0112,2007/06/30,156,167,166,165,152,125,100,073,046,037,029,042,060,086,116,140,151,161,155,140,141,131,128,136
0112,2007/07/01,147,158,169,169,160,143,117,082,055,031,022,026,039,061,093,118,137,150,147,144,136,126,118,121
0112,2007/07/02,130,145,160,169,166,159,134,103,070,040,025,020,031,050,078,104,131,147,156,152,142,132,126,120
0112,2007/07/03,126,142,152,167,175,164,156,126,097,069,038,028,030,038,068,093,118,148,155,152,152,138,128,120
0112,2007/07/04,120,128,142,156,168,173,166,150,122,090,064,042,034,041,057,082,108,131,145,153,154,146,134,120
0112,2007/07/05,116,120,125,145,159,170,167,165,145,117,096,067,055,057,063,083,103,126,146,157,156,151,139,119
0112,2007/07/06,107,103,104,119,129,143,158,154,146,132,106,087,075,062,063,075,092,118,137,148,154,154,142,125
0112,2007/07/07,110,101,093,098,109,118,137,141,143,136,127,108,094,083,078,086,100,113,134,149,160,160,152,133
0112,2007/07/08,118,105,088,083,086,095,108,122,125,133,131,121,115,104,098,098,104,119,135,145,157,163,154,146
0112,2007/07/09,130,110,094,074,068,074,077,091,107,115,127,124,123,121,114,117,113,123,134,140,156,162,160,157
0112,2007/07/10,145,126,106,084,065,061,056,061,081,090,107,119,124,126,133,127,125,133,132,137,157,155,166,169
0112,2007/07/11,157,151,127,098,081,065,048,052,055,063,084,105,120,136,138,141,142,137,138,142,144,155,166,165
0112,2007/07/12,162,165,146,128,100,073,052,039,029,038,057,075,103,123,139,144,152,144,145,134,140,147,150,156
0112,2007/07/13,169,171,161,149,122,091,064,037,021,020,030,049,075,102,125,142,153,149,145,139,131,136,142,148
0112,2007/07/14,163,174,172,168,145,123,090,057,031,015,014,030,053,083,114,132,148,154,147,140,134,128,131,139
0112,2007/07/15,148,167,177,178,178,158,127,097,062,036,032,031,056,085,114,146,166,172,171,157,142,138,133,125
0112,2007/07/16,147,161,175,190,184,179,158,125,094,056,041,036,041,064,096,121,147,160,163,158,142,133,120,115
0112,2007/07/17,124,141,158,172,177,180,164,139,109,075,051,042,036,053,080,102,135,149,159,154,142,127,115,103
0112,2007/07/18,103,119,132,147,162,169,164,149,122,094,068,048,044,047,068,095,116,142,152,151,148,129,113,101
0112,2007/07/19,095,096,111,127,142,155,157,148,131,109,083,065,053,057,066,089,110,130,147,154,148,135,117,100
0112,2007/07/20,092,085,093,102,122,138,140,144,136,115,099,083,066,067,075,085,109,128,138,154,153,140,130,107
0112,2007/07/21,092,089,087,087,106,116,127,137,133,123,112,099,082,084,081,091,110,125,137,155,154,149,138,114
0112,2007/07/22,102,090,079,078,088,094,112,120,121,125,118,108,105,099,096,104,114,127,143,154,158,157,144,128
0112,2007/07/23,117,097,087,079,077,084,092,102,108,114,116,112,116,108,109,110,115,127,134,145,154,152,148,134
0112,2007/07/24,121,107,088,079,069,067,068,080,085,098,104,109,117,114,116,121,117,125,128,134,147,148,147,139
0112,2007/07/25,129,117,103,082,072,062,056,061,068,075,095,101,114,122,126,127,128,125,130,133,139,150,147,144
0112,2007/07/26,145,132,120,104,084,070,056,053,054,062,079,095,106,127,131,139,139,139,132,137,136,141,151,148
0112,2007/07/27,151,149,132,123,102,076,060,047,041,048,059,078,097,120,135,146,148,142,140,136,133,139,141,150
0112,2007/07/28,157,158,157,144,125,100,077,055,041,037,047,064,085,112,133,149,154,154,147,137,132,132,134,145
0112,2007/07/29,156,163,166,159,143,121,091,062,045,030,029,046,065,091,121,137,152,156,147,139,130,119,124,131
0112,2007/07/30,140,155,170,166,161,143,110,078,052,026,025,026,046,077,098,129,146,151,153,145,128,121,110,113
0112,2007/07/31,133,143,164,171,171,159,134,105,073,044,028,025,038,061,088,120,146,152,161,146,129,120,103,099
0112,2007/08/01,112,123,143,165,166,167,150,119,091,055,034,028,026,047,078,103,133,148,151,147,130,114,098,090
0112,2007/08/02,089,105,119,143,159,163,161,139,108,080,052,038,039,044,070,096,119,143,153,147,139,117,089,080
0112,2007/08/03,074,080,099,116,139,155,153,150,132,102,081,060,051,056,073,099,123,145,157,161,150,135,109,090
0112,2007/08/04,078,072,082,100,117,136,154,151,144,126,106,089,077,070,087,104,122,145,161,162,160,146,117,101
0112,2007/08/05,081,066,066,077,092,110,131,136,137,129,118,107,093,091,097,108,128,142,155,166,163,154,135,111
0112,2007/08/06,088,073,060,058,064,081,097,108,122,117,122,113,108,103,106,114,121,139,148,161,158,156,142,123
0112,2007/08/07,105,087,066,058,053,060,069,080,096,103,112,114,118,115,117,118,128,135,144,153,160,159,147,140
0112,2007/08/08,121,105,083,061,049,044,046,052,067,078,091,104,112,121,126,128,131,137,138,145,151,152,153,152
0112,2007/08/09,137,126,109,082,067,051,038,042,047,054,077,090,107,125,134,134,140,133,135,140,136,150,151,152
0112,2007/08/10,156,145,132,114,090,065,050,032,034,041,055,075,100,119,135,144,142,140,137,131,129,139,142,150
0112,2007/08/11,160,159,155,142,119,094,067,043,030,026,038,057,083,107,129,141,147,140,135,128,120,122,127,136
0112,2007/08/12,152,162,167,162,144,122,090,057,039,026,029,042,069,097,122,142,148,151,138,130,118,110,111,123
0112,2007/08/13,134,155,167,171,160,146,120,083,058,035,030,038,057,088,115,141,154,158,149,135,119,109,103,107
0112,2007/08/14,126,142,164,174,173,164,144,110,082,052,038,044,055,079,113,133,157,161,152,142,119,103,093,093
0112,2007/08/15,108,122,145,160,173,169,160,130,101,075,053,047,057,076,102,134,146,163,157,144,123,107,082,082
0112,2007/08/16,084,101,123,143,160,165,162,140,119,094,068,054,058,068,096,123,144,158,160,148,130,112,089,075
0112,2007/08/17,079,084,106,126,143,163,162,145,133,110,087,083,072,075,095,120,142,164,158,166,149,126,100,082
0112,2007/08/18,074,075,095,113,127,142,154,148,134,121,105,089,083,085,097,120,141,158,162,163,148,126,106,086
0112,2007/08/19,071,069,074,085,104,118,134,139,131,125,111,100,095,093,104,120,135,154,161,163,159,137,116,100
0112,2007/08/20,079,070,072,075,089,106,120,130,125,126,118,112,105,109,113,125,134,150,157,163,157,150,126,110
0112,2007/08/21,093,075,072,074,076,088,102,109,120,121,118,121,118,119,124,132,141,153,154,165,166,155,147,127
0112,2007/08/22,108,098,085,078,079,082,087,098,107,111,122,122,129,129,132,134,140,145,150,158,155,159,145,139
0112,2007/08/23,126,104,092,084,068,069,071,073,081,095,105,111,126,129,129,134,138,135,139,145,140,146,142,136
0112,2007/08/24,130,116,101,087,074,060,056,053,060,069,079,095,111,123,132,134,137,137,131,132,135,138,142,145
0112,2007/08/25,141,135,124,107,087,068,055,045,044,049,067,082,103,124,135,142,147,139,129,129,125,130,135,142
0112,2007/08/26,149,147,146,130,106,088,061,042,035,036,046,068,093,116,135,146,151,142,132,124,118,118,125,136
0112,2007/08/27,148,161,164,150,137,115,081,061,040,030,039,056,077,107,133,151,158,155,137,129,117,105,115,123
0112,2007/08/28,141,162,174,172,160,141,110,081,053,036,037,044,072,102,130,152,164,163,149,132,114,102,095,106
0112,2007/08/29,126,144,166,181,173,162,138,103,072,048,036,043,063,086,120,149,159,165,155,134,111,090,078,082
0112,2007/08/30,097,123,147,170,175,175,158,130,098,071,054,052,063,083,114,142,161,168,165,141,122,094,072,070
0112,2007/08/31,074,095,121,150,168,176,168,147,126,097,077,068,074,090,118,140,166,176,172,160,134,103,079,068
0112,2007/09/01,060,072,098,124,146,168,167,166,140,118,099,084,086,094,117,142,162,175,172,163,143,110,084,061
0112,2007/09/02,046,052,068,085,116,136,152,151,141,128,116,100,100,102,120,139,159,174,180,172,155,131,102,075
0112,2007/09/03,057,049,052,069,086,108,128,137,135,134,123,114,114,113,124,143,156,171,176,175,165,146,119,096
0112,2007/09/04,072,054,051,052,065,081,100,114,122,125,125,124,123,124,130,138,150,164,169,175,168,156,139,121
0112,2007/09/05,095,082,063,058,060,066,077,093,104,113,120,125,129,132,133,140,152,156,166,172,171,166,153,144
0112,2007/09/06,126,112,091,077,070,064,074,077,084,103,115,123,134,141,144,153,149,153,157,160,167,167,162,163
0112,2007/09/07,155,139,130,110,094,092,088,082,102,115,136,148,153,162,161,161,159,154,148,151,151,153,154,158
0112,2007/09/08,159,155,146,127,104,082,070,055,054,064,078,098,119,134,147,151,143,142,130,126,125,129,132,147
0112,2007/09/09,156,158,160,147,127,101,076,060,045,053,065,083,106,133,144,155,153,139,129,120,112,114,118,131
0112,2007/09/10,152,162,169,167,149,126,098,073,055,049,056,075,099,125,141,156,158,145,129,117,100,095,100,109
0112,2007/09/11,131,150,164,173,161,142,122,088,065,050,053,063,089,113,138,158,160,151,135,113,099,086,080,093
0112,2007/09/12,112,130,155,168,165,155,134,107,081,064,060,061,087,113,134,160,170,157,142,120,098,083,071,076
0112,2007/09/13,090,113,135,159,167,161,147,123,094,075,060,061,080,100,128,151,164,160,151,122,102,081,060,065
0112,2007/09/14,072,093,121,141,159,165,156,139,113,092,080,074,081,099,122,147,167,165,158,135,109,083,063,055
0112,2007/09/15,058,075,098,122,140,156,155,143,126,107,092,086,088,101,125,145,163,172,164,145,124,095,071,058
0112,2007/09/16,057,062,085,105,128,142,153,144,134,120,105,097,098,103,119,143,158,165,165,148,133,105,077,060
0112,2007/09/17,058,054,069,092,108,128,144,141,135,132,118,111,111,110,127,143,159,169,174,164,148,126,099,083
0112,2007/09/18,069,067,070,084,101,115,134,135,137,131,125,120,116,120,124,139,154,160,163,159,147,127,107,086
0112,2007/09/19,070,063,057,064,077,090,103,115,115,121,120,118,118,121,122,137,142,146,159,154,148,134,117,098
0112,2007/09/20,084,072,063,063,067,072,084,094,103,109,116,119,122,122,129,133,141,141,147,147,145,137,128,114
0112,2007/09/21,102,088,076,069,063,066,069,078,083,096,106,117,124,129,134,133,140,138,137,141,144,138,138,129
0112,2007/09/22,120,112,094,083,074,063,062,065,069,083,099,114,125,139,140,144,143,134,135,131,130,135,136,136
0112,2007/09/23,136,128,114,102,080,072,059,053,057,067,080,101,117,132,146,147,142,132,118,117,116,118,127,135
0112,2007/09/24,139,143,136,119,105,082,063,054,044,050,067,085,111,133,145,155,149,132,121,111,106,104,115,129
0112,2007/09/25,149,156,161,155,135,110,086,064,051,049,063,083,108,133,150,161,160,141,122,103,085,084,090,107
0112,2007/09/26,130,152,162,164,154,131,104,076,056,048,049,071,091,117,145,156,159,140,122,096,076,063,065,078
0112,2007/09/27,104,133,155,169,168,152,129,104,074,062,059,069,093,118,144,164,169,154,132,106,074,054,048,051
0112,2007/09/28,076,108,139,164,174,172,156,132,106,084,080,078,094,114,138,162,167,164,139,110,080,044,027,029
0112,2007/09/29,039,070,105,125,151,159,151,141,113,093,085,080,089,110,134,160,170,165,151,124,090,057,031,019
0112,2007/09/30,019,035,069,098,126,149,150,140,133,112,101,102,101,118,144,157,177,179,168,150,121,080,054,029
0112,2007/10/01,024,032,050,078,106,126,148,143,141,130,118,115,115,120,141,159,177,180,178,166,139,112,081,055
0112,2007/10/02,038,035,041,062,081,101,125,131,135,132,123,122,124,124,138,155,165,173,179,166,151,129,103,079
0112,2007/10/03,058,044,041,046,060,077,094,111,120,121,121,127,123,124,134,139,155,159,165,165,154,142,123,101
0112,2007/10/04,084,068,055,049,056,061,077,091,100,114,119,122,129,128,129,142,141,142,156,152,151,150,136,122
0112,2007/10/05,111,095,082,069,062,063,067,076,088,103,114,129,133,135,141,141,138,138,140,144,146,145,143,141
0112,2007/10/06,134,125,111,087,078,069,061,066,077,089,105,123,130,137,143,137,135,127,120,121,124,123,134,134
0112,2007/10/07,140,140,123,117,095,076,071,060,060,078,087,112,128,137,141,144,126,118,112,101,104,108,116,130
0112,2007/10/08,140,145,144,139,117,102,078,061,065,074,083,114,131,138,152,149,133,120,100,086,089,087,093,113
0112,2007/10/09,125,145,154,146,136,117,088,078,063,058,075,099,113,133,150,147,139,121,093,082,066,063,077,091
0112,2007/10/10,111,137,151,151,150,132,108,089,070,065,076,088,112,135,149,159,153,128,109,082,063,055,055,072
0112,2007/10/11,095,121,142,155,154,148,121,104,086,071,076,088,106,134,156,160,162,144,118,093,064,052,048,054
0112,2007/10/12,078,104,128,151,156,154,138,119,098,083,076,086,101,127,145,153,159,142,117,093,062,038,034,035
0112,2007/10/13,050,081,102,126,146,145,137,127,103,087,083,086,097,116,136,155,161,153,130,105,072,050,035,029
0112,2007/10/14,039,060,086,112,136,146,141,135,120,106,096,094,101,114,137,153,164,158,143,118,088,063,041,032
0112,2007/10/15,037,054,077,098,124,139,140,143,127,113,103,100,099,115,131,149,161,157,150,130,101,072,048,034
0112,2007/10/16,032,038,057,077,099,120,130,131,129,116,109,109,107,109,129,141,155,161,152,139,115,092,067,048
0112,2007/10/17,038,045,053,068,092,105,120,129,131,128,120,120,119,123,132,146,154,158,158,149,127,111,083,063
0112,2007/10/18,054,046,049,060,074,092,107,120,127,126,126,125,125,123,132,139,144,152,152,146,136,120,105,084
0112,2007/10/19,067,066,055,060,071,075,093,107,112,123,126,129,137,129,130,142,141,142,149,149,142,139,124,109
0112,2007/10/20,096,084,080,077,073,080,085,099,114,128,134,145,145,145,146,149,142,147,143,143,144,139,129,126
0112,2007/10/21,116,101,090,078,070,070,066,081,091,102,118,130,136,139,140,136,130,120,116,116,119,122,127,128
0112,2007/10/22,125,116,107,088,076,068,059,064,072,086,103,122,131,141,143,137,124,111,101,097,098,107,116,128
0112,2007/10/23,131,134,130,110,097,081,063,057,061,067,091,109,128,138,138,135,117,095,079,065,062,076,080,103
0112,2007/10/24,122,131,132,128,108,091,068,054,054,054,072,100,115,130,143,136,121,098,074,050,041,042,056,079
0112,2007/10/25,107,129,139,141,133,114,089,072,059,061,073,091,113,133,148,148,133,108,080,048,027,021,028,053
0112,2007/10/26,079,112,136,145,150,141,114,102,085,074,080,097,119,146,161,166,153,131,097,059,038,017,011,030
0112,2007/10/27,053,088,125,143,160,160,143,128,113,099,100,116,127,153,177,179,180,160,132,094,060,029,021,018
0112,2007/10/28,051,080,107,144,160,165,166,153,134,125,109,116,128,145,164,182,180,164,146,102,067,038,007,001
0112,2007/10/29,012,033,064,097,127,143,146,150,133,125,117,116,123,147,155,172,181,174,157,134,093,061,031,007
0112,2007/10/30,008,018,040,064,091,121,127,136,132,120,120,114,115,130,141,157,170,168,158,146,115,088,056,028
0112,2007/10/31,024,016,027,048,069,095,114,123,129,125,120,122,116,122,140,147,155,164,159,152,135,110,084,063
0112,2007/11/01,044,037,038,044,063,081,098,120,128,128,9999,9999,9999,9999,9999,9999,153,158,161,156,145,131,114,097
0112,2007/11/02,078,066,052,055,065,073,082,104,113,180,9999,9999,9999,9999,9999,9999,9999,9999,134,133,129,130,118,109
0112,2007/11/03,100,078,069,064,058,062,072,086,102,115,120,128,129,124,128,120,113,119,112,116,121,122,119,118
0112,2007/11/04,112,102,091,072,064,062,063,073,090,098,111,126,123,126,122,111,103,090,084,089,091,101,109,114
0112,2007/11/05,115,110,104,087,081,069,061,065,074,087,106,119,125,128,123,111,095,087,075,072,075,076,093,106
0112,2007/11/06,120,126,124,112,101,090,075,076,078,090,107,128,137,137,146,125,117,094,077,066,058,066,080,097
0112,2007/11/07,114,130,135,134,123,105,095,083,084,093,103,124,144,144,154,140,122,106,077,057,053,051,064,086
0112,2007/11/08,106,129,142,146,137,128,111,095,093,088,099,124,131,148,159,147,135,111,080,057,038,035,041,059
0112,2007/11/09,083,112,132,141,143,134,118,103,091,088,096,113,129,147,158,154,143,118,090,064,034,028,030,040
0112,2007/11/10,068,096,121,138,150,144,136,122,107,103,103,114,129,143,158,159,153,133,103,072,047,031,023,037
0112,2007/11/11,054,087,116,140,154,155,142,140,124,112,116,117,131,149,162,174,175,157,134,101,062,047,033,034
0112,2007/11/12,057,078,106,130,151,157,161,155,140,132,122,124,135,149,168,180,180,168,148,118,086,062,043,034
0112,2007/11/13,040,061,087,112,139,153,166,162,150,143,136,133,139,150,163,178,180,173,157,126,101,073,047,033
0112,2007/11/14,033,047,065,091,114,133,148,144,141,135,123,125,122,126,145,155,161,166,154,131,114,083,056,043
0112,2007/11/15,033,040,058,073,100,121,134,145,147,142,137,134,130,131,140,144,160,162,154,148,123,101,083,058
0112,2007/11/16,046,044,053,064,085,103,120,133,140,139,131,133,126,128,133,138,148,153,152,146,133,117,099,078
0112,2007/11/17,062,054,057,061,077,090,106,122,134,140,141,139,135,135,134,137,143,147,150,147,147,132,120,106
0112,2007/11/18,088,079,073,069,075,088,099,114,131,138,143,146,144,136,129,123,124,127,123,131,132,129,126,115
0112,2007/11/19,102,088,076,068,064,066,076,086,104,114,127,132,129,128,118,110,101,095,096,098,107,114,116,114
0112,2007/11/20,113,104,095,083,077,074,078,088,105,119,132,145,145,143,141,116,102,086,076,083,083,094,118,120
0112,2007/11/21,124,125,111,102,092,080,080,081,087,107,117,134,144,142,133,120,091,065,060,040,050,068,077,101
0112,2007/11/22,117,124,132,129,106,104,092,082,094,107,115,139,151,145,143,126,098,070,043,025,018,033,053,081
0112,2007/11/23,111,131,142,146,138,126,115,101,102,107,112,135,146,150,158,141,115,088,049,022,010,006,021,047
0112,2007/11/24,075,106,132,142,144,139,123,114,105,102,116,128,142,162,162,158,139,103,068,032,005,-005,-006,007
0112,2007/11/25,041,074,107,129,141,145,136,123,115,105,108,123,135,151,166,164,152,127,088,050,014,-011,-018,-013
0112,2007/11/26,013,040,077,110,126,143,143,134,131,118,119,126,138,157,175,183,178,167,135,100,060,028,010,002
0112,2007/11/27,014,041,068,095,126,138,149,148,135,132,128,125,127,146,163,177,181,171,154,124,084,056,028,008
0112,2007/11/28,006,023,043,071,103,123,136,147,137,129,128,117,122,133,144,163,172,168,159,137,112,079,050,026
0112,2007/11/29,016,015,035,057,078,105,125,126,134,130,123,118,111,121,134,140,156,163,157,155,131,106,086,056
0112,2007/11/30,041,038,040,058,071,100,111,129,135,133,130,123,113,115,116,123,135,140,147,144,131,119,100,080
0112,2007/12/01,066,053,049,053,068,084,106,121,131,135,130,125,118,112,111,111,117,125,123,129,128,124,119,105
0112,2007/12/02,087,074,069,066,070,082,101,112,129,138,135,135,122,119,110,103,103,103,103,111,114,119,113,108
0112,2007/12/03,104,091,087,082,079,087,095,107,123,136,141,144,137,128,120,106,100,088,089,096,098,109,118,122
0112,2007/12/04,125,116,111,100,096,091,092,105,118,125,145,140,134,132,116,098,089,072,066,073,070,086,098,104
0112,2007/12/05,118,121,116,112,103,100,102,102,114,124,140,142,143,139,125,113,097,071,058,054,050,064,080,092
0112,2007/12/06,110,120,123,120,115,107,105,101,107,118,131,139,147,146,140,119,104,079,058,047,039,044,061,082
0112,2007/12/07,098,121,135,134,136,128,119,116,115,118,131,138,154,156,148,141,120,091,067,047,036,039,049,064
0112,2007/12/08,090,110,132,135,138,135,121,112,114,110,119,134,145,151,156,145,128,105,077,049,032,023,028,045
0112,2007/12/09,067,095,121,136,140,146,135,123,115,112,116,122,138,149,157,152,141,116,088,059,027,018,011,024
0112,2007/12/10,044,068,097,117,130,137,131,119,115,105,108,114,125,141,150,151,143,124,095,064,035,013,007,006
0112,2007/12/11,024,053,080,106,124,137,137,132,125,112,111,114,124,142,155,166,165,148,124,094,064,040,028,020
0112,2007/12/12,029,048,077,104,121,144,151,139,136,126,119,120,121,141,152,166,167,161,144,115,087,058,032,022
0112,2007/12/13,026,038,067,088,110,137,143,147,145,135,133,122,122,133,150,164,177,175,168,146,121,091,063,048
0112,2007/12/14,044,051,067,087,107,136,149,150,147,143,131,123,114,121,135,146,160,163,158,143,122,097,072,052
0112,2007/12/15,038,039,050,068,085,113,129,139,144,140,130,123,115,112,119,128,139,147,148,142,135,111,090,071
0112,2007/12/16,056,049,054,064,078,102,113,130,138,136,129,119,109,102,099,103,111,120,128,129,123,115,095,079
0112,2007/12/17,065,054,051,055,064,082,101,118,124,135,132,119,113,100,095,088,095,095,106,114,115,119,111,103
0112,2007/12/18,089,074,071,069,072,087,097,119,128,136,138,129,122,111,093,086,079,078,083,087,099,106,112,106
0112,2007/12/19,100,094,086,083,081,087,094,111,122,135,134,137,130,113,101,079,062,058,054,056,075,083,097,107
0112,2007/12/20,108,109,108,099,093,092,101,104,121,128,138,139,138,126,111,090,067,049,034,033,039,052,076,091
0112,2007/12/21,110,114,124,117,115,107,105,109,112,131,135,138,143,135,117,103,068,040,022,008,006,023,037,063
0112,2007/12/22,088,101,116,123,116,119,110,107,113,113,130,135,146,151,139,119,099,061,032,012,-004,002,015,036
0112,2007/12/23,065,098,117,135,135,137,131,131,126,129,141,142,159,172,164,162,142,103,076,039,013,004,007,026
0112,2007/12/24,051,084,115,137,142,151,146,134,133,122,126,135,143,161,161,166,153,122,089,057,018,002,-007,-008
0112,2007/12/25,016,042,076,102,127,135,138,127,120,108,108,112,127,133,154,164,154,141,113,073,045,011,-016,-013
0112,2007/12/26,-004,017,050,083,104,126,131,123,116,108,102,099,106,123,139,154,157,148,130,103,068,032,008,-010
0112,2007/12/27,-009,008,031,062,093,112,124,125,118,105,100,089,089,108,120,135,154,149,138,125,092,059,033,014
0112,2007/12/28,004,013,032,059,087,110,124,133,127,112,110,089,088,097,104,125,137,151,146,135,118,097,065,048
0112,2007/12/29,036,033,055,075,096,121,141,153,152,144,131,118,106,107,111,126,140,157,156,152,143,127,111,086
0112,2007/12/30,073,072,075,086,106,126,154,160,163,161,142,129,121,112,111,123,128,134,144,149,143,139,125,108
0112,2007/12/31,097,090,088,094,108,125,144,160,161,160,152,137,121,114,101,099,102,106,115,126,122,123,127,106
