0112,2021/01/01,85,109,138,166,190,207,213,207,196,186,179,176,180,193,209,223,228,221,203,176,142,110,85,70
0112,2021/01/02,71,85,109,138,167,189,200,202,195,185,176,168,167,177,193,210,220,220,211,190,162,133,103,82
0112,2021/01/03,74,79,97,122,151,176,192,198,196,187,175,165,159,162,174,188,202,209,206,196,177,150,124,101
0112,2021/01/04,85,83,92,109,133,160,181,191,193,188,176,163,155,153,159,171,181,191,198,194,184,167,143,120
0112,2021/01/05,103,93,94,105,124,149,171,186,196,194,186,174,161,155,157,160,169,179,187,194,193,183,169,151
0112,2021/01/06,135,124,118,120,131,150,172,191,203,208,204,191,177,166,158,155,157,161,170,180,184,186,184,174
0112,2021/01/07,164,156,149,144,148,161,178,194,208,220,219,211,203,189,176,168,157,149,152,159,166,174,177,179
0112,2021/01/08,181,174,164,158,155,160,171,183,197,211,214,210,203,189,173,158,142,131,129,131,141,154,165,176
0112,2021/01/09,186,190,188,181,176,176,178,185,197,210,219,220,216,207,191,171,150,129,115,110,112,122,137,156
0112,2021/01/10,173,184,190,189,185,181,177,176,182,193,202,208,212,208,195,177,153,125,103,89,84,89,102,122
0112,2021/01/11,148,169,184,192,192,187,181,175,174,182,193,202,210,213,208,195,172,141,111,90,75,70,78,96
0112,2021/01/12,123,153,177,193,201,200,193,186,180,181,189,197,211,224,227,224,209,179,146,116,91,78,77,88
0112,2021/01/13,111,142,170,192,208,213,209,198,189,183,183,191,203,218,230,234,225,202,169,134,103,80,67,71
0112,2021/01/14,88,115,147,176,195,207,208,198,187,178,171,171,179,191,207,220,220,205,180,147,111,82,63,56
0112,2021/01/15,66,89,115,143,169,188,195,188,178,169,160,155,162,178,197,214,224,220,202,177,145,113,89,77
0112,2021/01/16,78,95,120,147,175,199,210,208,200,188,173,165,164,171,187,207,221,223,213,195,168,138,109,88
0112,2021/01/17,79,88,105,128,155,180,194,199,194,182,172,159,150,154,167,184,200,208,207,197,176,152,128,105
0112,2021/01/18,93,94,105,124,148,172,192,199,196,190,178,162,152,150,158,172,187,201,208,203,193,176,154,133
0112,2021/01/19,119,115,121,134,153,170,180,192,198,189,175,160,145,137,139,145,156,169,178,184,179,167,155,138
0112,2021/01/20,121,115,116,121,133,152,171,182,186,186,179,164,149,137,131,130,135,145,154,160,165,163,155,144
0112,2021/01/21,134,129,127,128,138,154,169,180,189,192,187,176,162,150,139,134,134,136,143,151,158,162,162,159
0112,2021/01/22,155,152,150,151,156,167,179,188,197,202,202,193,181,169,156,143,135,131,130,135,141,149,156,159
0112,2021/01/23,161,163,161,159,160,164,171,178,184,193,197,193,186,177,163,148,136,123,116,116,122,131,142,152
0112,2021/01/24,161,168,169,167,167,171,171,174,181,189,193,194,192,187,176,160,142,123,109,102,102,109,121,136
0112,2021/01/25,151,163,172,173,171,171,169,166,168,173,180,187,189,188,182,168,149,128,106,89,82,87,99,116
0112,2021/01/26,137,157,172,178,180,177,171,166,164,166,173,181,189,195,193,186,170,143,115,95,81,77,86,104
0112,2021/01/27,129,156,177,191,198,196,191,185,177,176,181,189,199,206,208,202,189,167,137,107,82,69,70,83
0112,2021/01/28,107,138,165,183,195,199,194,183,172,168,171,178,191,207,218,224,217,197,171,139,108,90,81,86
0112,2021/01/29,108,139,172,198,215,224,221,210,198,186,179,183,193,208,225,235,233,219,193,161,128,97,77,73
0112,2021/01/30,85,109,139,166,186,199,201,191,175,159,147,146,153,166,188,207,217,215,199,171,139,106,80,67
0112,2021/01/31,69,88,115,144,173,191,197,192,178,159,145,136,135,147,167,188,206,212,203,184,157,124,95,75
0112,2021/02/01,68,79,101,128,160,184,196,198,187,170,157,144,138,146,162,184,204,216,217,210,190,162,135,112
0112,2021/02/02,99,102,117,139,167,194,213,219,213,198,179,157,141,137,143,157,178,195,203,203,193,176,154,131
0112,2021/02/03,117,114,119,134,156,180,199,207,204,194,175,153,136,124,125,135,148,166,179,185,188,181,166,151
0112,2021/02/04,136,128,129,135,150,175,195,208,214,209,197,183,163,141,127,125,134,149,159,168,177,176,170,162
0112,2021/02/05,152,147,145,145,152,167,184,199,206,206,199,185,165,145,132,124,122,126,133,143,154,163,168,169
0112,2021/02/06,167,166,163,162,166,176,187,199,207,210,207,197,181,163,146,132,122,117,115,119,131,144,154,164
0112,2021/02/07,172,177,180,179,179,182,188,196,204,209,212,209,199,185,169,147,127,113,101,97,102,114,130,146
0112,2021/02/08,161,176,184,188,188,186,184,187,191,196,202,205,204,199,188,171,150,128,109,96,90,94,108,126
0112,2021/02/09,146,168,182,190,192,188,183,179,178,180,190,199,204,205,200,188,166,139,114,93,80,78,87,102
0112,2021/02/10,125,152,172,186,194,193,187,181,176,173,179,190,200,208,214,209,193,170,141,111,88,78,78,90
0112,2021/02/11,113,142,169,187,199,202,196,183,172,164,163,170,182,194,205,209,203,186,159,126,96,76,67,71
0112,2021/02/12,90,115,144,171,186,193,190,177,162,149,143,149,161,177,198,210,210,200,176,142,111,85,67,65
0112,2021/02/13,77,100,130,156,176,189,187,178,163,144,135,135,142,160,182,201,210,206,191,165,134,105,85,74
0112,2021/02/14,78,98,125,151,176,192,196,189,174,154,139,133,135,148,171,193,209,216,208,189,163,133,110,96
0112,2021/02/15,94,108,133,158,182,202,210,208,194,175,160,148,144,157,178,204,229,241,233,220,211,189,161,144
0112,2021/02/16,134,134,148,167,192,212,217,214,204,185,166,150,139,139,152,171,188,202,209,208,196,178,156,137
0112,2021/02/17,128,131,144,161,183,203,216,220,213,196,178,160,144,138,144,156,173,190,201,204,198,185,170,153
0112,2021/02/18,142,140,145,158,177,193,206,213,208,196,180,159,142,130,127,135,148,161,174,183,184,179,170,158
0112,2021/02/19,150,147,150,158,172,188,201,209,209,201,187,171,152,137,130,128,134,145,155,164,171,172,169,163
0112,2021/02/20,156,155,159,162,171,184,193,202,205,200,191,179,163,148,137,130,129,134,139,146,155,161,164,165
0112,2021/02/21,163,163,165,166,171,181,190,196,200,198,193,185,172,159,147,135,126,123,123,128,137,147,156,164
0112,2021/02/22,169,176,179,180,183,186,190,196,199,200,202,199,193,183,170,157,144,132,125,124,128,140,154,167
0112,2021/02/23,180,189,194,196,194,189,186,186,188,189,187,187,184,177,170,158,141,123,107,97,96,103,118,135
0112,2021/02/24,153,169,181,186,187,184,179,174,172,172,176,182,188,188,184,175,156,133,111,92,83,85,94,113
0112,2021/02/25,137,160,178,189,192,190,182,174,168,166,170,180,192,199,203,200,185,160,133,106,87,79,82,99
0112,2021/02/26,124,151,176,193,200,200,189,175,165,157,159,171,183,196,208,213,204,184,154,122,96,77,73,84
0112,2021/02/27,105,134,162,183,197,198,188,174,157,142,140,147,160,180,199,211,209,195,169,135,101,76,61,63
0112,2021/02/28,80,107,137,165,183,190,184,167,147,129,119,123,135,153,179,200,210,208,189,160,128,97,76,69
0112,2021/03/01,77,100,130,160,185,195,192,181,159,135,120,115,120,139,163,189,210,217,212,194,166,136,111,96
0112,2021/03/02,97,115,140,167,196,215,218,209,188,162,141,127,124,133,152,176,198,210,212,200,181,157,129,109
0112,2021/03/03,103,108,125,151,178,198,207,200,182,156,127,107,96,95,111,133,154,175,188,187,178,163,142,124
0112,2021/03/04,114,113,124,143,165,185,196,196,183,159,134,112,93,84,89,105,125,145,163,172,171,165,153,140
0112,2021/03/05,132,129,134,148,167,185,199,202,196,181,159,136,115,99,96,101,112,127,144,157,165,167,165,159
0112,2021/03/06,154,153,154,160,174,189,200,208,207,195,179,159,136,115,100,94,98,104,113,126,137,144,150,151
0112,2021/03/07,151,153,154,155,164,174,183,191,192,187,180,168,151,133,118,107,100,98,102,109,117,129,140,149
0112,2021/03/08,157,164,168,168,169,174,178,181,184,185,182,178,169,153,139,125,110,98,92,92,98,108,121,136
0112,2021/03/09,150,162,170,172,172,173,170,170,173,175,178,181,180,173,163,151,133,113,100,93,91,97,111,128
0112,2021/03/10,147,168,181,185,187,183,175,170,168,165,169,179,183,182,179,169,151,128,105,87,79,79,88,105
0112,2021/03/11,126,150,169,177,179,175,165,153,146,144,150,162,176,185,190,188,175,151,125,102,84,76,80,94
0112,2021/03/12,117,143,166,180,186,183,171,156,143,136,138,150,166,182,195,201,195,176,149,123,98,81,79,89
0112,2021/03/13,109,136,163,182,193,194,183,166,147,134,131,140,159,181,202,218,219,206,188,161,134,115,106,110
0112,2021/03/14,127,151,177,200,214,218,208,187,166,145,133,136,149,167,190,210,218,214,200,176,148,125,110,108
0112,2021/03/15,119,141,167,189,205,211,204,186,163,139,123,118,125,142,167,190,205,209,200,182,158,133,114,106
0112,2021/03/16,112,130,153,177,198,207,204,189,166,143,123,113,116,130,152,181,203,213,213,201,180,158,137,124
0112,2021/03/17,124,136,155,176,196,209,210,197,175,150,126,108,103,109,126,151,174,189,196,191,176,159,141,128
0112,2021/03/18,125,132,148,168,187,202,206,198,180,155,131,112,102,101,113,134,155,174,186,189,181,168,152,140
0112,2021/03/19,136,139,150,165,182,197,203,199,184,163,141,121,106,99,105,119,137,156,170,177,176,170,157,148
0112,2021/03/20,145,144,150,162,176,189,197,198,188,171,151,132,116,105,103,112,125,139,154,165,171,171,167,163
0112,2021/03/21,161,162,167,175,185,196,205,208,203,192,178,162,147,136,128,128,136,145,156,166,171,176,178,177
0112,2021/03/22,178,181,183,186,190,195,200,204,201,194,185,172,158,143,130,121,118,119,126,136,146,153,160,166
0112,2021/03/23,170,174,177,177,180,182,183,186,186,183,179,171,162,149,135,125,115,107,106,109,117,129,141,153
0112,2021/03/24,164,172,176,177,176,175,172,171,172,174,176,175,173,167,156,143,128,112,101,97,100,112,127,143
0112,2021/03/25,160,174,182,184,181,176,170,165,164,165,171,179,183,183,180,168,149,129,111,98,94,99,114,136
0112,2021/03/26,158,179,192,195,194,187,176,165,159,160,167,177,187,195,198,191,173,148,121,101,89,86,95,116
0112,2021/03/27,141,166,184,192,192,182,167,151,137,133,138,150,169,186,198,201,190,169,143,115,93,83,85,102
0112,2021/03/28,128,156,182,197,200,193,175,155,138,126,126,138,158,183,206,219,218,205,180,150,122,102,97,107
0112,2021/03/29,128,159,188,208,217,212,196,173,146,127,120,125,144,170,197,222,233,228,211,184,154,129,112,113
0112,2021/03/30,128,152,182,206,217,216,202,176,146,119,102,100,110,133,164,192,214,223,216,198,174,148,130,123
0112,2021/03/31,131,149,174,200,218,222,212,189,158,127,102,90,93,108,134,166,192,210,214,204,188,167,146,134
0112,2021/04/01,134,146,168,191,211,221,216,197,168,135,106,86,77,82,101,127,154,176,189,191,183,169,153,141
0112,2021/04/02,136,141,158,176,193,207,209,197,173,143,114,90,74,70,78,98,122,144,162,172,173,168,160,152
0112,2021/04/03,147,150,161,174,189,204,210,205,190,167,141,116,96,84,84,94,110,127,146,161,169,172,171,169
0112,2021/04/04,168,170,174,182,194,205,213,214,205,191,173,152,133,116,106,106,112,122,136,151,164,173,179,183
0112,2021/04/05,186,186,188,192,196,200,207,210,206,200,190,174,158,143,130,122,118,119,123,132,143,154,163,172
0112,2021/04/06,178,182,184,184,184,185,186,188,189,187,184,177,169,157,144,131,120,115,113,115,123,133,146,162
0112,2021/04/07,175,184,189,188,185,183,179,178,179,182,186,190,189,185,176,162,147,130,118,116,117,124,139,156
0112,2021/04/08,173,187,193,194,190,180,171,165,162,166,174,183,192,196,193,183,166,146,128,115,110,114,126,143
0112,2021/04/09,165,182,194,198,192,180,166,151,141,141,149,160,173,184,189,186,175,154,131,114,103,101,107,123
0112,2021/04/10,147,167,181,189,184,170,154,136,121,116,121,135,154,172,186,191,185,169,146,124,109,101,102,116
0112,2021/04/11,137,159,178,189,188,176,157,134,113,100,101,114,132,155,176,188,190,180,160,138,119,106,102,112
0112,2021/04/12,130,153,173,187,190,180,162,138,112,95,91,98,116,141,168,189,198,194,179,158,138,121,111,116
0112,2021/04/13,134,154,177,195,201,197,182,158,132,110,99,101,115,139,167,190,206,211,201,184,167,149,137,138
0112,2021/04/14,148,166,187,206,216,215,201,179,151,124,107,102,107,125,152,177,199,210,206,194,179,160,146,141
0112,2021/04/15,146,161,180,197,210,212,202,183,153,123,102,89,87,101,124,150,176,192,196,191,178,163,148,141
0112,2021/04/16,143,152,166,185,199,204,200,183,156,130,107,89,83,89,107,131,155,175,187,187,181,170,156,149
0112,2021/04/17,148,154,167,183,195,205,206,193,171,146,122,101,89,90,100,118,142,164,180,189,191,186,178,173
0112,2021/04/18,173,177,186,200,212,220,223,217,200,179,158,137,122,114,116,128,146,163,179,192,197,196,191,186
0112,2021/04/19,181,179,181,188,197,204,208,207,195,179,161,141,124,113,107,109,119,133,148,161,171,177,177,177
0112,2021/04/20,177,177,178,182,187,193,198,198,193,185,173,158,143,129,118,115,117,123,133,146,158,168,174,178
0112,2021/04/21,180,179,178,177,178,180,183,184,182,178,173,164,152,139,125,115,108,106,110,120,132,147,159,169
0112,2021/04/22,176,180,181,180,177,176,174,175,176,177,179,178,173,168,158,144,131,120,114,116,124,137,155,170
0112,2021/04/23,181,189,190,184,176,168,160,156,156,161,168,174,178,177,170,158,141,123,109,103,106,118,136,156
0112,2021/04/24,174,186,190,186,176,164,151,141,137,141,152,167,181,190,192,185,169,148,128,114,109,115,130,152
0112,2021/04/25,175,193,203,203,192,176,158,140,129,129,140,157,179,197,207,207,196,175,150,128,114,112,122,143
0112,2021/04/26,167,189,204,206,196,179,154,127,108,101,106,126,153,180,203,215,215,201,178,153,132,120,120,133
0112,2021/04/27,156,182,201,209,204,186,158,126,98,80,77,89,112,143,174,197,209,207,191,171,149,132,125,132
0112,2021/04/28,151,176,199,213,214,201,176,143,109,83,71,72,89,117,150,181,203,211,208,195,176,159,147,147
0112,2021/04/29,160,179,203,221,227,223,203,169,134,101,78,71,79,99,130,163,192,213,220,217,207,194,181,175
0112,2021/04/30,182,198,218,235,247,247,232,204,171,135,105,89,84,93,115,142,172,196,208,211,208,201,190,179
0112,2021/05/01,180,189,202,218,232,236,231,214,184,153,124,100,88,87,100,121,145,169,189,199,204,203,197,193
0112,2021/05/02,191,195,206,216,228,238,240,233,213,185,161,136,115,109,109,117,136,153,169,184,191,190,191,188
0112,2021/05/03,186,188,190,197,207,215,222,221,209,192,174,150,129,114,103,105,116,127,142,158,169,179,183,184
0112,2021/05/04,186,185,183,185,188,192,198,201,196,189,178,162,146,131,119,112,112,116,125,137,150,164,173,179
0112,2021/05/05,183,184,182,178,177,177,180,186,187,187,186,180,171,158,143,133,127,123,125,134,145,159,170,178
0112,2021/05/06,186,188,185,179,170,163,161,161,163,169,175,178,178,172,163,150,137,129,124,124,133,145,158,173
0112,2021/05/07,184,190,190,182,170,159,149,144,145,150,162,173,180,184,182,173,162,149,137,134,138,148,161,178
0112,2021/05/08,195,205,207,201,187,171,156,143,138,144,155,169,184,194,198,195,184,168,154,144,141,147,159,176
0112,2021/05/09,195,210,215,211,199,179,159,141,130,131,141,156,177,195,205,208,202,187,169,155,148,148,156,172
0112,2021/05/10,190,206,216,215,203,185,160,136,117,108,113,131,153,176,195,206,206,196,180,165,153,147,150,162
0112,2021/05/11,180,198,212,214,206,188,162,133,109,95,95,109,130,157,182,200,206,202,189,172,157,147,145,152
0112,2021/05/12,169,187,203,211,207,192,168,138,110,90,82,88,107,133,161,186,199,201,193,180,165,154,149,152
0112,2021/05/13,165,184,200,210,213,203,183,154,123,98,84,84,97,121,149,176,197,206,205,196,182,171,163,161
0112,2021/05/14,170,186,201,213,219,214,198,172,141,112,92,85,91,107,132,160,184,200,204,198,188,177,167,163
0112,2021/05/15,167,179,194,207,215,215,203,181,153,123,98,85,82,92,114,139,164,185,196,197,192,184,174,169
0112,2021/05/16,170,179,190,203,214,218,213,197,172,145,121,102,94,97,110,130,152,174,191,198,198,194,186,180
0112,2021/05/17,179,183,191,202,213,221,220,210,191,167,143,122,108,103,109,122,142,162,180,193,198,198,193,187
0112,2021/05/18,184,184,187,194,202,209,212,206,193,176,155,134,118,106,104,110,121,137,156,172,182,188,188,184
0112,2021/05/19,181,179,178,182,186,193,199,198,192,183,169,152,136,121,111,109,116,127,142,159,174,184,189,188
0112,2021/05/20,187,183,177,175,176,177,182,185,182,180,175,164,151,137,124,116,112,116,126,140,157,172,183,188
0112,2021/05/21,189,187,182,175,171,171,171,175,180,183,186,185,179,171,159,144,135,130,130,141,156,172,188,199
0112,2021/05/22,203,204,197,185,174,166,159,160,165,171,182,191,193,192,184,170,156,143,135,138,148,163,181,196
0112,2021/05/23,206,211,207,193,177,161,147,140,141,149,164,180,194,202,202,193,178,161,147,139,141,153,171,188
0112,2021/05/24,204,212,210,198,179,156,135,121,113,119,135,155,178,198,209,211,201,185,170,154,148,158,171,189
0112,2021/05/25,212,224,227,221,199,172,145,117,102,100,109,131,159,186,209,222,222,212,196,179,170,168,172,187
0112,2021/05/26,209,226,234,231,215,189,156,122,94,80,81,97,122,153,184,206,217,216,205,188,174,166,166,176
0112,2021/05/27,194,213,229,233,223,202,172,135,102,79,69,76,98,127,159,191,214,224,223,214,202,192,187,190
0112,2021/05/28,202,221,238,247,245,230,204,170,131,98,78,72,82,103,131,163,192,209,217,216,207,198,190,187
0112,2021/05/29,196,213,229,245,251,244,228,201,164,129,101,85,83,95,116,142,170,193,206,210,209,200,191,185
0112,2021/05/30,186,195,208,222,233,237,228,208,179,147,117,95,83,82,95,116,140,164,184,193,196,194,187,180
0112,2021/05/31,177,179,188,200,212,221,219,209,190,164,137,113,95,88,92,105,123,145,166,180,188,192,188,180
0112,2021/06/01,176,174,175,183,193,202,209,208,195,178,158,136,117,105,101,106,118,134,152,168,180,187,188,185
0112,2021/06/02,180,175,172,172,177,184,191,195,192,183,172,157,140,126,117,115,120,130,144,160,173,184,190,188
0112,2021/06/03,185,180,171,165,165,167,172,178,182,183,180,174,166,154,143,137,135,138,146,158,174,186,193,198
0112,2021/06/04,198,193,185,175,167,165,166,172,179,186,192,194,192,185,176,166,158,154,155,164,177,190,202,209
0112,2021/06/05,211,209,199,186,171,159,153,153,157,166,178,187,190,190,185,176,167,160,157,159,167,180,193,203
0112,2021/06/06,210,211,203,189,172,155,141,134,136,144,158,174,186,194,196,190,182,174,165,161,165,174,188,200
0112,2021/06/07,210,214,209,197,178,155,136,121,114,119,133,152,172,187,196,199,194,184,174,166,164,171,182,195
0112,2021/06/08,208,217,216,207,190,166,142,120,107,106,116,134,157,179,195,204,203,196,185,174,169,170,176,189
0112,2021/06/09,204,217,221,215,201,178,150,124,104,94,100,117,140,166,188,202,208,205,194,183,173,169,171,180
0112,2021/06/10,194,209,217,216,206,185,157,127,102,86,83,94,115,142,170,190,202,205,198,185,177,171,168,174
0112,2021/06/11,186,201,213,219,215,199,173,143,113,91,80,82,99,123,152,179,197,206,205,196,186,178,170,171
0112,2021/06/12,182,195,209,219,219,209,187,158,128,99,80,78,86,105,133,161,185,201,204,199,191,182,175,173
0112,2021/06/13,178,190,204,216,223,218,203,179,148,118,95,83,85,98,120,150,175,196,208,208,202,195,184,179
0112,2021/06/14,181,190,203,216,226,228,221,201,174,146,120,102,95,100,116,140,166,190,205,210,208,202,192,184
0112,2021/06/15,183,186,195,206,218,225,224,212,192,165,139,118,104,102,111,127,150,174,193,204,208,205,197,189
0112,2021/06/16,183,182,186,195,206,215,219,214,200,180,159,137,120,111,110,120,138,158,179,196,205,206,201,191
0112,2021/06/17,185,182,180,183,191,200,208,210,204,192,177,159,141,129,122,123,133,149,169,187,201,208,207,200
0112,2021/06/18,193,185,177,175,178,185,193,199,199,197,191,179,164,149,139,135,136,146,161,178,196,208,211,209
0112,2021/06/19,204,194,183,173,167,169,174,181,188,194,196,194,187,176,165,156,151,153,162,177,193,208,219,221
0112,2021/06/20,216,206,191,176,164,157,155,159,168,179,190,198,200,197,190,180,171,164,165,173,186,203,217,223
0112,2021/06/21,224,217,201,182,163,146,137,134,139,151,168,185,198,205,205,199,189,179,172,172,181,196,210,222
0112,2021/06/22,229,226,212,193,169,144,126,114,110,119,136,159,181,196,207,210,203,194,184,177,179,187,201,216
0112,2021/06/23,227,230,225,207,181,153,125,103,91,90,103,127,152,178,199,210,213,208,198,187,182,185,194,206
0112,2021/06/24,222,232,232,222,201,172,138,108,85,74,78,96,123,152,181,202,214,217,210,199,190,186,189,199
0112,2021/06/25,215,230,238,235,223,198,165,129,97,75,68,77,96,124,156,186,205,214,215,207,197,189,186,191
0112,2021/06/26,204,221,236,242,237,222,195,160,124,93,75,72,83,106,135,165,191,208,214,211,204,194,187,185
0112,2021/06/27,192,207,223,236,241,235,217,189,153,119,93,80,82,96,119,148,177,199,211,215,210,203,194,186
0112,2021/06/28,188,199,212,228,241,242,233,214,184,152,124,102,93,98,114,138,164,187,204,212,212,206,195,185
0112,2021/06/29,179,182,193,208,223,234,234,224,204,179,152,130,116,112,121,137,157,179,200,211,214,210,201,190
0112,2021/06/30,180,176,179,188,200,213,220,218,207,188,164,142,125,113,114,126,142,164,183,196,204,205,198,188
0112,2021/07/01,178,169,166,168,177,190,200,205,203,193,178,162,146,135,131,133,145,163,179,195,206,209,206,198
0112,2021/07/02,186,175,165,160,163,170,179,189,191,190,186,176,164,155,146,144,151,162,177,191,202,212,213,207
0112,2021/07/03,197,185,173,163,158,158,163,172,179,184,186,184,180,172,166,162,161,166,175,186,199,209,212,211
0112,2021/07/04,205,194,179,162,149,143,143,148,156,164,172,178,181,179,176,172,167,168,172,180,192,203,210,213
0112,2021/07/05,211,204,192,174,156,143,135,134,141,151,164,177,185,192,193,190,186,182,180,183,191,202,211,217
0112,2021/07/06,220,215,204,188,167,147,133,124,123,133,147,164,182,193,201,203,198,192,188,185,189,198,207,216
0112,2021/07/07,223,223,217,204,183,161,139,122,115,118,130,149,170,190,204,209,208,204,197,189,188,192,200,210
0112,2021/07/08,221,227,225,215,197,173,147,123,106,102,111,127,150,175,195,208,214,211,203,195,188,188,193,200
0112,2021/07/09,214,225,228,223,210,188,161,132,109,97,97,110,132,157,184,204,213,217,211,199,192,188,187,195
0112,2021/07/10,208,221,231,231,223,205,176,145,118,96,88,97,114,139,169,193,209,217,213,205,195,186,181,185
0112,2021/07/11,196,210,224,231,227,216,194,161,130,104,87,86,98,120,149,177,200,212,214,208,198,188,180,178
0112,2021/07/12,186,201,215,226,233,228,210,184,151,120,98,87,90,108,133,162,189,207,214,212,203,192,181,174
0112,2021/07/13,177,188,202,217,228,229,220,200,170,138,113,94,90,99,118,145,174,197,209,211,205,193,180,169
0112,2021/07/14,168,174,184,200,213,221,221,208,185,158,129,107,96,96,109,131,157,182,201,207,206,198,183,170
0112,2021/07/15,163,162,170,182,196,209,214,209,196,172,148,127,110,103,108,122,145,169,189,202,206,200,187,173
0112,2021/07/16,162,155,154,162,175,188,200,204,199,186,168,149,132,120,117,125,140,161,182,198,206,206,196,181
0112,2021/07/17,166,155,148,148,155,165,178,188,192,190,182,170,157,145,137,138,147,161,179,196,209,213,207,193
0112,2021/07/18,178,164,148,140,141,145,155,167,176,182,186,183,175,168,160,155,157,165,178,194,207,216,215,206
0112,2021/07/19,194,177,159,143,132,129,133,141,154,166,175,184,186,184,180,175,172,175,180,190,205,214,219,217
0112,2021/07/20,208,194,174,153,136,123,118,120,128,141,158,175,187,195,198,195,192,189,189,193,202,214,222,225
0112,2021/07/21,223,213,196,175,151,129,113,105,106,117,134,155,176,193,203,207,207,202,196,195,198,206,215,224
0112,2021/07/22,229,227,216,197,172,144,120,101,92,94,107,128,154,178,198,211,214,211,205,199,196,199,207,218
0112,2021/07/23,230,236,234,222,201,172,141,114,93,84,89,105,130,160,187,208,219,220,215,206,198,196,198,208
0112,2021/07/24,222,236,243,240,226,203,171,136,108,89,83,92,112,138,169,197,215,223,221,210,200,193,189,195
0112,2021/07/25,208,224,240,247,242,227,200,165,132,104,87,87,100,123,153,183,206,220,222,215,204,194,184,184
0112,2021/07/26,194,209,228,244,249,244,226,197,162,130,108,99,103,121,148,176,204,224,231,229,219,206,194,187
0112,2021/07/27,190,203,220,240,254,258,250,229,200,169,141,123,121,130,150,177,203,225,237,238,230,216,202,190
0112,2021/07/28,185,192,207,222,239,252,252,239,217,190,163,141,131,132,145,167,190,211,229,232,227,218,200,184
0112,2021/07/29,176,172,179,194,211,227,235,231,218,198,176,157,143,140,148,164,185,207,223,231,230,220,205,188
0112,2021/07/30,174,166,166,174,188,205,217,221,217,205,189,173,160,153,155,165,183,202,218,229,232,227,215,198
0112,2021/07/31,182,171,162,162,171,184,198,208,210,207,198,186,178,171,168,176,188,202,218,231,237,236,227,213
0112,2021/08/01,198,184,171,165,165,172,184,195,203,207,206,201,195,189,187,188,193,203,214,225,232,235,229,217
0112,2021/08/02,204,189,173,161,153,153,159,167,176,185,191,193,193,193,191,192,194,198,205,213,222,226,224,218
0112,2021/08/03,208,194,180,163,148,141,140,143,151,162,175,184,189,193,196,196,197,198,199,204,211,218,221,220
0112,2021/08/04,215,206,192,174,156,142,132,130,135,146,160,176,188,199,206,207,207,206,201,200,206,212,217,222
0112,2021/08/05,224,218,209,193,172,153,136,124,122,129,144,163,182,200,212,218,219,216,210,205,206,210,216,224
0112,2021/08/06,230,233,228,215,196,172,149,129,117,118,129,148,171,194,212,223,226,223,215,208,203,202,208,217
0112,2021/08/07,227,235,237,230,213,190,163,136,116,108,114,128,151,179,202,219,230,228,220,210,202,198,200,208
0112,2021/08/08,222,235,244,245,234,215,188,156,130,114,110,120,142,169,198,222,235,239,233,221,210,201,197,204
0112,2021/08/09,217,233,247,254,252,239,213,181,149,125,115,116,131,159,191,220,241,250,248,239,225,212,205,206
0112,2021/08/10,216,233,252,265,270,266,248,219,186,154,130,121,126,142,168,198,222,237,236,226,212,195,181,178
0112,2021/08/11,183,199,219,237,250,253,242,219,190,156,130,116,114,128,154,182,209,226,232,227,213,193,176,164
0112,2021/08/12,163,172,190,211,228,239,238,224,200,173,146,124,117,124,141,168,197,219,231,231,219,201,181,165
0112,2021/08/13,157,159,172,192,211,229,238,234,220,197,172,152,139,138,150,169,195,218,232,239,233,216,197,176
0112,2021/08/14,161,156,161,175,194,213,228,235,229,217,201,184,170,165,169,183,202,222,238,247,245,234,212,189
0112,2021/08/15,171,157,151,157,168,184,202,212,216,214,206,195,184,176,175,182,194,209,224,234,237,229,211,192
0112,2021/08/16,171,153,141,136,139,149,162,175,186,193,195,193,188,183,182,184,190,200,212,222,229,227,217,202
0112,2021/08/17,183,163,146,132,125,127,134,144,156,168,178,185,190,192,192,194,196,200,207,216,225,231,228,219
0112,2021/08/18,206,188,170,153,137,127,127,129,136,150,166,179,191,200,204,206,206,203,204,208,213,219,223,222
0112,2021/08/19,215,204,188,167,145,126,114,108,110,121,136,155,174,190,203,208,207,204,198,195,200,205,209,217
0112,2021/08/20,219,216,209,191,165,142,120,102,96,98,110,131,153,177,197,207,210,205,196,189,186,186,194,205
0112,2021/08/21,214,222,223,212,193,167,138,112,94,88,95,111,134,163,187,206,215,211,202,192,181,178,182,192
0112,2021/08/22,208,224,232,231,220,197,168,137,109,93,92,102,122,150,180,203,218,220,211,197,184,174,171,180
0112,2021/08/23,196,216,235,242,237,223,198,166,135,111,100,105,119,145,176,201,219,226,217,203,187,170,161,163
0112,2021/08/24,176,196,219,237,243,237,219,190,157,131,112,108,118,138,166,195,217,228,226,214,196,176,161,156
0112,2021/08/25,164,183,207,229,243,246,238,217,187,157,137,125,126,143,166,193,218,230,232,223,204,182,162,149
0112,2021/08/26,148,160,180,202,222,233,232,219,195,171,149,133,130,141,159,185,208,224,231,226,210,190,167,150
0112,2021/08/27,142,145,160,182,202,220,228,221,206,188,167,153,145,148,164,185,205,223,232,229,219,199,176,157
0112,2021/08/28,144,139,148,163,181,201,213,216,209,196,181,168,160,161,169,184,204,220,230,231,224,207,186,167
0112,2021/08/29,149,139,139,146,161,179,193,202,204,197,188,179,171,170,175,185,200,213,223,229,226,213,196,177
0112,2021/08/30,160,147,141,140,148,161,175,186,193,193,190,185,180,179,181,187,198,208,217,224,225,217,204,190
0112,2021/08/31,173,158,148,142,141,148,159,169,178,185,188,188,187,187,189,192,197,203,209,215,219,215,206,197
0112,2021/09/01,185,170,158,146,138,139,143,150,160,169,178,187,191,194,199,200,203,205,207,212,217,217,215,210
0112,2021/09/02,202,191,178,163,150,141,138,139,145,158,172,184,195,204,210,213,214,211,207,208,212,214,217,218
0112,2021/09/03,215,210,198,183,165,147,135,130,130,139,154,172,190,204,214,219,217,211,205,201,201,205,209,216
0112,2021/09/04,221,220,216,203,181,160,140,121,114,118,130,151,173,191,207,215,215,208,197,189,186,184,191,204
0112,2021/09/05,212,220,223,213,196,173,146,123,107,101,111,130,155,181,202,215,219,212,199,187,176,172,177,188
0112,2021/09/06,204,219,228,229,217,196,169,140,116,103,105,119,143,172,199,217,226,222,206,192,177,164,163,173
0112,2021/09/07,189,211,228,234,233,218,192,162,131,109,103,110,130,159,187,211,226,224,210,193,172,156,149,154
0112,2021/09/08,170,192,214,231,239,234,215,186,154,127,112,111,125,149,178,207,226,229,220,202,179,157,141,138
0112,2021/09/09,148,167,193,217,232,237,228,205,176,147,126,118,123,142,170,198,220,229,224,208,183,157,135,125
0112,2021/09/10,128,142,166,192,214,228,230,217,195,169,147,133,131,143,166,194,217,231,233,220,197,169,142,125
0112,2021/09/11,119,125,144,168,192,214,226,223,209,190,172,157,150,156,172,194,217,233,239,232,214,188,160,136
0112,2021/09/12,123,120,129,148,170,193,210,216,213,204,191,178,172,171,180,198,217,233,242,239,227,204,176,151
0112,2021/09/13,131,120,118,127,142,160,179,192,197,197,193,186,180,178,182,193,207,220,229,232,226,210,190,168
0112,2021/09/14,145,129,122,121,127,141,156,171,184,189,193,195,194,195,197,202,211,220,228,234,233,225,211,192
0112,2021/09/15,173,155,140,132,128,132,142,153,165,178,188,197,203,206,209,211,213,216,221,225,228,226,218,209
0112,2021/09/16,195,178,163,147,133,127,127,130,139,152,166,181,193,201,208,211,208,206,205,206,209,212,212,212
0112,2021/09/17,207,196,183,164,145,131,120,115,118,127,143,163,182,197,208,213,211,206,199,196,198,201,208,216
0112,2021/09/18,220,219,213,199,178,156,137,124,118,122,135,153,174,195,211,218,216,207,194,185,181,180,188,201
0112,2021/09/19,215,226,228,219,203,179,153,132,116,113,123,140,164,189,209,222,223,211,196,180,167,163,169,182
0112,2021/09/20,201,220,229,230,221,199,172,145,122,112,116,127,149,176,199,216,222,212,195,175,157,144,144,156
0112,2021/09/21,177,200,220,230,228,214,190,162,136,118,114,123,144,169,196,217,227,223,207,185,163,144,136,143
0112,2021/09/22,161,185,211,229,236,232,214,187,161,139,129,133,147,170,198,221,233,232,219,198,173,148,132,129
0112,2021/09/23,142,168,193,216,234,236,226,207,180,157,145,140,149,170,193,217,235,236,225,206,179,151,131,121
0112,2021/09/24,126,144,169,194,216,227,225,212,190,169,153,145,147,161,183,207,224,229,223,207,183,155,131,116
0112,2021/09/25,114,125,146,171,194,211,216,210,195,178,162,152,150,158,176,197,214,223,223,211,190,164,138,120
0112,2021/09/26,112,115,129,151,174,193,206,207,199,187,175,165,162,166,179,197,212,223,225,218,202,180,155,135
0112,2021/09/27,121,117,125,140,159,180,195,202,200,193,185,179,175,176,184,197,211,221,225,221,210,192,170,151
0112,2021/09/28,133,125,126,133,146,163,178,190,195,194,191,187,184,185,189,198,210,217,222,222,214,201,185,167
0112,2021/09/29,150,139,133,132,138,150,163,174,184,189,191,191,191,193,196,200,207,213,217,219,217,208,197,185
0112,2021/09/30,170,157,148,140,138,143,150,160,171,181,189,194,199,202,204,206,209,208,208,210,211,209,205,198
0112,2021/10/01,189,176,165,154,144,140,143,148,158,172,185,196,205,210,212,214,213,210,209,211,214,217,220,221
0112,2021/10/02,218,210,200,186,171,157,148,148,153,164,179,194,208,218,222,222,217,207,197,193,193,195,201,208
0112,2021/10/03,210,209,203,188,169,149,132,121,119,127,143,164,184,198,209,212,205,193,180,170,165,167,175,187
0112,2021/10/04,197,206,208,198,181,158,135,118,109,110,125,147,171,193,209,215,210,196,178,162,153,152,159,174
0112,2021/10/05,194,211,221,220,208,186,159,135,117,111,119,139,166,193,215,227,225,209,189,169,152,145,150,164
0112,2021/10/06,186,211,230,237,232,216,191,163,139,127,127,142,167,195,219,235,237,224,201,174,150,133,129,139
0112,2021/10/07,159,187,214,232,238,232,211,182,155,135,127,133,152,179,207,229,236,227,205,176,145,122,110,111
0112,2021/10/08,128,155,185,212,230,234,223,202,177,153,139,139,150,172,200,223,234,231,214,186,154,123,102,97
0112,2021/10/09,104,126,156,185,211,226,225,213,195,173,156,151,155,171,194,217,233,234,221,197,166,133,105,89
0112,2021/10/10,87,101,126,153,181,205,215,213,204,189,175,168,167,175,195,216,233,240,234,215,188,155,125,101
0112,2021/10/11,91,94,108,129,155,179,197,205,205,199,190,183,180,182,193,209,224,233,233,223,203,176,146,121
0112,2021/10/12,104,96,100,111,129,151,170,181,187,187,184,181,178,179,186,197,209,218,221,217,206,189,166,141
0112,2021/10/13,122,110,105,107,118,131,146,164,176,182,188,192,192,193,195,201,210,214,218,221,215,205,192,174
0112,2021/10/14,156,140,127,121,121,126,137,149,161,175,186,193,200,202,204,206,207,208,209,210,210,208,202,193
0112,2021/10/15,182,168,153,140,131,128,129,135,146,160,174,188,198,203,205,204,200,194,192,191,193,196,198,198
0112,2021/10/16,198,190,176,162,147,133,127,128,133,145,162,180,196,207,213,212,204,193,185,181,182,187,196,206
0112,2021/10/17,211,212,208,196,177,157,141,131,130,139,156,176,192,204,214,214,202,188,174,162,158,162,171,186
0112,2021/10/18,200,211,213,204,188,170,148,131,126,127,138,159,179,196,211,216,206,189,167,148,137,136,144,159
0112,2021/10/19,180,200,211,211,203,185,163,144,131,128,138,155,178,201,217,225,220,202,180,156,137,131,136,151
0112,2021/10/20,176,202,221,234,233,219,199,177,159,150,149,162,182,202,221,230,225,210,186,157,133,117,115,125
0112,2021/10/21,148,175,201,219,226,221,204,182,162,147,144,153,170,191,212,225,226,213,190,159,131,111,100,105
0112,2021/10/22,124,151,181,205,220,223,211,193,176,158,151,156,168,189,213,229,235,228,206,178,148,123,107,103
0112,2021/10/23,115,139,168,194,215,224,221,209,192,174,164,163,167,181,203,219,227,227,210,184,156,127,105,96
0112,2021/10/24,99,116,143,168,193,209,212,206,193,177,167,163,165,178,196,212,222,223,210,188,162,133,108,93
0112,2021/10/25,90,99,119,143,168,188,198,199,194,181,171,169,168,174,193,208,218,224,218,202,180,153,129,111
0112,2021/10/26,102,106,118,138,163,185,200,209,208,201,193,188,187,191,199,213,224,230,230,220,200,178,153,131
0112,2021/10/27,118,114,119,133,149,169,185,195,201,200,194,192,190,189,196,207,215,221,221,215,202,185,165,146
0112,2021/10/28,130,122,120,125,136,151,166,178,189,193,192,192,191,190,195,200,204,207,206,205,199,187,174,160
0112,2021/10/29,144,132,124,120,123,133,144,157,171,180,186,190,191,190,192,193,195,195,196,197,195,190,184,174
0112,2021/10/30,162,150,139,131,126,125,130,141,154,168,180,188,193,196,195,193,190,184,183,184,182,184,185,181
0112,2021/10/31,177,168,154,142,130,122,122,128,138,154,170,184,194,197,198,194,186,176,169,165,165,171,178,184
0112,2021/11/01,188,187,178,164,149,133,123,122,128,140,159,179,194,203,206,201,189,174,160,151,151,158,168,183
0112,2021/11/02,196,203,202,193,176,157,141,131,130,138,158,182,201,215,222,217,203,184,163,147,140,143,155,174
0112,2021/11/03,194,212,222,219,206,187,165,148,140,142,156,177,200,218,227,226,212,188,162,138,124,121,130,150
0112,2021/11/04,177,204,223,231,227,212,190,169,153,146,153,171,193,214,230,233,222,198,166,135,110,99,102,117
0112,2021/11/05,143,175,204,223,230,224,207,186,168,155,156,168,187,211,231,239,234,213,181,146,112,90,82,87
0112,2021/11/06,109,142,174,203,221,225,217,203,184,169,162,166,180,201,223,236,236,222,194,157,121,91,73,70
0112,2021/11/07,83,107,141,174,199,214,218,210,195,181,171,169,177,193,213,230,236,230,210,178,140,107,82,67
0112,2021/11/08,69,83,109,140,170,193,204,205,200,189,181,176,177,189,206,222,235,235,222,198,168,137,107,87
0112,2021/11/09,79,83,100,124,150,175,194,205,208,203,200,198,195,201,214,227,242,249,242,227,203,176,148,123
0112,2021/11/10,107,104,110,124,143,165,185,200,207,208,207,206,202,204,210,217,227,236,237,230,216,196,172,150
0112,2021/11/11,131,119,115,119,130,145,162,179,191,198,202,203,203,202,203,206,210,214,218,218,212,203,188,169
0112,2021/11/12,153,138,128,125,127,134,147,161,174,186,194,197,198,196,192,189,186,188,192,194,195,195,188,180
0112,2021/11/13,170,157,146,136,130,132,137,147,162,174,185,195,197,197,195,187,178,173,169,170,176,179,183,185
0112,2021/11/14,181,173,163,149,139,133,130,137,148,160,176,189,196,200,198,188,177,163,154,152,155,165,177,185
0112,2021/11/15,192,192,185,175,163,150,142,142,147,158,174,189,202,208,207,197,179,161,146,134,132,141,154,170
0112,2021/11/16,184,192,195,190,177,164,152,144,147,155,168,186,202,210,214,207,187,164,141,123,117,121,133,153
0112,2021/11/17,174,191,201,201,193,181,166,154,148,151,163,180,197,210,216,211,196,173,147,121,107,104,113,132
0112,2021/11/18,157,181,200,208,206,197,182,168,159,156,162,178,194,212,224,222,211,189,157,129,107,94,98,114
0112,2021/11/19,138,167,191,207,212,207,196,182,170,164,165,176,193,211,224,228,221,202,172,140,113,95,91,99
0112,2021/11/20,119,146,175,198,211,211,203,191,178,168,166,172,184,201,217,226,223,206,179,148,118,93,81,83
0112,2021/11/21,99,125,154,181,201,209,207,198,185,174,169,170,179,194,211,223,225,216,194,164,133,107,89,83
0112,2021/11/22,93,112,141,170,194,211,217,212,203,193,186,184,191,205,221,235,244,240,224,199,170,139,114,103
0112,2021/11/23,103,115,137,163,188,210,220,222,217,206,198,193,193,204,216,225,233,233,221,202,176,149,125,107
0112,2021/11/24,100,105,121,145,169,191,206,211,209,201,193,188,188,192,201,212,222,225,221,208,188,164,140,120
0112,2021/11/25,108,107,116,131,151,173,191,203,207,205,200,194,190,191,198,206,214,220,221,213,198,180,159,140
0112,2021/11/26,126,118,117,125,139,157,176,192,200,202,200,194,189,188,189,194,201,205,209,208,201,191,174,154
0112,2021/11/27,139,128,121,123,130,143,160,176,189,196,196,194,189,184,183,185,185,187,190,191,189,183,175,163
0112,2021/11/28,149,137,128,122,123,130,141,157,172,184,192,192,189,186,181,175,173,170,169,173,177,179,180,177
0112,2021/11/29,169,159,147,138,132,130,136,148,163,179,192,197,199,197,189,179,168,160,155,156,161,169,176,182
0112,2021/11/30,184,179,171,159,147,139,136,142,155,171,188,201,205,206,199,186,171,158,145,141,147,156,172,190
0112,2021/12/01,201,208,208,201,194,183,174,171,174,186,202,214,224,228,220,207,187,162,145,133,127,135,152,171
0112,2021/12/02,193,211,216,214,205,189,174,162,157,165,180,196,211,219,218,209,187,158,130,108,97,98,111,134
0112,2021/12/03,161,188,209,216,213,204,189,176,169,171,183,201,218,233,239,231,210,180,146,116,95,86,92,111
0112,2021/12/04,138,170,198,218,226,222,210,197,187,182,186,200,217,234,246,245,229,202,164,121,88,69,65,74
0112,2021/12/05,96,127,158,187,205,210,206,197,185,175,173,179,193,210,225,231,224,204,171,132,95,67,51,51
0112,2021/12/06,65,92,124,157,183,198,203,199,190,181,175,175,185,202,218,231,234,222,197,163,126,92,68,56
0112,2021/12/07,58,76,103,133,162,186,200,205,200,192,185,181,188,199,214,232,240,236,224,200,166,133,103,83
0112,2021/12/08,76,83,100,124,151,177,195,204,207,204,196,189,187,192,204,217,228,233,228,212,187,158,127,103
0112,2021/12/09,87,83,93,109,130,153,174,188,194,194,189,182,177,176,181,192,202,210,212,206,192,172,146,121
0112,2021/12/10,102,92,93,102,116,135,156,173,185,190,188,184,178,172,172,177,184,191,198,198,194,184,169,151
0112,2021/12/11,132,120,115,115,123,137,152,169,182,190,194,191,184,177,170,167,169,170,175,180,181,180,175,165
0112,2021/12/12,154,142,133,129,131,138,151,166,180,191,198,200,196,189,178,171,165,162,164,170,174,179,183,183
0112,2021/12/13,178,166,155,149,144,143,149,159,170,182,191,194,194,188,177,163,149,137,134,134,141,152,160,167
0112,2021/12/14,171,169,166,159,150,147,148,153,164,176,188,198,203,199,190,176,159,142,128,121,125,134,146,162
0112,2021/12/15,173,179,183,179,170,166,160,159,167,176,188,200,206,207,201,185,165,143,123,110,106,111,126,142
0112,2021/12/16,161,178,186,187,183,174,168,165,164,171,184,194,205,212,209,199,179,153,129,108,97,100,112,130
0112,2021/12/17,156,179,194,205,205,199,193,186,182,187,197,208,224,235,237,231,214,189,161,131,107,96,101,118
0112,2021/12/18,145,174,192,201,207,207,198,190,184,180,185,194,205,218,225,222,211,188,158,129,104,88,88,101
0112,2021/12/19,122,150,178,198,209,211,206,196,186,182,184,190,202,216,227,230,224,205,176,144,115,95,86,91
0112,2021/12/20,108,134,163,189,207,214,212,204,193,185,182,184,195,209,222,231,229,215,191,160,128,103,88,85
0112,2021/12/21,95,117,144,171,193,207,212,208,199,191,186,184,190,205,220,232,237,230,210,183,153,123,100,89
0112,2021/12/22,90,9999,9999,9999,9999,9999,9999,9999,9999,193,184,178,179,190,204,218,226,226,214,192,164,135,109,92
0112,2021/12/23,86,96,117,141,167,189,202,207,203,195,188,179,176,185,195,208,221,221,214,200,177,151,125,103
0112,2021/12/24,92,93,106,126,150,174,193,203,203,199,191,180,176,179,187,199,211,218,220,212,195,176,153,131
0112,2021/12/25,115,109,115,129,149,172,192,207,213,210,203,194,185,183,186,190,199,210,211,207,200,184,166,146
0112,2021/12/26,127,118,118,124,138,157,175,193,201,202,200,189,177,172,168,170,179,185,190,194,191,186,179,164
0112,2021/12/27,149,137,129,130,139,152,169,185,195,203,204,195,185,177,166,162,162,163,170,177,180,184,183,177
0112,2021/12/28,168,155,145,140,136,141,156,171,184,196,199,194,186,176,163,152,144,140,141,146,153,161,167,170
0112,2021/12/29,171,165,156,148,142,144,151,161,175,190,199,202,198,189,176,160,142,129,123,122,130,142,153,167
0112,2021/12/30,178,183,184,180,173,171,171,174,186,199,211,218,219,214,199,176,153,132,115,108,109,118,136,156
0112,2021/12/31,174,192,200,198,194,186,177,177,181,190,204,212,217,217,207,189,165,135,109,93,86,90,105,128
