0112,2019/01/01,180,179,176,169,163,165,169,175,187,200,209,213,210,203,190,174,156,139,127,125,129,137,150,166
0112,2019/01/02,179,188,193,188,182,179,176,176,185,197,206,215,219,215,207,192,169,148,129,116,114,120,133,152
0112,2019/01/03,173,190,200,203,200,194,186,181,183,189,197,208,218,220,218,207,185,159,135,114,103,103,111,130
0112,2019/01/04,155,178,195,203,203,201,193,182,178,180,187,199,212,222,225,218,202,177,148,123,104,96,99,113
0112,2019/01/05,141,169,191,210,218,214,207,196,186,184,187,195,209,222,231,234,222,199,170,137,111,95,88,98
0112,2019/01/06,121,148,176,200,211,215,211,198,188,182,177,182,196,212,226,234,228,209,184,154,124,102,90,91
0112,2019/01/07,107,132,160,187,205,214,213,202,191,181,173,174,183,198,215,228,230,218,196,168,138,111,90,85
0112,2019/01/08,96,118,144,171,195,211,215,210,200,186,176,172,176,189,208,224,231,227,212,188,158,129,107,94
0112,2019/01/09,96,111,133,159,184,202,210,207,197,185,169,158,160,170,185,203,214,217,211,191,166,139,111,94
0112,2019/01/10,91,99,116,140,165,189,203,205,201,191,177,167,163,166,180,199,214,220,218,208,187,161,137,119
0112,2019/01/11,107,107,119,139,162,183,199,209,205,194,182,167,158,158,164,178,192,201,204,198,183,164,143,122
0112,2019/01/12,110,107,113,128,148,170,188,198,202,197,186,174,163,156,158,167,178,189,196,196,191,177,158,141
0112,2019/01/13,127,120,120,128,144,162,180,194,201,199,193,180,168,158,153,157,165,172,179,185,186,180,169,156
0112,2019/01/14,145,137,133,136,145,160,175,190,199,200,197,188,174,162,152,148,148,151,157,164,170,173,169,160
0112,2019/01/15,154,148,142,141,146,156,169,182,192,200,201,196,187,175,165,156,150,147,148,154,163,170,173,174
0112,2019/01/16,173,171,166,161,161,164,172,185,195,202,207,206,200,188,174,159,145,133,128,129,137,150,162,171
0112,2019/01/17,179,184,182,180,178,178,182,189,197,207,215,218,216,208,194,175,156,138,124,118,121,131,146,161
0112,2019/01/18,175,185,191,191,187,183,178,177,182,190,199,206,210,209,201,185,163,137,113,96,89,94,110,132
0112,2019/01/19,156,179,194,198,197,194,186,179,180,183,192,203,211,215,213,202,180,151,120,94,80,77,86,107
0112,2019/01/20,136,166,192,206,212,213,204,194,188,187,194,207,220,233,240,236,220,194,160,124,95,79,75,86
0112,2019/01/21,111,143,172,193,207,212,206,195,185,180,180,185,202,217,230,236,230,211,181,145,109,83,70,73
0112,2019/01/22,92,122,157,186,206,220,219,207,194,180,173,175,185,202,222,235,238,229,206,172,134,100,77,67
0112,2019/01/23,75,98,130,163,190,210,217,210,197,183,171,167,173,189,211,231,242,242,227,200,165,129,100,80
0112,2019/01/24,77,93,118,147,177,202,215,215,203,188,172,155,150,159,177,197,215,224,222,207,183,154,124,99
0112,2019/01/25,87,89,106,131,158,187,207,211,206,192,175,160,151,149,162,179,197,214,220,216,204,183,156,133
0112,2019/01/26,116,112,122,140,163,190,212,223,223,212,197,181,164,157,160,168,182,199,210,214,211,198,179,160
0112,2019/01/27,143,133,134,143,159,181,201,215,218,213,200,181,162,146,138,140,149,161,174,183,188,186,178,166
0112,2019/01/28,154,145,141,144,154,172,190,206,215,216,210,196,179,163,150,144,144,147,154,164,175,181,181,178
0112,2019/01/29,171,163,158,156,161,176,187,196,207,208,202,193,177,160,149,136,128,128,131,137,148,157,165,170
0112,2019/01/30,171,171,171,166,165,171,177,186,197,203,206,203,194,182,167,151,139,129,122,124,130,141,155,166
0112,2019/01/31,176,184,188,187,187,188,189,193,198,203,212,218,215,206,193,177,158,142,127,119,120,128,140,156
0112,2019/02/01,172,185,194,198,196,192,188,185,187,193,200,206,208,205,198,186,167,144,123,108,101,105,116,130
0112,2019/02/02,149,170,188,196,198,194,186,179,174,173,179,189,198,205,205,197,182,157,132,111,96,92,98,111
0112,2019/02/03,134,159,178,192,199,198,190,180,172,169,174,184,196,208,216,214,203,184,158,131,109,97,97,111
0112,2019/02/04,132,159,188,207,217,220,211,196,182,169,164,172,183,195,211,215,207,193,167,135,108,87,78,84
0112,2019/02/05,100,125,154,175,189,196,191,179,165,152,147,151,162,179,198,210,211,200,179,150,119,95,80,77
0112,2019/02/06,91,114,140,168,189,199,200,191,176,162,153,152,161,178,199,217,224,220,204,178,150,123,104,97
0112,2019/02/07,100,119,147,172,196,214,216,209,197,179,166,163,164,178,200,219,232,233,220,198,171,142,117,105
0112,2019/02/08,104,115,135,158,182,202,209,206,196,176,159,148,141,146,163,182,201,210,208,196,173,146,123,105
0112,2019/02/09,100,109,125,149,174,193,205,208,197,180,163,149,142,143,156,177,197,208,212,205,187,168,146,126
0112,2019/02/10,118,121,132,151,174,195,208,212,207,192,174,157,144,137,143,156,171,186,196,195,187,172,153,135
0112,2019/02/11,121,118,126,139,157,177,191,199,199,188,171,155,140,129,129,139,152,168,181,187,187,180,168,153
0112,2019/02/12,140,132,131,138,155,174,188,198,199,192,182,167,148,132,125,122,128,141,154,165,172,171,166,158
0112,2019/02/13,149,145,145,147,156,168,180,190,195,193,186,175,158,142,132,124,122,127,133,144,155,160,164,164
0112,2019/02/14,159,157,157,156,160,169,177,187,193,192,189,182,168,152,137,124,113,108,111,117,127,140,149,155
0112,2019/02/15,160,164,164,163,164,167,171,178,185,188,190,190,183,171,156,139,121,109,101,101,109,123,138,153
0112,2019/02/16,170,181,185,188,186,183,183,184,188,194,200,206,207,199,187,170,147,126,109,98,96,105,121,141
0112,2019/02/17,162,181,193,196,195,192,186,181,180,182,188,198,204,203,200,188,164,136,110,87,75,76,86,106
0112,2019/02/18,132,160,182,193,197,194,183,173,167,165,170,183,194,204,210,205,188,161,127,96,73,60,63,79
0112,2019/02/19,104,136,165,185,196,196,186,173,159,151,155,166,181,201,217,223,217,199,167,132,101,79,71,78
0112,2019/02/20,99,131,164,190,208,214,206,191,173,157,151,156,169,190,213,229,232,222,198,164,126,95,76,70
0112,2019/02/21,84,111,140,172,197,209,206,192,170,148,135,132,138,154,178,201,215,217,207,182,149,117,90,77
0112,2019/02/22,79,97,125,154,180,199,202,190,170,145,125,117,117,130,154,179,200,212,210,197,174,145,118,98
0112,2019/02/23,93,105,126,153,182,203,211,208,190,166,143,126,119,121,135,159,180,196,204,199,186,165,139,116
0112,2019/02/24,106,107,120,143,167,189,204,203,190,170,145,123,110,104,111,130,150,168,182,187,182,170,154,136
0112,2019/02/25,126,125,131,147,168,188,205,212,204,189,169,145,125,114,113,121,136,152,166,174,176,170,162,151
0112,2019/02/26,140,135,137,145,160,179,194,202,201,191,175,156,137,122,112,111,117,125,136,149,158,160,159,155
0112,2019/02/27,152,149,148,150,159,171,182,191,196,190,180,168,151,135,123,116,113,116,123,132,140,148,153,154
0112,2019/02/28,157,159,158,159,163,169,179,186,191,193,189,181,171,157,144,134,124,120,120,123,132,142,151,159
0112,2019/03/01,167,172,175,174,174,175,176,180,183,186,187,186,181,173,162,150,135,121,113,109,111,119,131,145
0112,2019/03/02,158,169,176,177,174,172,170,168,170,174,179,184,184,180,175,163,145,126,112,101,99,104,115,131
0112,2019/03/03,150,167,179,183,183,178,170,164,161,164,171,181,191,195,194,189,173,153,132,112,102,102,109,124
0112,2019/03/04,147,170,186,197,200,194,186,176,166,166,172,182,197,208,214,215,204,182,158,133,116,108,110,123
0112,2019/03/05,144,167,187,200,204,200,187,171,157,148,149,158,171,188,201,205,198,179,154,127,103,88,85,93
0112,2019/03/06,113,140,164,183,195,193,182,167,149,135,134,141,156,177,196,209,211,198,176,149,122,103,95,99
0112,2019/03/07,116,140,167,191,205,210,203,186,168,151,141,145,158,178,203,221,227,223,204,179,152,127,111,109
0112,2019/03/08,119,140,166,188,206,212,205,189,165,140,127,122,128,146,169,192,207,208,198,177,150,124,103,94
0112,2019/03/09,100,117,140,165,185,197,196,181,160,136,118,110,112,124,148,174,193,203,198,183,162,137,116,105
0112,2019/03/10,105,117,138,162,185,201,203,194,175,150,130,116,111,119,137,162,185,200,204,197,182,162,142,128
0112,2019/03/11,125,136,155,177,200,218,226,223,208,187,167,149,139,139,152,173,196,213,223,224,214,198,179,162
0112,2019/03/12,153,155,166,182,201,217,225,224,212,192,168,148,132,123,128,142,160,179,193,200,200,190,177,166
0112,2019/03/13,158,157,164,174,190,206,216,221,214,198,181,160,140,126,119,124,139,151,164,178,183,178,175,172
0112,2019/03/14,165,162,165,169,179,192,201,204,200,188,173,155,133,115,105,103,110,122,133,148,162,169,171,171
0112,2019/03/15,169,167,167,168,174,182,190,197,198,193,186,174,158,142,126,117,113,114,120,131,145,158,167,173
0112,2019/03/16,178,181,182,182,182,186,191,196,199,200,198,193,183,168,152,137,122,110,105,107,118,133,147,162
0112,2019/03/17,176,182,185,185,183,181,180,181,183,186,191,195,193,186,175,157,136,117,101,94,96,105,121,142
0112,2019/03/18,161,178,187,187,185,179,170,164,163,165,174,185,191,195,191,178,159,134,109,92,85,87,101,123
0112,2019/03/19,149,173,190,196,195,187,174,162,155,154,162,177,193,206,211,208,194,168,138,112,92,84,90,109
0112,2019/03/20,136,164,187,200,202,193,176,160,143,134,139,153,172,193,208,216,211,192,163,132,104,88,85,97
0112,2019/03/21,122,153,181,202,210,205,190,169,148,133,130,140,159,185,210,229,236,229,207,178,148,122,108,111
0112,2019/03/22,128,155,184,208,224,224,210,188,160,135,120,118,130,154,183,208,223,224,213,190,162,133,113,108
0112,2019/03/23,116,138,166,192,210,216,207,187,158,129,110,100,105,123,148,176,200,211,210,198,176,151,131,119
0112,2019/03/24,123,138,161,188,211,222,220,204,176,143,114,95,90,99,121,149,175,193,200,196,183,165,145,131
0112,2019/03/25,129,136,154,177,196,211,216,206,183,156,130,110,96,96,109,129,153,174,188,193,188,176,162,149
0112,2019/03/26,141,144,155,171,191,207,215,211,196,174,149,128,113,104,109,125,143,161,178,185,187,184,173,163
0112,2019/03/27,158,154,160,174,187,201,212,211,200,183,163,143,125,111,109,118,130,145,161,174,182,186,185,180
0112,2019/03/28,174,171,173,177,186,200,209,211,210,200,184,165,145,129,119,116,120,128,138,149,160,166,170,172
0112,2019/03/29,173,174,175,175,179,185,191,195,195,190,183,173,159,147,136,128,124,124,128,135,144,155,164,171
0112,2019/03/30,177,180,181,180,180,179,181,184,186,187,187,183,177,169,159,148,139,131,129,128,135,151,163,174
0112,2019/03/31,187,195,198,199,194,188,187,185,185,189,193,195,196,192,182,172,158,144,135,130,131,138,150,166
0112,2019/04/01,180,192,198,198,191,182,174,167,164,167,175,183,190,192,189,180,167,149,132,120,117,121,132,150
0112,2019/04/02,169,186,197,200,194,184,171,159,152,151,160,172,183,193,196,192,179,159,139,122,112,110,117,134
0112,2019/04/03,155,176,193,200,197,187,171,154,140,134,141,155,170,185,196,197,190,175,152,132,116,108,112,127
0112,2019/04/04,148,172,192,203,204,195,178,157,138,127,130,141,161,183,199,210,212,199,177,155,135,121,119,128
0112,2019/04/05,148,173,197,212,217,211,193,171,148,131,127,134,153,177,201,220,226,219,201,178,155,135,124,128
0112,2019/04/06,146,169,192,209,217,213,198,174,145,121,108,108,120,145,172,196,213,213,202,186,164,142,129,128
0112,2019/04/07,137,158,183,202,215,217,206,184,156,131,114,107,117,137,163,190,212,220,216,201,182,161,144,138
0112,2019/04/08,144,160,183,203,218,224,218,199,172,144,122,109,109,123,147,174,198,214,218,212,198,179,160,151
0112,2019/04/09,152,160,177,197,211,220,219,202,176,149,122,102,95,98,115,141,166,189,203,203,196,183,168,157
0112,2019/04/10,154,159,172,189,207,218,219,212,191,164,140,117,103,101,109,129,154,175,194,203,203,197,186,178
0112,2019/04/11,176,176,184,197,210,221,228,223,208,187,164,141,121,110,108,119,136,155,174,188,195,194,188,181
0112,2019/04/12,177,174,177,184,193,204,211,210,202,188,170,150,130,115,107,106,114,127,142,158,172,178,179,179
0112,2019/04/13,178,176,175,177,181,188,194,198,194,187,178,163,146,130,116,107,105,108,116,130,146,159,168,175
0112,2019/04/14,179,179,179,177,177,179,182,185,188,188,187,181,171,160,146,132,122,115,115,123,136,152,168,183
0112,2019/04/15,193,199,201,198,192,187,184,183,186,190,194,196,194,187,174,157,140,124,113,111,118,129,147,168
0112,2019/04/16,182,189,193,190,180,170,161,154,154,159,169,181,191,195,192,180,161,139,119,106,104,112,128,150
0112,2019/04/17,173,191,201,200,189,175,159,144,137,140,150,167,186,200,208,206,192,170,145,125,114,113,124,146
0112,2019/04/18,171,193,209,213,204,188,166,143,127,122,129,146,169,192,211,219,214,196,171,145,127,119,121,138
0112,2019/04/19,164,189,209,219,212,196,174,146,120,108,108,120,143,171,195,213,219,210,191,166,143,126,120,129
0112,2019/04/20,150,176,200,214,215,205,182,152,122,100,92,97,113,141,172,197,213,215,204,187,164,143,133,133
0112,2019/04/21,148,172,195,214,223,216,199,170,135,107,90,86,96,120,149,178,202,213,212,202,184,165,151,146
0112,2019/04/22,154,172,194,214,226,225,212,187,154,123,99,85,86,101,124,152,178,197,205,202,190,174,157,148
0112,2019/04/23,149,159,177,196,210,216,210,190,163,133,106,88,79,86,105,128,153,175,188,193,190,179,166,157
0112,2019/04/24,153,158,171,187,202,212,214,202,179,154,129,106,94,91,100,121,142,162,181,190,193,190,180,173
0112,2019/04/25,171,171,177,190,202,213,219,213,197,178,156,134,118,109,109,120,137,154,170,184,191,193,189,184
0112,2019/04/26,182,180,181,189,196,204,214,214,204,190,174,156,139,127,121,123,131,144,158,171,183,189,191,191
0112,2019/04/27,190,188,187,187,188,195,201,202,199,192,182,169,155,143,133,127,129,133,140,151,163,172,178,182
0112,2019/04/28,183,183,180,175,172,171,173,174,173,172,169,163,155,145,135,126,120,118,120,127,138,149,160,169
0112,2019/04/29,173,176,175,169,164,158,156,156,157,161,167,167,165,161,151,142,133,125,121,124,131,143,156,169
0112,2019/04/30,181,187,186,182,173,164,157,152,152,158,168,177,181,182,178,169,158,146,136,133,137,145,159,177
0112,2019/05/01,192,202,205,200,189,176,164,155,150,155,167,181,194,203,206,200,189,172,157,146,144,149,160,178
0112,2019/05/02,197,210,217,215,202,186,168,150,139,138,146,162,178,192,202,201,191,176,158,142,134,135,143,159
0112,2019/05/03,180,199,210,210,200,182,160,137,119,113,120,135,157,179,196,203,200,188,168,150,138,132,135,149
0112,2019/05/04,169,188,203,208,202,184,160,134,111,98,99,113,135,162,186,201,206,198,182,164,147,136,134,143
0112,2019/05/05,161,182,200,209,207,194,169,139,111,90,83,91,111,139,168,192,205,206,196,180,162,148,141,144
0112,2019/05/06,159,180,199,214,219,208,188,159,127,102,87,86,101,127,157,187,207,215,212,199,183,168,156,154
0112,2019/05/07,163,181,201,217,224,219,202,175,143,113,91,80,85,104,132,162,188,206,211,206,193,179,167,161
0112,2019/05/08,165,178,195,211,222,224,214,193,163,132,106,89,85,95,116,144,171,195,207,210,205,192,180,173
0112,2019/05/09,171,178,193,207,220,228,223,208,185,155,127,105,92,91,104,125,151,176,194,204,204,198,190,181
0112,2019/05/10,177,181,188,199,212,220,222,214,196,172,146,122,104,94,96,108,126,148,169,184,193,194,189,183
0112,2019/05/11,179,178,180,187,196,205,212,210,200,184,166,144,125,111,103,105,116,131,150,169,181,189,191,188
0112,2019/05/12,186,182,179,179,183,189,195,198,195,189,178,163,147,130,116,109,109,114,127,143,159,174,182,185
0112,2019/05/13,186,183,176,172,169,169,173,177,180,181,180,174,165,151,136,123,114,111,115,126,144,162,174,185
0112,2019/05/14,190,188,182,174,165,159,156,158,162,170,177,182,182,177,166,151,137,125,119,123,135,151,169,185
0112,2019/05/15,195,198,193,183,168,155,145,140,142,150,162,176,185,189,187,176,160,143,131,125,130,144,161,181
0112,2019/05/16,197,205,204,193,176,156,137,124,121,125,138,158,177,192,200,196,184,167,149,136,133,139,153,173
0112,2019/05/17,192,207,212,205,187,162,138,117,102,100,112,132,155,178,196,203,200,186,166,150,139,138,147,162
0112,2019/05/18,183,203,211,209,196,172,144,116,93,83,87,102,128,156,181,198,203,197,183,165,151,144,143,154
0112,2019/05/19,175,195,211,217,209,189,160,127,99,80,75,85,106,134,164,189,203,207,198,182,167,153,148,153
0112,2019/05/20,167,188,207,218,217,205,180,148,116,89,77,78,93,119,150,178,201,211,208,199,185,171,163,162
0112,2019/05/21,172,190,208,224,231,225,207,179,147,117,95,87,94,112,136,165,190,207,214,211,199,187,177,170
0112,2019/05/22,173,185,202,218,229,229,216,194,164,132,105,90,88,98,119,143,169,191,202,205,202,193,181,174
0112,2019/05/23,172,177,190,205,217,223,219,202,178,150,123,105,95,96,110,131,154,177,193,202,205,199,191,183
0112,2019/05/24,178,179,187,197,208,217,218,209,191,169,144,123,109,102,107,121,139,159,177,190,197,196,189,182
0112,2019/05/25,177,174,177,182,190,199,203,201,191,173,153,136,119,107,106,111,124,141,157,172,183,187,187,182
0112,2019/05/26,177,173,169,169,175,182,187,191,187,177,165,151,135,123,116,116,122,133,147,162,175,184,188,187
0112,2019/05/27,182,179,174,169,168,171,175,180,182,180,175,168,157,146,137,131,132,137,147,159,173,186,194,197
0112,2019/05/28,197,194,187,179,172,170,172,175,180,184,185,184,180,171,160,153,146,144,149,157,170,184,194,202
0112,2019/05/29,207,205,197,187,175,166,162,161,165,172,180,186,189,186,179,170,160,151,147,149,157,170,184,195
0112,2019/05/30,202,203,198,185,170,155,143,137,138,145,158,171,181,186,185,178,167,156,148,145,151,162,176,190
0112,2019/05/31,201,207,204,192,175,156,136,124,122,126,141,161,177,191,199,195,185,172,160,153,154,160,173,189
0112,2019/06/01,205,216,217,208,191,168,144,124,112,111,123,143,166,187,201,206,201,190,175,163,156,157,166,181
0112,2019/06/02,198,212,218,212,197,175,147,119,100,93,99,118,143,170,193,205,209,204,190,176,167,161,163,177
0112,2019/06/03,194,211,222,221,211,189,159,128,102,85,83,96,119,148,179,201,212,212,204,190,176,167,164,171
0112,2019/06/04,186,205,219,225,220,203,176,142,110,85,73,77,96,124,157,186,205,214,211,200,188,177,169,170
0112,2019/06/05,182,199,215,226,229,220,198,167,133,101,81,75,83,106,136,166,193,210,215,209,199,189,179,173
0112,2019/06/06,179,192,208,223,231,229,214,188,155,121,94,78,76,87,110,140,169,193,206,208,202,193,182,174
0112,2019/06/07,174,183,196,210,221,227,220,202,177,144,114,94,81,82,99,122,149,178,196,206,210,204,196,188
0112,2019/06/08,183,186,195,206,220,230,232,224,205,180,154,129,108,100,103,118,139,164,188,203,209,209,203,193
0112,2019/06/09,185,182,183,189,199,210,216,214,204,189,168,146,125,110,103,107,120,139,160,179,193,199,198,192
0112,2019/06/10,185,177,172,173,177,187,196,201,202,196,185,171,154,137,126,121,125,137,153,172,190,201,205,204
0112,2019/06/11,196,187,179,170,167,171,176,182,190,193,191,187,177,164,151,140,135,139,149,164,182,198,208,210
0112,2019/06/12,207,200,187,172,162,157,155,161,169,176,185,191,191,185,176,163,154,149,150,158,172,188,202,210
0112,2019/06/13,211,207,195,178,160,145,137,137,141,152,165,179,190,193,191,182,170,160,153,154,163,178,194,205
0112,2019/06/14,213,213,203,185,164,144,126,117,117,126,141,160,179,193,199,199,190,180,170,164,166,176,188,203
0112,2019/06/15,217,221,216,202,180,155,132,113,104,108,120,141,165,188,205,213,212,205,194,184,181,187,198,213
0112,2019/06/16,232,245,246,238,219,194,169,143,123,117,124,142,166,193,213,226,232,228,216,202,190,186,192,202
0112,2019/06/17,218,233,238,234,222,197,165,134,107,90,88,100,121,148,177,198,209,211,204,192,180,171,170,177
0112,2019/06/18,191,208,222,226,219,203,177,145,114,91,81,84,102,128,157,184,204,215,215,205,193,182,176,178
0112,2019/06/19,189,205,222,232,234,223,202,172,141,113,95,90,99,119,145,173,198,213,218,215,205,194,184,180
0112,2019/06/20,185,199,214,228,236,232,219,194,162,132,109,96,96,110,132,158,183,203,214,214,207,196,186,177
0112,2019/06/21,177,186,198,213,225,228,221,203,176,149,123,103,97,102,118,141,166,188,204,209,207,200,189,178
0112,2019/06/22,176,178,187,201,214,223,224,212,193,170,144,124,113,109,119,138,158,182,201,209,212,210,199,190
0112,2019/06/23,183,180,184,193,204,216,221,216,203,185,164,144,130,123,126,136,153,172,190,203,210,210,203,192
0112,2019/06/24,184,178,175,179,187,197,205,206,200,187,171,155,139,128,125,129,141,157,174,188,199,202,198,192
0112,2019/06/25,183,173,167,163,164,172,180,184,186,181,172,161,148,137,131,130,135,148,161,174,188,196,197,193
0112,2019/06/26,185,175,164,156,153,156,161,169,175,177,177,174,165,157,150,145,146,151,161,174,187,198,204,203
0112,2019/06/27,198,189,177,165,155,151,152,157,166,174,180,183,183,179,173,166,162,162,167,176,189,203,213,218
0112,2019/06/28,218,213,200,185,170,158,154,153,160,172,183,194,201,201,199,194,186,182,180,183,192,203,215,224
0112,2019/06/29,226,222,211,193,174,156,140,133,136,146,162,180,193,204,208,206,199,192,184,183,187,196,209,221
0112,2019/06/30,229,231,223,207,187,163,140,126,120,125,142,164,185,205,217,218,215,209,198,191,190,194,204,218
0112,2019/07/01,229,237,235,221,202,176,146,122,107,103,114,134,159,186,206,217,220,213,203,193,186,187,193,205
0112,2019/07/02,221,234,238,232,216,190,160,128,102,90,92,107,133,164,191,211,221,222,213,202,191,184,185,193
0112,2019/07/03,208,224,234,236,227,206,175,140,107,84,75,80,101,132,164,192,211,220,217,207,196,187,181,186
0112,2019/07/04,199,215,233,243,241,230,205,171,136,103,83,81,93,116,148,179,204,221,225,218,209,197,187,184
0112,2019/07/05,190,206,223,237,245,241,224,197,162,127,99,83,82,98,123,154,186,210,220,221,214,203,190,181
0112,2019/07/06,182,193,208,224,238,243,237,217,189,157,126,102,91,93,110,135,165,192,209,216,212,203,192,179
0112,2019/07/07,173,178,187,201,218,228,231,224,206,180,153,127,109,105,109,126,152,177,198,211,213,208,196,181
0112,2019/07/08,171,166,168,177,191,205,215,217,209,194,174,151,131,118,117,126,142,164,187,203,213,213,204,192
0112,2019/07/09,177,167,162,162,171,185,195,203,205,199,189,174,156,142,134,134,143,160,179,196,209,215,211,198
0112,2019/07/10,184,172,158,149,151,157,166,177,185,188,189,183,174,164,155,148,151,159,171,188,203,210,213,208
0112,2019/07/11,195,180,164,148,141,140,143,151,162,172,180,185,185,181,176,168,163,168,175,186,202,215,222,222
0112,2019/07/12,216,204,187,167,150,141,136,138,146,158,171,182,191,195,194,189,182,179,180,184,196,209,219,224
0112,2019/07/13,225,217,201,182,160,142,130,123,125,136,150,167,185,196,202,203,198,191,186,185,190,201,212,222
0112,2019/07/14,229,227,219,202,179,155,135,120,115,119,132,151,172,192,205,211,211,203,196,189,187,194,204,214
0112,2019/07/15,226,232,228,217,197,172,146,122,108,106,113,131,155,179,200,214,219,216,206,196,189,187,193,204
0112,2019/07/16,217,230,234,227,213,190,160,132,109,95,97,109,130,156,181,200,212,213,205,195,184,179,180,187
0112,2019/07/17,201,217,227,229,222,204,176,146,117,97,91,97,114,141,168,191,209,216,213,202,190,180,174,177
0112,2019/07/18,190,206,221,228,227,216,194,164,134,108,91,90,103,125,152,180,202,213,215,209,197,184,176,174
0112,2019/07/19,183,199,215,229,236,232,215,190,158,128,109,100,103,120,145,172,196,212,220,216,204,191,180,171
0112,2019/07/20,174,186,201,217,229,231,222,202,175,146,123,108,104,115,135,159,185,205,216,217,210,197,182,171
0112,2019/07/21,168,174,186,200,214,224,222,209,187,161,136,118,110,114,128,148,172,194,209,215,209,199,186,172
0112,2019/07/22,166,166,173,186,201,213,219,214,198,178,156,135,124,123,130,147,168,190,207,215,216,209,196,182
0112,2019/07/23,172,166,168,175,188,202,212,213,205,190,172,154,141,134,137,148,163,182,199,211,216,212,202,188
0112,2019/07/24,175,166,162,163,171,183,194,200,200,193,180,166,153,145,144,149,160,175,190,203,211,211,204,192
0112,2019/07/25,178,167,157,152,155,162,172,183,188,189,185,176,166,160,156,157,163,173,185,199,208,212,210,201
0112,2019/07/26,189,176,162,150,145,147,154,162,172,180,182,182,180,174,170,170,171,177,185,194,204,212,212,208
0112,2019/07/27,199,185,169,153,140,135,135,140,150,163,174,181,186,186,185,183,181,182,185,191,201,211,215,216
0112,2019/07/28,212,202,187,168,148,134,127,125,132,146,161,176,189,196,199,198,194,189,187,188,194,202,210,216
0112,2019/07/29,217,212,200,181,157,135,119,108,108,119,135,156,178,194,204,206,204,199,192,189,190,196,206,215
0112,2019/07/30,223,226,219,203,180,153,127,106,95,99,112,133,159,183,201,213,214,209,201,191,187,189,196,209
0112,2019/07/31,221,230,233,224,204,178,146,115,94,84,90,109,135,165,192,210,219,218,209,198,189,184,186,197
0112,2019/08/01,211,227,237,236,226,204,172,136,105,84,78,87,109,141,174,201,218,223,217,206,193,183,179,185
0112,2019/08/02,199,218,235,243,242,229,203,168,132,101,84,82,95,121,155,187,212,224,223,214,199,184,173,172
0112,2019/08/03,181,197,218,234,242,240,225,197,161,127,102,88,91,110,138,170,199,217,224,219,204,188,172,162
0112,2019/08/04,164,176,194,215,231,238,233,215,186,154,124,103,96,104,126,155,185,209,219,220,211,193,174,160
0112,2019/08/05,154,159,174,191,211,226,229,222,205,178,152,129,113,114,127,147,175,201,216,223,218,203,184,164
0112,2019/08/06,150,148,155,167,185,204,216,217,210,195,175,155,140,132,137,153,174,196,214,225,226,215,196,177
0112,2019/08/07,159,147,146,151,162,179,194,203,206,200,189,177,162,153,153,160,174,193,208,222,229,222,209,193
0112,2019/08/08,173,157,147,143,147,159,171,183,191,195,194,187,180,175,170,171,179,190,202,216,226,227,220,206
0112,2019/08/09,190,172,156,146,140,143,150,161,171,180,187,189,190,188,185,184,185,190,200,210,219,226,224,216
0112,2019/08/10,206,190,172,155,142,136,137,142,151,161,172,183,191,194,196,195,192,194,195,200,210,217,220,220
0112,2019/08/11,214,204,189,170,151,137,128,127,132,141,155,171,185,196,203,205,203,199,195,196,201,206,213,219
0112,2019/08/12,220,217,208,190,169,150,133,123,119,125,140,157,176,194,206,213,212,205,198,193,193,198,206,215
0112,2019/08/13,225,228,224,213,194,171,148,128,116,115,126,143,164,187,207,218,220,215,205,195,190,189,193,205
0112,2019/08/14,218,228,232,226,211,190,163,137,118,109,113,127,149,176,199,215,223,221,211,200,190,184,185,195
0112,2019/08/15,210,226,237,239,230,212,187,157,132,116,113,122,142,168,196,217,229,231,223,211,199,187,183,190
0112,2019/08/16,205,223,240,247,246,236,213,184,157,134,123,124,137,161,188,213,230,236,230,218,203,188,178,179
0112,2019/08/17,191,209,228,244,250,243,226,199,169,143,126,121,130,150,176,203,224,234,232,221,204,187,174,168
0112,2019/08/18,173,189,208,228,239,240,230,207,180,153,132,122,125,140,165,190,213,228,229,221,207,187,170,161
0112,2019/08/19,160,171,190,209,225,234,231,215,191,165,143,130,128,136,155,180,204,220,227,224,210,191,173,159
0112,2019/08/20,153,158,172,191,211,223,226,220,202,180,159,142,136,140,153,174,196,214,226,225,216,201,180,162
0112,2019/08/21,153,150,158,174,191,208,218,216,206,189,170,155,145,144,153,169,188,206,218,224,220,205,187,169
0112,2019/08/22,154,147,149,157,172,190,203,209,206,197,185,170,160,157,161,173,189,204,218,226,226,217,202,183
0112,2019/08/23,166,154,149,151,161,176,191,202,208,205,199,191,182,179,180,185,197,208,217,229,233,226,215,199
0112,2019/08/24,181,167,155,148,151,159,170,182,191,197,199,196,191,189,188,189,196,203,211,221,227,225,218,208
0112,2019/08/25,193,178,163,150,143,144,149,159,171,183,192,198,199,201,201,200,202,205,208,214,222,225,224,218
0112,2019/08/26,208,195,178,159,144,135,134,137,146,161,177,191,202,209,211,211,208,205,204,206,213,217,219,222
0112,2019/08/27,219,209,196,176,154,136,124,117,121,133,151,173,191,206,215,218,216,209,202,202,204,208,215,224
0112,2019/08/28,229,229,221,204,180,155,133,116,109,115,131,154,179,202,220,229,230,223,212,204,201,202,210,222
0112,2019/08/29,234,242,243,233,212,184,154,126,106,100,109,129,158,188,211,227,233,226,212,200,190,185,189,200
0112,2019/08/30,217,233,246,247,235,212,181,146,117,99,96,109,135,166,196,221,232,229,217,201,184,172,169,178
0112,2019/08/31,194,216,237,248,246,234,208,172,137,110,96,99,117,146,178,207,225,228,218,200,180,160,149,150
0112,2019/09/01,164,184,209,230,239,238,223,193,159,128,104,98,107,128,158,189,213,224,219,203,182,157,138,132
0112,2019/09/02,137,154,180,205,224,234,229,211,184,154,129,114,114,129,153,181,208,225,227,218,198,171,147,133
0112,2019/09/03,128,137,159,182,204,223,229,222,205,181,157,140,132,138,156,180,207,224,230,226,210,185,159,136
0112,2019/09/04,124,125,137,156,178,198,212,214,206,192,174,156,147,146,155,176,198,216,226,227,216,197,172,148
0112,2019/09/05,131,123,125,137,155,174,191,201,201,196,187,176,168,164,167,180,197,213,226,230,226,212,191,169
0112,2019/09/06,149,134,129,131,140,155,171,183,190,192,191,187,182,180,180,186,197,208,218,227,228,220,206,188
0112,2019/09/07,170,154,141,135,135,142,152,163,174,181,186,189,189,189,190,192,196,201,209,217,223,220,213,202
0112,2019/09/08,189,174,159,146,139,137,140,148,158,167,179,189,195,200,203,203,203,204,205,210,215,217,216,213
0112,2019/09/09,204,194,182,164,150,142,137,138,145,154,168,185,198,207,212,213,210,206,203,204,206,210,214,217
0112,2019/09/10,217,213,203,187,170,153,140,133,133,138,152,170,187,202,211,215,211,202,193,188,187,190,197,206
0112,2019/09/11,214,217,214,203,184,165,146,130,124,126,137,157,179,198,213,222,221,212,199,188,181,180,188,199
0112,2019/09/12,211,223,226,220,207,187,161,138,124,120,127,145,168,190,210,222,221,213,197,181,170,165,167,180
0112,2019/09/13,196,213,225,227,217,200,175,149,129,117,117,131,153,178,202,220,226,220,205,187,170,158,156,166
0112,2019/09/14,183,204,223,231,228,216,194,166,140,123,119,128,147,172,199,221,232,229,215,196,174,158,151,156
0112,2019/09/15,172,194,215,231,237,230,211,185,159,137,125,128,143,166,193,217,231,233,222,203,181,160,146,146
0112,2019/09/16,158,180,206,228,240,240,229,206,181,158,141,138,149,168,195,221,237,242,236,218,196,173,154,145
0112,2019/09/17,151,168,191,215,233,240,233,216,194,169,150,143,145,158,180,205,224,233,230,215,192,166,144,132
0112,2019/09/18,130,141,162,187,209,224,226,216,200,179,161,150,149,158,177,201,220,231,233,224,205,180,156,140
0112,2019/09/19,132,135,150,170,190,209,219,218,208,190,174,164,160,163,176,194,211,224,227,222,208,185,161,142
0112,2019/09/20,128,125,134,149,169,189,204,209,204,194,182,172,165,165,175,189,204,216,223,220,210,191,169,149
0112,2019/09/21,131,122,123,130,145,164,181,192,196,192,185,178,172,171,175,185,197,207,215,218,213,201,183,163
0112,2019/09/22,146,133,126,126,133,146,161,174,184,189,189,187,184,181,182,189,195,202,210,214,213,207,196,182
0112,2019/09/23,167,150,137,131,130,135,145,158,172,184,194,200,203,205,206,209,212,214,217,220,222,219,215,206
0112,2019/09/24,191,176,160,143,131,126,126,134,146,160,177,191,201,207,208,207,204,199,197,198,200,202,204,204
0112,2019/09/25,201,192,177,159,141,125,116,114,119,133,151,171,189,199,205,205,198,188,180,175,176,181,188,196
0112,2019/09/26,202,202,194,178,156,133,112,99,96,104,122,148,171,191,204,208,203,190,175,165,160,161,170,184
0112,2019/09/27,199,211,211,202,185,159,130,107,94,93,107,131,158,185,206,215,213,200,181,162,151,146,153,170
0112,2019/09/28,191,212,225,227,218,195,165,134,110,99,103,120,147,177,203,219,223,211,189,167,148,134,134,148
0112,2019/09/29,171,198,221,234,236,224,199,168,139,118,113,124,146,176,206,228,235,228,208,182,155,134,125,131
0112,2019/09/30,150,178,206,229,241,240,224,198,168,143,128,129,143,169,197,222,236,233,216,191,161,132,113,110
0112,2019/10/01,121,145,173,201,223,232,228,212,189,164,146,138,144,165,191,217,234,236,226,204,173,142,116,102
0112,2019/10/02,104,119,143,172,199,217,222,215,200,181,163,153,153,164,187,210,229,239,235,217,192,162,133,113
0112,2019/10/03,106,111,128,152,179,200,213,217,210,198,185,175,169,174,189,209,227,239,241,231,212,188,160,136
0112,2019/10/04,122,120,127,146,167,187,204,213,214,211,204,196,192,193,202,217,231,243,251,250,239,217,185,157
0112,2019/10/05,142,134,131,138,152,165,180,192,198,201,201,198,194,194,197,205,214,223,230,231,225,213,196,177
0112,2019/10/06,160,146,139,137,141,151,162,175,186,193,198,200,199,199,200,202,207,209,213,217,217,210,199,186
0112,2019/10/07,173,159,147,138,135,139,146,156,168,178,187,195,199,200,201,201,199,198,198,201,205,206,203,198
0112,2019/10/08,191,182,170,159,151,146,147,152,161,174,188,200,210,214,216,216,209,201,197,197,199,202,205,206
0112,2019/10/09,203,194,181,169,155,143,135,134,137,147,163,178,192,203,208,206,200,190,179,173,173,178,186,194
0112,2019/10/10,200,203,198,186,171,154,138,129,128,134,149,169,187,203,213,215,208,194,179,168,163,165,176,190
0112,2019/10/11,204,216,217,210,198,179,159,145,136,138,150,168,189,209,222,226,220,204,187,169,156,156,163,176
0112,2019/10/12,197,214,222,224,216,198,178,158,144,141,148,167,192,214,233,245,243,231,216,199,185,181,191,210
0112,2019/10/13,232,252,258,250,246,236,211,190,170,152,153,168,184,207,230,241,241,229,205,179,155,139,136,144
0112,2019/10/14,164,189,209,223,227,217,199,176,154,138,134,144,162,183,205,223,226,217,196,170,143,122,114,120
0112,2019/10/15,137,164,191,212,225,222,207,187,164,143,136,138,151,172,194,212,222,215,197,173,143,119,105,101
0112,2019/10/16,114,138,165,191,211,217,211,196,177,158,146,144,152,168,191,211,220,221,207,182,155,127,105,96
0112,2019/10/17,101,119,144,172,196,209,212,204,188,172,159,155,158,170,190,209,221,223,214,195,167,139,115,99
0112,2019/10/18,96,107,126,152,179,199,208,206,196,184,171,163,163,170,184,202,216,221,219,205,181,156,131,110
0112,2019/10/19,101,105,118,140,167,189,207,215,212,204,193,183,178,182,193,207,220,228,231,222,203,182,156,133
0112,2019/10/20,121,114,116,129,147,168,186,196,200,197,192,188,182,181,189,197,205,215,217,213,204,186,165,145
0112,2019/10/21,126,116,112,112,124,141,157,175,186,188,191,191,189,189,190,195,201,205,209,210,207,198,184,166
0112,2019/10/22,151,137,125,120,122,131,143,160,176,187,193,197,200,201,201,202,202,201,205,209,210,208,205,195
0112,2019/10/23,183,171,154,140,133,132,135,146,160,175,190,200,206,207,207,204,197,191,187,187,190,194,196,196
0112,2019/10/24,191,182,168,150,133,123,115,117,130,145,163,184,195,202,206,200,189,178,168,164,166,173,183,193
0112,2019/10/25,200,202,196,181,162,143,127,120,126,140,159,182,202,214,221,220,208,193,181,171,166,173,184,200
0112,2019/10/26,219,232,233,223,205,183,161,145,138,143,160,183,206,224,236,235,221,201,177,157,145,144,153,172
0112,2019/10/27,196,217,230,233,224,204,178,153,138,134,143,164,189,210,228,234,222,200,172,143,123,114,118,135
0112,2019/10/28,160,189,213,227,229,218,196,171,151,139,141,157,179,203,226,236,231,212,182,151,122,103,101,109
0112,2019/10/29,131,163,193,215,230,230,217,198,178,161,154,163,182,204,229,246,246,233,207,174,141,114,100,100
0112,2019/10/30,115,144,175,203,225,232,226,213,194,174,164,164,172,192,215,233,240,232,211,182,146,115,93,83
0112,2019/10/31,90,112,138,169,197,212,216,211,197,183,171,166,172,186,206,227,240,240,227,201,170,138,111,95
0112,2019/11/01,92,102,122,149,176,199,212,214,210,200,188,181,179,186,201,218,232,236,229,211,186,159,131,108
0112,2019/11/02,99,100,112,133,156,179,196,204,206,201,192,187,183,183,195,208,218,229,229,218,201,179,154,132
0112,2019/11/03,118,112,116,127,146,167,182,196,204,201,200,198,192,191,196,203,212,220,223,222,211,196,178,157
0112,2019/11/04,141,131,125,128,138,152,168,182,192,198,201,202,199,196,197,198,201,206,210,211,208,201,189,174
0112,2019/11/05,161,148,138,135,137,144,155,168,181,191,197,201,202,200,201,198,195,195,195,196,199,198,194,186
0112,2019/11/06,177,167,158,149,144,145,148,157,170,181,192,201,204,204,203,197,190,184,181,181,184,189,193,192
0112,2019/11/07,189,185,176,165,155,149,148,152,162,175,189,203,212,216,217,210,199,188,177,171,170,173,181,190
0112,2019/11/08,197,199,192,181,168,156,148,147,152,162,179,194,205,213,214,207,193,177,161,152,151,158,169,183
0112,2019/11/09,195,204,206,199,187,172,158,151,150,156,171,189,204,217,223,218,204,185,162,147,140,143,156,174
0112,2019/11/10,193,210,217,216,206,191,174,161,155,158,169,187,206,221,231,230,216,195,170,147,133,132,140,158
0112,2019/11/11,183,204,219,225,221,207,190,175,165,162,169,186,205,224,238,242,232,209,181,154,134,126,131,145
0112,2019/11/12,171,198,218,231,232,221,204,187,170,161,163,174,191,211,227,231,224,206,179,149,122,105,102,111
0112,2019/11/13,134,164,192,213,224,221,209,194,178,166,165,171,184,207,225,236,236,222,195,165,137,114,101,105
0112,2019/11/14,124,152,182,210,230,235,229,218,202,187,180,181,186,200,218,232,236,227,205,176,145,117,98,93
0112,2019/11/15,102,124,153,181,205,219,221,215,204,190,182,180,185,201,218,230,238,235,219,193,162,132,107,93
0112,2019/11/16,93,107,131,160,188,209,219,220,212,201,191,186,186,194,208,222,231,233,224,203,178,150,120,101
0112,2019/11/17,93,96,111,135,161,186,203,207,206,197,187,181,176,179,192,205,215,223,220,208,189,163,135,114
0112,2019/11/18,99,93,100,117,140,165,186,201,209,208,203,198,195,196,202,212,221,228,231,226,212,194,169,144
0112,2019/11/19,128,119,115,123,138,156,177,196,208,212,211,206,201,197,195,198,202,206,212,214,210,201,185,166
0112,2019/11/20,149,133,122,117,119,131,147,163,177,185,189,189,186,183,181,179,178,179,183,188,190,189,184,174
0112,2019/11/21,161,147,132,120,114,114,124,139,155,171,183,188,189,187,181,174,166,160,160,162,167,172,175,176
0112,2019/11/22,174,164,152,138,126,119,118,125,140,157,174,189,195,195,191,180,166,155,145,142,148,157,168,180
0112,2019/11/23,187,187,183,171,154,140,131,131,140,154,173,190,200,205,203,191,173,154,136,127,126,134,151,170
0112,2019/11/24,187,200,205,197,186,169,153,148,148,158,178,197,213,226,225,216,199,173,148,131,122,126,141,161
0112,2019/11/25,186,209,223,225,219,204,187,174,165,168,181,197,212,224,229,224,206,179,147,117,99,95,103,123
0112,2019/11/26,150,178,202,215,216,209,193,176,163,158,163,178,198,216,228,229,214,188,156,123,95,80,79,92
0112,2019/11/27,116,149,180,202,213,214,205,191,177,167,166,176,193,215,232,238,233,212,181,147,114,90,81,84
0112,2019/11/28,101,130,160,188,207,214,211,202,187,174,167,168,180,200,219,232,233,218,193,160,125,96,78,72
0112,2019/11/29,81,104,133,163,188,204,210,207,198,187,178,176,183,197,215,232,239,233,215,187,155,122,97,83
0112,2019/11/30,81,94,119,144,171,193,204,207,201,191,182,176,176,184,199,214,225,225,214,195,167,136,109,91
0112,2019/12/01,82,86,104,124,147,171,187,195,194,188,181,174,171,176,187,201,214,219,215,203,184,159,134,113
0112,2019/12/02,100,98,108,125,146,168,189,202,206,204,199,194,190,192,196,206,216,222,225,222,205,186,168,147
0112,2019/12/03,133,126,125,134,147,162,182,197,204,207,205,197,189,183,182,187,193,200,205,205,199,189,175,159
0112,2019/12/04,143,131,126,125,132,147,162,177,189,194,195,192,187,182,177,175,177,177,181,185,185,181,173,162
0112,2019/12/05,150,138,129,124,127,135,147,161,173,183,189,188,185,180,173,165,160,156,155,161,164,168,169,165
0112,2019/12/06,159,153,144,137,131,132,141,150,161,175,183,187,190,184,176,168,155,145,141,140,144,153,158,163
0112,2019/12/07,167,164,159,152,143,141,142,145,157,171,181,191,196,195,189,176,161,147,134,130,134,141,152,163
0112,2019/12/08,169,174,173,166,158,149,142,143,150,163,177,187,197,200,193,181,163,142,124,112,107,114,127,143
0112,2019/12/09,160,171,177,176,167,157,149,143,144,154,166,179,194,200,200,192,172,148,124,103,96,99,111,131
0112,2019/12/10,153,174,189,192,187,179,169,159,156,158,169,183,197,210,214,207,192,164,134,110,93,87,96,115
0112,2019/12/11,140,167,188,199,201,196,184,173,164,162,169,180,196,213,223,221,208,184,153,124,102,88,91,108
0112,2019/12/12,131,161,190,209,220,221,211,198,185,177,176,178,191,209,222,224,216,195,164,131,99,76,67,74
0112,2019/12/13,94,123,156,183,199,206,201,190,179,169,164,167,180,197,212,222,222,206,179,146,112,84,68,65
0112,2019/12/14,77,104,136,166,192,208,211,206,195,184,179,177,184,201,218,231,235,224,204,174,136,104,80,65
0112,2019/12/15,66,84,112,143,170,190,201,201,193,183,173,165,167,176,190,206,215,216,207,185,154,123,93,73
0112,2019/12/16,68,74,93,120,148,175,193,199,196,189,179,171,169,174,185,199,212,218,215,201,179,151,121,98
0112,2019/12/17,83,79,90,109,134,162,184,197,202,198,191,181,174,175,182,192,206,217,219,215,204,183,160,138
0112,2019/12/18,118,109,111,118,136,161,182,200,210,210,204,193,182,176,173,178,186,193,201,206,199,190,175,155
0112,2019/12/19,138,125,115,117,127,140,161,181,194,204,204,196,188,178,171,170,171,174,182,187,191,193,187,177
0112,2019/12/20,166,152,141,136,135,143,157,172,186,197,200,199,192,182,170,161,153,148,150,155,163,172,176,176
0112,2019/12/21,173,166,155,145,138,139,146,158,174,189,199,203,200,191,180,166,151,139,132,133,140,150,161,170
0112,2019/12/22,175,174,169,162,155,148,147,155,166,182,198,204,205,202,188,171,154,132,118,114,114,126,143,158
0112,2019/12/23,176,189,193,192,184,174,170,168,174,186,198,210,219,219,212,196,172,146,124,108,103,109,121,138
0112,2019/12/24,158,177,191,196,193,185,175,167,165,171,181,193,206,211,207,196,175,147,121,96,80,79,89,107
0112,2019/12/25,133,159,180,193,196,192,183,171,165,167,173,185,202,214,221,218,201,175,144,112,88,77,79,92
0112,2019/12/26,115,145,172,192,203,207,201,191,181,176,178,188,204,221,232,234,224,202,172,138,108,90,83,88
0112,2019/12/27,108,138,170,197,216,225,224,216,206,199,195,196,203,210,219,233,234,218,195,161,125,100,83,78
0112,2019/12/28,90,110,138,168,188,201,207,201,190,179,169,164,171,185,202,216,220,213,195,165,133,104,81,70
0112,2019/12/29,72,88,115,142,165,185,196,196,187,177,167,159,161,173,188,204,215,214,202,180,152,122,96,78
0112,2019/12/30,73,82,104,128,154,178,192,197,195,186,174,166,163,168,181,197,210,217,214,201,180,155,130,111
0112,2019/12/31,100,104,119,139,164,189,207,217,217,212,201,187,173,162,164,178,193,203,207,200,186,168,146,126
