0112,2020/01/01,114,110,116,129,146,167,185,196,202,201,193,183,175,170,170,174,183,195,201,198,191,179,161,142
0112,2020/01/02,128,121,120,127,140,157,176,190,198,201,195,183,174,167,162,163,168,176,184,187,188,183,173,159
0112,2020/01/03,147,139,136,139,146,160,176,190,201,208,207,199,190,181,171,165,165,168,172,178,181,181,178,171
0112,2020/01/04,162,154,147,145,149,158,170,181,193,202,204,200,191,181,172,161,153,152,154,157,165,174,176,176
0112,2020/01/05,173,169,164,160,158,162,168,176,188,199,203,203,198,187,175,161,145,134,130,130,137,147,154,162
0112,2020/01/06,169,170,169,165,160,160,164,169,179,189,197,201,198,192,182,166,148,130,117,113,116,125,139,154
0112,2020/01/07,166,176,179,177,173,169,167,168,171,180,191,197,201,202,194,180,160,136,117,106,102,110,124,142
0112,2020/01/08,164,181,191,198,195,189,186,183,184,193,202,212,222,228,230,221,197,174,150,126,117,117,124,146
0112,2020/01/09,169,190,209,217,217,213,203,193,187,187,195,206,215,225,228,219,202,174,140,113,93,81,84,103
0112,2020/01/10,127,157,185,202,212,212,204,194,185,180,184,191,204,221,230,229,218,194,161,127,97,79,74,82
0112,2020/01/11,105,137,168,194,210,216,215,204,191,185,183,188,200,217,233,243,240,221,190,155,122,94,75,72
0112,2020/01/12,88,115,149,180,202,216,220,212,200,192,184,183,192,207,225,242,246,235,215,185,146,115,90,76
0112,2020/01/13,82,103,132,165,194,214,224,221,209,198,185,176,179,190,208,228,239,239,227,202,171,138,105,83
0112,2020/01/14,76,84,107,137,167,192,208,212,205,192,179,168,164,171,185,202,219,226,224,212,188,159,129,102
0112,2020/01/15,89,89,101,125,152,179,202,211,206,199,187,171,160,160,167,182,199,213,218,213,198,177,151,124
0112,2020/01/16,104,95,101,114,135,161,183,197,201,196,183,167,151,142,142,148,161,175,185,190,187,177,161,142
0112,2020/01/17,124,113,109,115,130,150,171,189,196,196,189,174,158,145,138,138,142,149,160,170,175,177,172,162
0112,2020/01/18,151,142,135,134,141,156,173,188,200,205,203,193,178,164,151,139,136,140,144,153,164,170,174,174
0112,2020/01/19,169,164,159,152,154,162,172,186,198,207,210,204,192,177,162,146,134,127,125,130,139,149,160,169
0112,2020/01/20,174,178,175,170,168,169,174,183,192,203,210,208,201,189,173,155,137,122,113,111,116,127,140,155
0112,2020/01/21,171,181,187,188,181,173,171,175,182,190,199,203,202,196,184,167,145,121,102,92,89,94,108,125
0112,2020/01/22,144,164,177,181,181,177,172,169,169,174,185,195,201,204,199,186,167,141,114,94,82,81,91,109
0112,2020/01/23,130,155,176,188,192,190,183,176,170,170,179,189,200,210,211,205,191,164,134,108,88,78,80,93
0112,2020/01/24,116,143,169,187,195,196,191,179,171,167,168,176,190,203,214,214,202,178,146,116,89,69,63,71
0112,2020/01/25,89,117,145,167,184,191,186,178,166,153,152,157,166,183,200,209,206,191,165,135,105,79,67,66
0112,2020/01/26,79,104,134,161,182,194,196,188,175,164,156,154,162,179,198,212,216,208,187,157,127,99,79,70
0112,2020/01/27,75,94,121,148,172,189,195,190,178,163,153,146,149,163,181,199,212,213,201,178,151,121,96,82
0112,2020/01/28,81,93,117,142,167,189,199,197,188,174,160,153,151,159,176,193,208,216,211,194,173,146,120,103
0112,2020/01/29,97,104,124,148,173,196,209,215,210,196,183,171,161,164,177,194,209,217,218,212,197,176,153,134
0112,2020/01/30,124,125,136,155,178,201,218,225,222,210,197,183,170,167,172,184,199,212,217,216,207,189,171,152
0112,2020/01/31,137,134,141,152,171,191,207,218,219,209,196,180,164,155,155,161,172,185,194,198,196,187,172,157
0112,2020/02/01,144,138,141,149,163,180,196,208,211,206,197,182,165,153,146,145,151,160,170,179,183,181,174,164
0112,2020/02/02,154,148,147,150,159,173,187,199,205,203,196,185,169,152,143,137,136,141,147,155,163,167,167,164
0112,2020/02/03,159,155,155,156,163,173,183,194,203,205,203,196,184,171,159,148,140,135,134,140,149,156,161,164
0112,2020/02/04,164,165,166,164,167,172,176,183,189,192,195,193,184,173,161,147,134,126,120,121,131,141,153,165
0112,2020/02/05,174,180,185,186,185,187,189,194,201,207,214,217,212,204,190,172,152,135,120,112,114,123,138,155
0112,2020/02/06,171,183,192,195,193,189,184,180,180,183,189,198,199,197,192,177,155,132,108,92,86,88,100,120
0112,2020/02/07,141,163,180,188,190,186,179,173,169,168,178,188,197,205,204,196,179,151,122,97,79,74,81,100
0112,2020/02/08,128,158,182,198,206,204,196,187,178,175,180,190,202,215,223,222,209,186,155,121,94,78,75,86
0112,2020/02/09,111,141,172,196,211,214,206,194,182,170,167,176,190,207,224,232,227,210,179,145,111,83,69,71
0112,2020/02/10,87,117,150,180,203,213,209,199,183,166,160,163,173,191,214,230,236,230,207,173,136,101,76,67
0112,2020/02/11,75,97,128,159,185,202,203,193,176,155,140,135,137,152,175,197,213,218,207,183,152,118,89,73
0112,2020/02/12,70,84,111,140,170,193,201,197,182,159,141,130,127,138,158,181,203,216,217,205,182,153,124,101
0112,2020/02/13,91,96,115,141,169,195,209,211,199,179,158,141,131,132,145,164,185,205,214,211,199,180,154,132
0112,2020/02/14,118,114,123,141,164,188,205,211,205,188,167,146,129,120,126,138,155,174,188,194,194,185,168,152
0112,2020/02/15,139,133,137,147,166,187,203,214,212,198,182,162,141,128,123,126,137,150,163,176,181,180,176,168
0112,2020/02/16,159,153,154,160,171,186,204,216,220,216,206,189,168,151,141,137,139,146,156,167,179,187,190,190
0112,2020/02/17,187,186,187,187,192,203,214,224,231,230,223,212,194,175,159,146,138,135,137,145,155,164,174,181
0112,2020/02/18,186,190,191,190,192,194,198,206,211,213,212,203,190,178,163,147,133,122,115,115,119,128,141,153
0112,2020/02/19,165,175,181,183,182,180,179,181,185,190,194,196,191,182,171,156,136,119,104,95,96,102,115,133
0112,2020/02/20,150,167,180,183,183,180,173,170,171,173,181,190,193,194,189,176,157,135,112,96,87,87,96,111
0112,2020/02/21,133,155,171,180,182,177,170,161,155,155,160,171,183,190,192,188,171,149,122,97,81,75,77,93
0112,2020/02/22,116,140,163,178,186,186,177,166,158,154,158,170,185,200,212,214,206,187,161,133,110,94,89,95
0112,2020/02/23,115,144,169,190,204,204,196,182,167,156,151,156,169,185,201,210,206,192,168,138,110,89,78,83
0112,2020/02/24,102,127,154,177,193,198,193,179,161,144,138,142,153,171,192,209,215,207,186,159,129,104,90,85
0112,2020/02/25,96,119,145,169,189,199,195,182,164,144,132,131,139,156,178,199,211,211,199,175,148,122,101,93
0112,2020/02/26,98,116,141,166,189,203,204,194,177,154,138,131,132,144,166,188,206,215,209,193,169,144,122,108
0112,2020/02/27,107,120,141,164,188,204,208,203,186,163,145,132,127,134,151,173,192,204,204,193,175,154,132,115
0112,2020/02/28,110,118,134,155,177,194,202,200,185,164,142,127,118,116,128,150,170,186,193,190,180,164,145,131
0112,2020/02/29,123,125,138,155,175,194,204,206,195,176,156,139,124,118,126,143,161,178,190,193,189,179,163,149
0112,2020/03/01,142,142,148,162,179,196,207,211,205,189,171,152,135,124,122,129,142,156,169,178,180,177,169,159
0112,2020/03/02,152,153,155,161,176,190,200,207,204,192,178,161,143,130,124,125,132,143,155,166,174,176,172,168
0112,2020/03/03,166,164,164,168,175,186,195,201,202,195,184,170,152,134,124,118,116,119,127,137,148,157,162,164
0112,2020/03/04,166,167,167,168,172,177,184,190,193,191,186,179,166,151,138,129,120,116,118,125,136,150,162,171
0112,2020/03/05,181,188,191,194,196,198,200,201,205,209,208,203,195,182,170,155,136,121,112,107,112,126,138,154
0112,2020/03/06,171,181,188,190,185,184,182,177,179,183,187,192,193,186,178,164,144,122,104,92,90,98,113,134
0112,2020/03/07,156,176,189,194,193,188,179,173,170,169,177,188,196,201,201,192,173,145,118,96,82,81,92,113
0112,2020/03/08,140,166,187,198,200,194,183,170,161,157,161,174,190,203,211,212,199,173,143,112,88,76,78,94
0112,2020/03/09,120,150,178,196,204,201,188,170,154,144,143,155,174,193,212,222,219,203,173,139,108,85,77,86
0112,2020/03/10,110,142,173,197,212,214,204,186,164,146,139,148,165,189,216,239,248,242,222,193,161,132,112,111
0112,2020/03/11,125,150,183,210,228,235,225,204,178,151,134,132,141,161,192,218,235,238,225,203,173,138,113,102
0112,2020/03/12,105,124,151,177,201,213,209,193,167,137,115,102,101,114,138,167,193,207,209,201,178,152,128,112
0112,2020/03/13,109,122,143,169,196,212,215,205,182,153,128,108,98,102,119,146,172,192,203,200,188,170,152,137
0112,2020/03/14,130,136,151,171,195,215,223,218,200,174,147,123,106,102,110,129,152,172,189,198,196,189,177,164
0112,2020/03/15,157,157,163,177,198,214,223,225,213,193,169,145,126,113,110,120,135,151,168,180,185,185,181,175
0112,2020/03/16,169,167,169,179,194,208,220,225,220,206,188,168,146,125,112,111,116,125,139,151,158,165,166,165
0112,2020/03/17,166,166,169,172,179,190,199,205,204,196,185,171,154,138,125,117,116,118,124,135,145,154,161,166
0112,2020/03/18,172,177,177,178,181,184,189,196,198,196,190,180,171,158,143,132,122,113,113,117,122,132,144,156
0112,2020/03/19,167,174,179,179,178,178,177,178,181,183,185,188,185,178,169,157,142,130,122,119,123,133,146,162
0112,2020/03/20,180,196,205,208,204,194,185,181,182,185,188,194,197,192,185,174,157,138,121,108,104,109,120,138
0112,2020/03/21,160,178,192,198,197,190,179,170,165,164,170,182,193,200,200,193,179,159,138,120,109,107,115,132
0112,2020/03/22,153,176,193,201,203,196,184,170,158,152,159,173,188,202,213,215,204,183,160,138,119,110,112,124
0112,2020/03/23,145,169,188,201,206,198,183,165,148,138,138,148,166,185,201,211,207,193,171,144,122,108,104,115
0112,2020/03/24,135,159,182,199,207,203,188,168,147,130,124,131,148,170,189,206,211,201,183,159,134,115,106,109
0112,2020/03/25,124,147,171,190,201,201,188,168,143,122,110,111,125,147,173,194,206,205,192,169,144,123,108,107
0112,2020/03/26,118,138,163,184,199,203,193,174,148,124,107,103,112,130,155,181,199,205,198,181,160,137,119,114
0112,2020/03/27,119,135,159,181,198,207,202,184,160,135,115,105,107,120,145,173,196,209,210,200,183,163,146,138
0112,2020/03/28,139,150,169,188,205,216,213,196,172,144,120,105,98,105,124,149,174,192,199,197,185,166,149,138
0112,2020/03/29,134,139,153,172,190,202,204,196,177,152,128,107,96,96,107,129,151,169,185,190,184,172,158,147
0112,2020/03/30,144,145,155,170,183,197,204,197,182,161,136,114,100,93,98,112,130,148,165,175,178,172,163,155
0112,2020/03/31,151,152,159,168,179,192,200,198,188,172,151,130,113,102,99,105,117,131,147,162,170,171,169,165
0112,2020/04/01,164,165,168,173,182,192,199,201,196,186,172,155,139,125,116,116,121,130,145,160,174,185,191,194
0112,2020/04/02,195,194,197,201,204,208,212,213,207,201,193,180,164,148,131,119,112,111,116,125,138,151,161,170
0112,2020/04/03,177,180,182,181,180,181,182,182,183,183,182,179,171,160,146,131,118,108,103,107,116,128,143,159
0112,2020/04/04,173,182,186,185,181,176,173,171,171,176,182,185,188,186,175,161,143,124,111,105,107,118,135,155
0112,2020/04/05,176,191,198,198,191,182,174,165,162,165,174,186,195,201,199,190,170,145,122,105,98,102,116,139
0112,2020/04/06,165,187,200,202,194,182,167,151,141,142,151,167,185,199,208,207,194,172,144,120,103,96,103,123
0112,2020/04/07,150,178,200,208,204,193,172,150,134,125,127,143,166,190,209,219,217,200,172,144,120,104,102,116
0112,2020/04/08,140,169,196,211,212,201,180,153,128,110,106,115,135,165,193,214,223,217,198,171,144,122,112,117
0112,2020/04/09,135,161,187,204,212,208,186,158,128,102,90,92,106,133,163,190,211,216,207,190,165,141,126,124
0112,2020/04/10,135,157,184,208,220,220,205,176,141,110,88,78,84,104,131,161,187,202,205,197,180,161,143,135
0112,2020/04/11,139,153,175,199,215,221,214,191,160,128,100,82,79,90,111,137,165,187,197,197,189,174,160,150
0112,2020/04/12,149,157,174,193,210,221,220,205,179,148,119,97,84,85,99,119,143,166,183,191,190,182,173,165
0112,2020/04/13,162,166,177,192,208,222,228,221,204,182,157,134,118,112,114,126,145,165,185,202,209,208,205,198
0112,2020/04/14,194,194,197,203,215,226,231,230,219,198,174,152,133,118,110,112,122,134,149,165,176,181,183,181
0112,2020/04/15,179,180,181,183,188,196,203,206,202,194,180,164,147,131,121,117,119,124,132,145,158,167,174,179
0112,2020/04/16,181,182,183,182,181,185,187,188,189,186,181,173,160,147,135,124,118,117,119,126,136,147,158,167
0112,2020/04/17,173,176,176,173,168,165,164,164,165,167,169,168,164,155,145,133,121,113,110,111,119,131,144,159
0112,2020/04/18,171,179,182,179,171,164,160,155,155,160,167,175,182,182,180,172,158,146,143,146,151,157,168,186
0112,2020/04/19,202,210,212,207,195,181,169,160,156,158,166,177,190,197,195,187,173,154,138,127,122,124,133,151
0112,2020/04/20,170,186,197,196,186,174,158,142,133,132,140,157,174,188,199,199,189,173,154,138,129,127,134,151
0112,2020/04/21,172,192,206,209,202,187,168,148,131,125,129,145,164,184,200,206,201,189,170,150,137,130,132,147
0112,2020/04/22,166,189,208,215,213,201,179,153,131,118,118,129,147,172,194,206,209,202,184,167,150,137,137,146
0112,2020/04/23,162,185,205,216,217,206,184,158,130,112,106,111,130,157,182,202,213,210,197,180,161,146,138,141
0112,2020/04/24,155,177,196,210,214,208,190,162,132,108,95,95,109,132,160,186,204,210,202,187,169,152,142,140
0112,2020/04/25,150,169,188,203,211,208,193,168,138,110,92,86,93,113,140,167,190,201,201,191,176,159,147,142
0112,2020/04/26,147,162,181,198,208,212,202,180,153,124,101,87,85,96,119,148,173,192,199,197,187,174,161,153
0112,2020/04/27,153,162,177,192,204,210,205,187,162,135,108,90,83,87,104,128,153,175,189,192,189,180,167,159
0112,2020/04/28,158,162,174,188,199,208,208,195,175,150,124,104,90,86,96,113,134,157,174,185,188,184,176,169
0112,2020/04/29,165,167,174,183,193,203,205,199,186,165,143,121,105,96,95,103,117,134,153,169,178,180,177,172
0112,2020/04/30,168,168,169,175,181,188,193,193,184,171,154,135,117,102,95,97,104,115,132,150,164,174,179,179
0112,2020/05/01,179,179,177,178,181,185,190,193,190,184,175,162,146,131,118,109,106,111,120,133,151,165,176,182
0112,2020/05/02,185,186,184,178,176,176,178,181,183,184,183,181,172,159,144,130,118,112,112,119,134,151,166,178
0112,2020/05/03,188,192,189,182,173,167,163,162,164,169,176,183,184,179,170,155,138,125,116,115,124,139,157,176
0112,2020/05/04,191,200,200,191,178,166,156,148,147,154,167,182,195,202,200,189,171,151,133,124,124,133,152,174
0112,2020/05/05,194,209,212,203,188,170,150,133,126,129,142,162,183,200,209,209,196,173,150,130,120,123,136,155
0112,2020/05/06,180,200,209,208,193,171,146,124,107,102,112,131,157,184,204,213,211,197,175,155,139,132,137,153
0112,2020/05/07,176,198,213,217,207,185,157,126,99,86,87,101,127,158,186,208,216,210,194,172,152,139,137,145
0112,2020/05/08,165,188,206,215,211,192,164,130,96,73,65,69,89,118,150,179,198,203,198,184,166,151,143,146
0112,2020/05/09,160,181,202,216,219,208,185,152,115,85,68,64,74,97,127,159,186,201,205,198,184,170,160,157
0112,2020/05/10,166,182,202,220,229,226,210,183,150,118,92,80,81,96,121,150,180,202,212,213,208,196,185,179
0112,2020/05/11,181,191,206,222,234,238,229,208,178,148,120,100,90,92,108,131,156,179,194,202,202,196,188,181
0112,2020/05/12,177,182,193,206,219,228,226,214,192,164,136,114,99,95,102,118,138,160,179,192,198,198,194,187
0112,2020/05/13,184,185,189,197,207,216,222,217,202,184,162,139,121,107,105,113,124,139,155,170,182,187,188,186
0112,2020/05/14,182,181,181,182,188,195,199,201,194,181,165,149,133,119,112,111,117,127,142,157,170,180,185,184
0112,2020/05/15,183,180,176,174,174,177,184,187,186,184,176,167,155,141,130,125,123,128,136,147,161,173,181,187
0112,2020/05/16,189,187,184,178,171,169,171,174,179,183,185,183,178,169,159,151,145,142,143,151,163,177,190,198
0112,2020/05/17,204,206,202,193,183,174,171,171,173,179,188,192,194,192,183,172,161,151,146,148,156,168,181,192
0112,2020/05/18,202,206,202,193,180,166,155,148,148,155,166,179,189,193,191,185,174,161,152,148,151,161,174,191
0112,2020/05/19,205,212,214,206,190,175,157,144,142,147,160,179,195,208,216,213,204,191,177,167,166,171,181,196
0112,2020/05/20,212,223,226,221,205,182,160,140,127,127,138,155,176,195,208,213,208,195,181,168,160,160,167,180
0112,2020/05/21,198,213,220,218,203,182,157,130,114,106,110,128,151,174,195,206,206,200,184,167,158,152,155,169
0112,2020/05/22,185,201,213,215,207,188,160,131,107,91,90,104,127,152,179,199,207,204,193,179,167,158,156,165
0112,2020/05/23,181,199,214,221,217,202,176,145,116,94,87,94,112,140,169,194,210,215,208,196,182,171,165,167
0112,2020/05/24,180,197,213,223,224,212,190,160,128,101,85,84,97,120,150,179,202,216,216,208,196,184,174,174
0112,2020/05/25,182,196,213,225,230,225,208,181,149,118,97,87,92,108,134,163,189,207,214,212,204,192,182,177
0112,2020/05/26,180,190,205,219,227,228,219,198,167,137,112,94,90,97,116,142,169,193,209,212,208,201,192,184
0112,2020/05/27,184,190,201,214,226,231,227,213,189,163,136,114,102,101,111,130,153,177,197,208,210,205,197,188
0112,2020/05/28,184,186,192,202,214,222,224,217,200,178,154,131,113,104,106,117,134,157,178,193,202,204,199,193
0112,2020/05/29,188,184,184,189,197,205,211,210,200,186,168,148,130,115,107,109,118,134,154,170,184,193,193,190
0112,2020/05/30,184,178,174,173,175,182,188,191,191,185,174,163,147,130,118,111,111,120,134,151,169,183,189,190
0112,2020/05/31,188,182,173,166,162,163,167,172,177,180,181,177,169,157,143,132,126,125,131,145,161,178,192,198
0112,2020/06/01,199,194,184,172,161,154,152,154,161,171,181,188,191,186,175,162,149,139,138,144,157,175,192,205
0112,2020/06/02,212,209,199,185,168,154,143,140,143,153,169,186,197,202,200,190,176,163,153,150,157,172,190,206
0112,2020/06/03,218,222,215,199,177,154,136,124,120,128,144,166,187,204,212,211,201,187,174,165,164,172,188,206
0112,2020/06/04,222,230,228,215,194,167,139,117,106,105,117,139,165,191,211,219,218,208,194,181,173,174,184,199
0112,2020/06/05,217,232,237,229,211,184,152,121,99,90,93,111,137,165,193,213,220,219,208,192,180,176,178,190
0112,2020/06/06,207,226,237,236,224,202,169,135,104,83,78,87,107,137,168,195,213,219,214,203,189,180,177,182
0112,2020/06/07,196,216,231,238,234,218,191,158,122,93,79,79,91,115,144,174,197,211,213,207,198,186,177,176
0112,2020/06/08,184,200,217,229,233,225,204,174,139,106,84,74,76,92,117,146,173,194,203,202,194,186,177,170
0112,2020/06/09,173,184,198,213,223,223,213,190,160,129,102,85,80,87,104,129,155,179,195,201,199,193,183,175
0112,2020/06/10,172,178,188,201,216,223,219,206,182,155,128,106,94,94,104,123,145,169,189,200,204,203,196,187
0112,2020/06/11,181,181,187,197,209,220,224,218,204,184,161,140,124,117,119,128,146,167,185,200,209,210,206,198
0112,2020/06/12,191,187,186,189,198,208,215,216,209,197,180,161,144,132,128,132,143,157,174,189,201,207,205,199
0112,2020/06/13,194,187,180,179,181,186,195,200,200,195,184,172,159,145,138,136,139,150,164,177,190,200,202,199
0112,2020/06/14,194,188,178,170,167,168,173,180,184,187,187,181,173,164,156,150,150,155,165,179,193,206,214,216
0112,2020/06/15,213,206,195,183,173,168,168,171,176,184,190,193,192,186,178,171,165,163,166,174,186,200,209,214
0112,2020/06/16,216,210,200,188,172,160,154,154,160,169,181,191,196,197,194,187,180,175,171,174,182,193,207,214
0112,2020/06/17,218,217,207,191,174,155,140,133,135,143,158,175,188,197,200,196,190,182,173,170,175,185,196,208
0112,2020/06/18,217,220,214,201,180,158,139,125,119,125,139,158,179,196,205,207,203,195,186,179,178,184,194,207
0112,2020/06/19,220,228,227,216,199,175,148,128,114,112,123,143,166,191,208,216,217,211,201,190,183,184,191,202
0112,2020/06/20,218,230,232,227,212,187,158,130,109,98,100,116,140,166,191,208,213,210,201,189,181,177,179,189
0112,2020/06/21,203,218,227,226,215,195,165,134,106,88,85,94,114,143,171,194,208,213,208,197,186,179,175,180
0112,2020/06/22,194,210,223,229,225,209,184,152,118,92,80,79,94,120,150,179,201,213,215,207,195,186,179,178
0112,2020/06/23,189,207,222,232,236,228,209,180,147,117,95,88,94,113,140,171,197,214,219,216,206,195,186,180
0112,2020/06/24,183,195,209,222,231,230,217,193,162,128,102,85,80,90,113,140,169,192,206,209,204,195,183,176
0112,2020/06/25,175,183,196,210,224,230,223,208,184,154,126,104,91,93,106,128,157,183,201,211,212,206,196,184
0112,2020/06/26,179,181,189,200,214,226,229,222,207,184,157,132,115,107,110,124,147,172,193,210,216,214,207,195
0112,2020/06/27,185,182,182,188,200,212,220,221,213,200,181,159,140,126,120,125,139,159,182,199,211,216,212,202
0112,2020/06/28,191,181,175,175,179,189,200,207,210,206,196,184,168,153,144,141,146,161,177,195,211,219,219,212
0112,2020/06/29,201,189,176,166,164,167,175,185,192,197,197,192,184,172,160,151,148,153,165,180,196,210,216,213
0112,2020/06/30,205,194,178,163,151,147,150,156,167,178,188,195,197,193,186,178,171,169,174,185,200,215,226,229
0112,2020/07/01,225,215,198,179,160,146,139,139,146,158,173,188,199,204,204,199,192,186,184,187,194,206,220,227
0112,2020/07/02,230,227,212,192,169,145,129,120,119,129,146,166,186,201,209,211,205,196,189,184,186,196,209,221
0112,2020/07/03,230,229,220,202,177,149,123,104,95,97,111,132,156,181,198,205,207,201,190,184,181,185,196,208
0112,2020/07/04,222,232,229,217,199,172,143,118,98,92,99,115,140,170,195,213,222,220,214,205,195,192,198,207
0112,2020/07/05,222,237,243,239,225,201,170,138,110,93,89,97,119,146,174,200,217,221,218,209,197,191,189,193
0112,2020/07/06,208,225,237,242,236,218,192,159,126,100,87,87,101,125,154,181,203,216,216,210,201,191,185,185
0112,2020/07/07,193,210,226,237,241,231,210,183,148,117,98,88,93,112,137,167,194,211,218,216,207,197,187,179
0112,2020/07/08,184,198,213,228,239,238,227,204,174,142,116,103,100,110,130,155,182,203,215,217,211,202,190,179
0112,2020/07/09,177,184,196,212,227,233,229,214,189,162,136,115,107,111,123,144,169,191,208,214,211,203,190,178
0112,2020/07/10,172,171,179,193,206,217,221,213,197,175,149,129,116,112,120,137,156,179,198,207,211,207,196,185
0112,2020/07/11,176,171,173,181,194,208,217,219,211,194,177,159,142,135,137,146,163,181,198,213,219,217,210,197
0112,2020/07/12,184,176,172,172,181,193,203,210,209,201,190,174,160,151,148,151,162,177,192,207,217,219,213,203
0112,2020/07/13,191,179,169,162,164,171,180,188,193,192,186,178,168,159,154,153,159,169,182,195,206,213,212,205
0112,2020/07/14,195,182,169,159,155,156,163,171,179,186,189,188,186,181,176,176,175,179,191,202,213,224,225,223
0112,2020/07/15,218,205,190,175,163,158,157,161,170,181,189,196,199,199,195,191,190,191,194,200,210,218,225,226
0112,2020/07/16,221,212,197,179,162,148,140,139,144,154,167,181,191,197,199,196,193,190,188,190,197,206,214,219
0112,2020/07/17,219,216,203,185,165,145,129,122,121,128,145,164,180,194,202,204,202,197,192,189,192,198,207,215
0112,2020/07/18,221,222,216,200,178,156,133,115,107,111,124,145,167,188,204,212,213,209,200,194,192,195,201,212
0112,2020/07/19,223,230,229,219,200,175,146,120,104,100,107,125,150,176,198,212,217,216,207,197,191,189,192,202
0112,2020/07/20,215,227,233,229,215,190,160,130,104,90,90,101,125,154,182,204,217,219,212,202,191,185,186,192
0112,2020/07/21,205,222,233,237,231,213,185,151,119,95,84,88,106,134,164,192,213,221,219,211,199,188,183,185
0112,2020/07/22,195,212,228,239,240,230,208,177,140,111,91,83,92,114,143,175,202,218,222,215,204,191,179,176
0112,2020/07/23,183,196,214,230,239,239,226,200,167,133,106,92,90,103,129,159,188,210,219,217,208,194,179,170
0112,2020/07/24,170,179,194,212,228,236,233,216,190,159,130,108,98,102,120,145,173,198,214,218,213,200,182,168
0112,2020/07/25,162,164,174,189,207,222,227,222,206,182,155,131,115,110,118,137,161,187,207,216,215,206,189,172
0112,2020/07/26,160,153,156,168,182,198,210,212,207,195,173,153,137,127,127,135,154,178,197,211,217,211,198,181
0112,2020/07/27,163,152,146,149,159,173,187,198,201,197,189,175,160,149,144,147,159,176,194,209,219,219,210,193
0112,2020/07/28,176,160,147,141,143,152,163,175,185,189,190,188,181,174,169,168,172,182,195,211,222,227,224,212
0112,2020/07/29,196,178,160,145,136,135,141,150,159,172,180,185,187,185,181,179,178,180,188,199,210,219,219,214
0112,2020/07/30,204,188,169,149,132,123,119,122,131,143,158,172,182,188,192,191,188,187,188,193,204,214,219,221
0112,2020/07/31,217,206,191,170,148,130,116,110,113,122,138,157,174,188,200,204,203,198,193,193,198,205,215,222
0112,2020/08/01,224,221,212,193,170,146,123,107,100,104,118,137,159,181,198,208,210,205,199,192,189,194,202,211
0112,2020/08/02,222,228,224,213,194,168,141,116,99,94,101,118,142,167,190,208,215,213,206,195,188,186,190,201
0112,2020/08/03,215,226,232,229,214,192,164,132,107,94,92,104,125,151,178,201,214,217,210,198,187,180,178,186
0112,2020/08/04,201,218,231,235,228,212,185,153,122,100,91,95,111,136,165,190,208,215,212,201,187,175,168,170
0112,2020/08/05,182,200,217,228,231,222,201,172,139,111,95,91,101,122,149,177,199,211,212,204,190,176,164,159
0112,2020/08/06,167,182,201,219,229,228,217,194,164,135,113,103,106,122,146,172,198,215,219,216,204,186,170,162
0112,2020/08/07,162,174,192,211,227,233,228,213,187,159,137,119,114,123,142,167,192,210,219,219,208,192,175,161
0112,2020/08/08,155,160,173,191,208,220,222,214,196,171,149,132,123,125,140,161,184,204,216,218,213,200,181,164
0112,2020/08/09,155,152,161,176,193,209,218,214,204,187,166,150,139,136,145,161,180,200,214,219,217,205,187,171
0112,2020/08/10,156,147,150,158,171,187,198,203,200,188,173,159,148,144,148,159,176,193,206,214,215,208,193,177
0112,2020/08/11,163,151,145,148,157,169,182,191,194,190,183,173,164,159,159,165,176,189,200,210,215,212,201,186
0112,2020/08/12,171,158,148,144,145,152,163,173,181,187,186,183,180,176,174,179,185,193,203,211,218,218,211,201
0112,2020/08/13,188,172,159,148,142,144,151,160,169,178,187,190,190,191,190,191,195,198,205,212,218,223,221,215
0112,2020/08/14,207,193,178,163,149,143,143,147,155,166,179,190,196,202,205,204,204,204,204,209,215,219,222,222
0112,2020/08/15,218,209,194,176,157,143,133,130,135,146,162,179,193,204,213,214,212,209,205,204,208,212,217,223
0112,2020/08/16,223,219,210,192,169,147,129,117,113,120,135,155,176,196,209,214,214,210,202,198,198,199,205,215
0112,2020/08/17,223,227,224,212,190,165,140,118,105,104,114,135,161,186,208,221,224,219,209,199,193,192,198,208
0112,2020/08/18,221,233,238,232,216,192,162,133,109,96,100,115,140,171,198,217,227,225,214,201,190,183,183,192
0112,2020/08/19,208,226,238,242,235,214,185,152,119,98,91,98,120,151,181,208,225,227,218,205,190,175,170,177
0112,2020/08/20,190,210,231,242,244,234,211,178,144,114,96,95,108,133,165,196,218,228,224,212,194,175,162,159
0112,2020/08/21,169,188,211,230,241,242,228,204,171,138,114,102,106,126,154,185,213,227,229,220,202,180,161,151
0112,2020/08/22,154,166,188,212,230,241,239,223,198,168,140,122,116,126,150,178,207,227,233,227,212,189,166,150
0112,2020/08/23,142,148,165,185,208,225,232,228,213,189,165,146,135,137,153,177,203,224,236,236,226,204,179,157
0112,2020/08/24,143,140,148,164,184,205,219,223,218,206,189,173,159,157,165,180,202,223,236,240,235,218,195,173
0112,2020/08/25,152,139,138,144,159,178,195,207,211,208,201,190,180,175,176,186,202,218,233,242,241,229,212,191
0112,2020/08/26,170,151,140,137,142,154,168,181,192,196,197,195,190,187,186,189,199,210,221,232,235,230,219,203
0112,2020/08/27,183,164,149,137,133,137,145,155,168,179,187,192,195,198,198,198,201,207,214,223,230,231,226,217
0112,2020/08/28,203,186,169,152,138,132,132,137,146,158,172,184,195,202,206,206,207,206,206,212,218,222,224,222
0112,2020/08/29,216,206,192,173,153,138,130,126,129,140,155,172,189,202,210,215,213,208,203,202,206,210,216,223
0112,2020/08/30,225,220,212,196,175,155,138,125,120,125,140,159,180,201,216,224,224,217,208,201,198,199,207,217
0112,2020/08/31,226,233,233,223,206,182,157,136,120,118,128,143,167,191,211,224,228,221,209,196,187,184,187,198
0112,2020/09/01,214,227,234,231,218,196,170,143,121,110,112,126,150,177,201,219,227,224,212,197,183,174,173,183
0112,2020/09/02,201,220,234,239,233,217,192,162,135,117,111,120,139,165,193,215,226,226,214,197,181,166,159,166
0112,2020/09/03,181,202,225,238,240,232,212,184,155,132,120,122,137,161,189,213,230,232,223,207,187,166,154,154
0112,2020/09/04,163,184,208,227,236,235,221,196,169,142,125,121,128,148,176,201,220,228,222,208,188,165,148,142
0112,2020/09/05,146,163,187,209,225,232,225,207,182,156,138,129,131,146,169,194,216,228,226,215,196,174,153,140
0112,2020/09/06,139,150,170,193,213,227,227,216,196,174,155,142,141,151,169,193,214,227,231,222,204,182,160,143
0112,2020/09/07,136,140,154,174,196,213,220,215,202,184,167,155,149,153,168,189,207,222,228,224,211,191,168,149
0112,2020/09/08,136,134,141,155,174,193,205,207,201,188,175,164,158,159,167,182,200,213,221,223,214,196,176,157
0112,2020/09/09,141,133,134,143,157,173,189,198,198,194,187,178,173,171,175,187,200,212,221,224,220,209,191,172
0112,2020/09/10,157,144,139,141,148,162,178,189,196,199,195,192,190,187,190,197,205,214,222,227,226,218,206,190
0112,2020/09/11,173,159,148,142,142,150,160,171,182,190,193,195,194,194,196,199,203,207,212,217,219,214,208,198
0112,2020/09/12,184,171,158,146,139,139,144,154,165,178,190,198,205,209,212,214,215,214,216,220,223,225,225,221
0112,2020/09/13,214,204,189,172,158,147,142,143,150,163,180,195,208,217,222,225,223,217,215,215,215,218,221,223
0112,2020/09/14,223,219,208,190,168,148,134,126,127,137,154,174,194,211,223,226,221,212,204,198,197,199,205,215
0112,2020/09/15,222,224,221,207,186,162,138,120,111,114,129,151,177,200,217,226,224,214,200,189,183,182,189,202
0112,2020/09/16,217,231,236,230,214,189,159,133,114,107,116,137,163,192,216,231,233,223,206,189,176,169,172,185
0112,2020/09/17,205,225,240,245,237,217,190,157,127,112,110,122,148,178,207,230,236,229,214,191,172,158,153,163
0112,2020/09/18,183,207,233,249,251,242,220,188,157,132,119,124,143,170,200,226,240,238,223,199,174,152,139,140
0112,2020/09/19,155,179,209,233,245,246,234,209,178,149,131,126,136,159,190,219,238,241,231,210,181,153,133,126
0112,2020/09/20,133,151,179,208,230,242,240,223,200,173,152,142,143,158,183,211,234,243,237,220,195,164,137,122
0112,2020/09/21,119,129,152,179,205,224,232,228,214,192,174,161,156,163,181,205,227,240,241,229,206,176,147,125
0112,2020/09/22,113,114,128,148,173,196,211,216,211,201,188,176,169,171,181,200,220,232,238,234,216,193,167,139
0112,2020/09/23,122,117,120,133,152,172,192,204,206,205,198,191,188,186,190,202,217,229,237,237,227,210,186,163
0112,2020/09/24,145,131,126,129,138,152,170,184,194,199,200,200,200,198,201,208,216,223,231,237,233,222,209,191
0112,2020/09/25,172,157,144,137,138,144,156,169,179,191,200,205,211,216,219,223,226,231,237,239,238,239,234,222
0112,2020/09/26,210,196,181,168,159,156,158,164,175,186,199,211,218,223,226,227,225,222,220,222,225,225,226,226
0112,2020/09/27,219,210,197,180,166,155,148,147,154,163,178,194,207,217,224,224,219,213,205,202,204,207,212,219
0112,2020/09/28,220,218,211,195,176,158,142,133,131,139,154,172,192,207,217,221,216,206,195,185,181,182,190,203
0112,2020/09/29,214,219,220,212,194,175,154,137,128,131,143,161,183,205,219,225,222,210,195,181,171,168,176,191
0112,2020/09/30,209,224,232,230,217,198,175,154,139,135,143,160,183,206,225,237,236,223,205,186,170,162,164,178
0112,2020/10/01,198,218,235,239,233,218,194,170,149,138,139,152,172,196,218,233,236,225,206,184,162,148,145,154
0112,2020/10/02,173,198,219,231,234,224,203,178,155,139,133,139,158,182,205,224,232,224,206,183,157,139,130,133
0112,2020/10/03,152,177,203,224,233,229,216,194,170,152,142,144,158,178,203,225,235,231,217,193,167,144,129,127
0112,2020/10/04,138,162,189,212,230,236,226,209,188,168,156,153,161,181,203,225,240,240,229,208,180,156,138,129
0112,2020/10/05,135,154,179,206,229,240,239,227,209,191,174,166,170,182,201,223,238,241,235,217,191,165,142,127
0112,2020/10/06,125,136,156,180,204,222,227,222,209,193,179,171,170,177,195,215,229,235,231,216,194,168,142,123
0112,2020/10/07,115,118,132,153,177,197,209,209,202,192,180,172,169,173,185,201,213,221,222,213,196,173,148,128
0112,2020/10/08,116,114,120,133,153,174,188,196,197,192,183,177,173,174,183,195,204,212,216,211,198,180,159,138
0112,2020/10/09,123,116,115,121,136,154,169,182,188,189,188,184,181,183,188,195,203,209,214,214,206,192,176,158
0112,2020/10/10,142,131,124,123,130,142,157,171,184,192,194,195,196,197,199,203,206,210,214,215,213,207,196,182
0112,2020/10/11,168,156,144,136,133,137,147,158,171,184,194,201,206,209,210,211,210,208,209,211,212,212,210,202
0112,2020/10/12,194,183,169,154,143,136,136,143,154,170,187,200,211,217,219,218,213,207,202,202,203,208,213,214
0112,2020/10/13,213,210,197,180,163,146,136,134,138,152,171,191,209,219,223,221,212,200,188,182,182,187,197,208
0112,2020/10/14,217,221,217,202,182,161,142,129,126,136,155,179,202,220,229,230,220,203,186,173,166,169,181,197
0112,2020/10/15,214,228,233,226,210,186,158,136,124,124,139,162,187,211,226,231,221,200,177,155,139,137,146,162
0112,2020/10/16,187,211,226,230,223,203,175,148,128,119,126,146,171,199,222,232,228,210,184,157,133,120,123,136
0112,2020/10/17,161,192,217,232,237,227,204,177,152,134,130,142,163,191,216,233,234,219,194,163,130,109,101,106
0112,2020/10/18,128,159,190,216,232,233,221,199,176,156,146,149,164,188,215,235,241,233,210,178,143,112,95,91
0112,2020/10/19,103,130,161,191,216,228,226,216,198,177,163,159,167,185,207,230,242,238,223,197,162,128,103,89
0112,2020/10/20,90,106,132,161,189,210,218,215,206,190,176,169,171,182,200,221,236,239,229,208,179,146,115,92
0112,2020/10/21,84,91,108,132,158,183,197,203,203,195,185,178,175,180,194,210,225,234,230,216,195,166,137,114
0112,2020/10/22,96,93,103,117,137,162,178,191,199,196,191,188,184,186,195,206,219,229,230,225,212,191,168,146
0112,2020/10/23,124,116,117,123,137,155,171,188,200,204,205,206,207,207,209,216,224,230,233,236,229,215,200,180
0112,2020/10/24,159,146,136,133,139,147,158,172,183,193,201,204,207,208,207,209,210,212,215,214,214,213,205,193
0112,2020/10/25,182,167,155,146,141,143,149,157,170,182,193,202,207,207,207,205,200,197,195,195,198,200,200,199
0112,2020/10/26,194,185,173,161,150,143,142,146,156,168,183,198,206,211,212,207,197,188,181,178,179,184,192,198
0112,2020/10/27,200,200,192,179,166,153,144,143,148,158,174,192,206,216,219,213,202,187,173,165,163,168,179,191
0112,2020/10/28,201,207,206,197,182,165,150,142,141,148,163,183,200,213,222,218,206,189,170,155,148,151,162,178
0112,2020/10/29,195,209,215,212,199,181,163,148,142,143,154,173,192,208,220,220,207,188,166,146,134,131,140,157
0112,2020/10/30,178,198,212,218,211,196,177,159,148,144,150,166,184,202,217,222,214,197,171,145,126,116,120,135
0112,2020/10/31,157,184,206,217,218,209,190,171,156,146,149,162,180,201,219,227,224,207,180,152,127,110,107,118
0112,2020/11/01,139,167,193,213,221,217,204,187,169,156,153,162,177,197,217,229,229,216,192,163,134,112,103,106
0112,2020/11/02,125,152,181,206,222,224,217,203,185,171,164,165,178,196,215,230,235,226,206,179,149,123,107,104
0112,2020/11/03,117,141,170,197,218,229,229,220,207,193,184,183,189,203,223,240,248,244,228,203,173,144,122,106
0112,2020/11/04,106,123,150,180,206,221,226,224,213,199,189,183,184,194,209,223,234,235,223,201,174,147,121,104
0112,2020/11/05,102,110,128,152,176,197,209,211,206,196,187,181,178,183,195,208,218,223,218,202,179,154,128,109
0112,2020/11/06,100,101,112,132,156,178,194,202,204,199,191,185,183,186,196,207,215,221,222,212,194,174,151,128
0112,2020/11/07,114,110,112,123,142,162,180,196,204,204,202,199,195,196,200,207,214,220,223,218,206,193,174,154
0112,2020/11/08,138,128,124,128,137,152,169,185,198,205,206,207,205,204,205,206,209,213,214,214,209,198,186,169
0112,2020/11/09,152,140,130,125,128,136,147,164,180,192,200,205,205,203,201,197,196,196,195,196,197,195,191,184
0112,2020/11/10,173,162,148,135,128,126,130,141,157,173,188,200,206,205,203,197,187,180,177,176,178,184,189,190
0112,2020/11/11,187,180,167,152,138,125,120,124,134,150,170,185,194,199,197,186,173,160,149,144,146,154,165,176
0112,2020/11/12,185,189,183,170,153,134,121,117,121,133,154,175,191,201,202,193,177,156,137,125,121,128,144,162
0112,2020/11/13,181,196,200,195,181,161,142,129,126,134,151,174,196,210,217,211,192,169,143,120,110,111,123,144
0112,2020/11/14,169,193,209,212,206,191,169,152,142,140,151,171,192,211,223,220,205,179,146,115,94,86,91,109
0112,2020/11/15,137,168,195,212,216,208,191,172,156,148,152,167,188,210,226,231,220,196,163,127,96,78,75,84
0112,2020/11/16,109,141,174,201,216,220,211,195,178,165,161,170,185,205,226,237,232,214,184,148,111,81,65,65
0112,2020/11/17,79,106,139,169,193,205,206,197,182,169,162,163,173,190,210,225,228,218,195,162,125,92,69,59
0112,2020/11/18,65,83,111,143,172,193,203,203,196,185,174,169,174,186,201,218,229,225,209,185,151,116,89,71
0112,2020/11/19,65,75,95,122,150,174,190,199,197,190,185,179,178,187,200,213,226,229,223,208,181,150,123,100
0112,2020/11/20,87,88,98,116,138,161,181,194,199,198,195,192,188,192,199,208,221,230,227,218,200,176,152,127
0112,2020/11/21,109,101,102,113,129,147,165,179,189,192,189,184,179,176,179,183,190,199,202,201,194,179,162,144
0112,2020/11/22,127,115,110,112,120,134,151,165,179,189,192,194,193,188,186,186,187,190,195,197,196,192,184,174
0112,2020/11/23,161,148,141,136,134,136,142,154,170,181,187,190,189,186,181,174,171,169,169,172,176,177,177,173
0112,2020/11/24,164,152,142,132,127,126,130,140,153,165,177,184,187,187,182,172,161,152,147,149,154,160,167,171
0112,2020/11/25,170,168,161,150,143,137,134,141,151,163,179,190,197,201,196,185,171,156,145,141,142,149,162,174
0112,2020/11/26,182,186,185,177,165,156,150,148,154,163,176,191,201,204,201,189,171,151,133,121,119,125,139,156
0112,2020/11/27,171,181,186,184,174,163,152,146,145,152,166,183,198,207,209,203,185,163,139,121,113,117,130,151
0112,2020/11/28,173,192,206,208,201,191,178,165,160,164,173,189,203,214,220,215,197,173,144,119,104,99,106,126
0112,2020/11/29,148,171,191,199,198,192,179,165,157,153,160,174,189,204,214,212,200,177,146,118,95,82,85,100
0112,2020/11/30,124,151,177,195,200,196,186,172,160,153,155,165,180,197,210,214,205,185,154,123,95,74,68,78
0112,2020/12/01,96,124,154,178,192,196,190,178,165,155,152,156,168,184,198,208,206,191,164,133,101,76,64,65
0112,2020/12/02,82,108,137,166,188,198,198,190,178,168,162,163,171,187,203,215,218,207,185,157,125,97,79,71
0112,2020/12/03,78,98,127,157,180,198,206,202,193,183,175,173,179,189,205,220,227,225,209,182,152,122,97,82
0112,2020/12/04,80,90,112,139,165,187,200,202,196,187,178,172,171,178,190,203,213,216,206,187,162,133,105,85
0112,2020/12/05,76,79,95,116,142,167,185,194,195,189,182,175,171,175,185,196,207,212,208,197,177,152,127,104
0112,2020/12/06,88,84,89,103,124,147,169,183,189,189,184,178,173,173,178,187,195,203,205,201,190,173,153,132
0112,2020/12/07,114,102,100,106,119,140,162,178,190,195,193,189,183,177,177,180,185,191,195,197,195,186,174,160
0112,2020/12/08,142,129,120,115,121,134,148,166,182,191,197,194,186,181,175,170,170,170,173,178,182,184,182,175
0112,2020/12/09,164,150,137,128,124,127,139,155,171,185,196,198,195,189,177,167,160,153,153,157,163,172,179,180
0112,2020/12/10,177,170,159,146,136,133,137,148,163,179,194,202,202,197,186,171,155,143,136,135,141,152,165,177
0112,2020/12/11,185,187,182,171,158,148,143,147,156,171,188,201,208,207,197,181,161,140,123,114,115,126,143,164
0112,2020/12/12,182,195,203,200,189,177,167,163,167,177,194,209,220,224,222,207,180,153,128,107,100,105,119,143
0112,2020/12/13,169,193,212,216,212,203,189,179,175,176,189,204,216,227,230,218,196,167,131,104,90,84,94,115
0112,2020/12/14,142,174,203,218,222,215,200,190,181,177,186,198,213,229,236,232,217,189,154,119,91,75,74,85
0112,2020/12/15,109,142,174,199,214,218,214,204,191,185,186,193,205,221,234,239,231,209,178,140,105,81,68,70
0112,2020/12/16,87,114,145,176,199,211,214,208,197,187,9999,9999,9999,9999,9999,9999,237,225,200,165,128,96,74,67
0112,2020/12/17,75,92,120,151,177,196,206,204,198,189,9999,179,182,194,210,224,232,228,211,185,151,118,92,75
0112,2020/12/18,72,85,105,132,161,183,199,206,201,194,186,178,178,187,199,215,229,231,224,206,180,153,125,101
0112,2020/12/19,90,90,101,121,143,167,187,198,199,196,188,180,174,174,184,199,211,218,217,208,191,169,143,121
0112,2020/12/20,105,99,104,115,134,155,177,191,195,195,192,181,173,170,172,181,190,200,206,203,195,181,161,140
0112,2020/12/21,124,113,113,120,133,150,169,185,194,197,195,187,177,170,167,166,173,181,186,189,187,180,168,153
0112,2020/12/22,139,128,121,122,130,143,159,174,187,193,195,191,183,174,168,162,160,164,170,175,179,181,178,171
0112,2020/12/23,161,151,145,141,142,149,160,172,185,195,198,197,192,182,174,163,154,152,154,158,164,171,176,176
0112,2020/12/24,173,169,164,159,156,157,165,177,188,199,208,210,208,203,191,178,165,151,147,148,152,164,175,181
0112,2020/12/25,187,189,184,179,173,170,174,180,187,197,206,209,212,209,200,186,168,148,135,129,130,140,153,166
0112,2020/12/26,177,185,190,186,178,173,171,170,174,184,195,204,209,210,203,189,169,147,127,114,110,115,129,144
0112,2020/12/27,162,180,188,190,188,180,174,171,170,177,188,197,206,211,209,198,177,152,126,104,93,94,106,124
0112,2020/12/28,145,169,187,193,195,193,184,176,173,175,183,195,205,214,218,210,193,169,139,111,93,87,92,107
0112,2020/12/29,130,156,178,194,202,202,196,186,178,175,179,189,201,214,224,224,213,192,163,130,104,91,89,99
0112,2020/12/30,124,154,183,205,219,224,221,212,205,201,203,212,224,239,254,259,249,227,196,163,133,111,99,99
0112,2020/12/31,115,142,171,194,212,221,220,209,197,188,183,184,192,206,220,232,231,218,194,162,129,101,81,75
