0112,2001/01/01,9999,9999,9999,9999,9999,9999,9999,9999,9999,9999,9999,9999,9999,9999,9999,9999,9999,9999,9999,9999,9999,9999,9999,9999
0112,2001/01/02,9999,9999,9999,9999,9999,9999,9999,9999,9999,9999,9999,9999,9999,9999,9999,9999,9999,9999,9999,9999,9999,9999,9999,9999
0112,2001/01/03,9999,9999,9999,9999,9999,9999,9999,9999,9999,9999,9999,9999,9999,9999,9999,9999,9999,9999,9999,9999,9999,9999,9999,9999
0112,2001/01/04,9999,9999,9999,9999,9999,9999,9999,9999,9999,9999,9999,9999,130,121,106,092,080,078,073,079,088,100,106,107
0112,2001/01/05,110,106,105,090,088,089,094,107,119,126,139,140,136,128,112,094,083,064,057,058,060,075,087,098
0112,2001/01/06,112,115,116,107,103,100,102,105,108,119,133,134,138,130,118,102,078,056,036,031,031,043,056,075
0112,2001/01/07,095,104,116,116,104,109,092,097,103,106,124,133,135,143,133,116,095,064,039,026,012,017,036,058
0112,2001/01/08,079,110,122,136,136,127,121,119,105,120,132,135,151,155,151,149,126,093,055,030,008,000,010,030
0112,2001/01/09,056,082,117,127,134,133,124,108,103,096,106,122,127,148,156,144,143,108,077,038,011,-006,-013,002
0112,2001/01/10,027,063,100,125,144,151,146,141,127,115,119,116,128,149,157,163,166,140,111,078,035,009,-009,-011
0112,2001/01/11,007,036,070,103,126,143,149,135,126,112,109,109,124,137,160,171,174,165,139,107,070,038,004,-009
0112,2001/01/12,-006,016,051,078,106,136,141,139,131,115,107,097,101,111,130,151,165,159,149,128,095,059,026,005
0112,2001/01/13,-003,003,037,057,087,117,128,140,127,117,111,095,091,100,108,125,149,151,152,141,116,093,063,035
0112,2001/01/14,021,022,035,053,084,110,132,145,141,132,120,102,094,088,099,110,127,138,144,141,132,116,084,066
0112,2001/01/15,039,036,040,050,074,097,122,135,137,132,124,104,089,080,079,086,100,110,124,126,122,121,094,083
0112,2001/01/16,066,047,052,055,061,094,111,126,138,130,123,114,096,080,077,075,079,086,094,103,110,109,099,094
0112,2001/01/17,081,067,065,062,070,088,099,119,128,131,131,119,095,086,074,059,056,063,066,075,087,088,092,092
0112,2001/01/18,087,082,083,074,080,088,096,112,126,135,139,127,114,106,089,071,066,055,053,057,062,079,086,093
0112,2001/01/19,093,093,093,088,087,082,089,101,108,123,125,125,122,109,096,082,064,050,039,039,040,051,064,076
0112,2001/01/20,090,098,103,101,100,095,096,098,106,113,125,127,130,129,119,100,083,067,049,040,040,045,061,077
0112,2001/01/21,094,110,126,126,125,127,116,117,117,122,130,133,139,135,133,123,099,079,058,035,032,037,035,060
0112,2001/01/22,076,098,118,121,126,120,111,106,103,103,109,120,129,136,136,129,114,090,066,040,020,017,022,034
0112,2001/01/23,053,080,100,118,125,124,120,112,098,096,103,107,123,136,138,135,127,106,078,052,025,010,004,012
0112,2001/01/24,035,057,092,107,117,127,116,111,100,087,089,095,105,117,130,135,132,118,090,058,030,011,000,008
0112,2001/01/25,017,050,076,099,116,128,118,120,098,085,088,086,092,114,129,137,148,132,111,091,048,028,011,001
0112,2001/01/26,019,041,067,097,115,128,132,126,111,097,089,082,089,109,130,142,151,147,132,117,070,054,033,001
0112,2001/01/27,024,037,054,087,120,128,140,145,113,111,104,083,098,099,110,148,147,152,164,129,102,082,046,032
0112,2001/01/28,040,041,067,093,106,131,147,138,131,119,100,093,087,082,111,126,140,154,138,131,111,085,056,036
0112,2001/01/29,033,036,052,071,095,121,130,135,129,115,101,083,073,073,080,097,111,122,130,124,106,091,064,043
0112,2001/01/30,037,029,041,064,077,105,123,122,126,118,100,090,075,067,073,085,096,113,123,122,117,098,079,062
0112,2001/01/31,048,042,053,058,071,099,110,126,126,118,106,093,079,065,062,068,080,088,100,113,114,104,090,080
0112,2001/02/01,064,070,066,059,074,106,113,132,126,140,128,113,101,084,072,069,084,090,094,112,116,110,111,098
0112,2001/02/02,084,078,074,080,087,096,105,115,128,128,125,117,102,091,069,057,053,059,060,075,083,088,096,094
0112,2001/02/03,088,093,092,087,091,102,109,115,121,116,124,110,109,079,075,066,039,039,030,033,047,066,073,084
0112,2001/02/04,083,091,099,091,083,088,089,097,111,104,112,118,105,096,084,062,047,037,014,015,017,029,043,061
0112,2001/02/05,080,092,104,104,100,099,095,097,104,103,112,126,123,118,112,095,073,050,021,009,002,009,026,048
0112,2001/02/06,071,097,117,113,117,122,109,106,104,107,114,130,130,147,140,123,104,078,044,015,-001,-003,001,021
0112,2001/02/07,046,074,107,121,117,125,115,100,097,098,090,111,130,136,146,141,131,108,070,033,007,-014,-020,001
0112,2001/02/08,028,068,099,126,126,131,131,121,097,087,085,094,117,130,144,164,152,125,101,053,021,008,-021,-015
0112,2001/02/09,007,025,070,102,109,135,130,108,104,086,069,084,099,098,139,156,152,157,125,087,063,025,-008,-003
0112,2001/02/10,001,024,052,085,112,128,127,112,107,083,070,079,077,087,118,131,138,144,134,104,077,041,013,-001
0112,2001/02/11,-007,012,037,064,093,117,130,119,102,086,063,055,058,066,083,114,122,141,137,124,101,079,045,023
0112,2001/02/12,009,011,030,058,088,116,133,126,107,096,074,058,046,040,057,083,099,115,127,121,112,099,071,044
0112,2001/02/13,037,029,049,066,090,110,136,137,130,109,085,072,056,050,052,064,084,098,119,118,115,106,089,076
0112,2001/02/14,064,048,061,076,087,120,129,139,141,127,113,092,069,054,052,056,053,081,091,098,107,106,094,082
0112,2001/02/15,069,070,072,073,087,112,116,132,138,128,118,094,077,063,048,048,051,058,065,081,085,086,091,084
0112,2001/02/16,082,087,082,080,093,101,114,130,137,135,132,118,097,075,051,064,051,044,059,062,064,076,086,081
0112,2001/02/17,089,092,084,090,086,098,106,112,107,119,106,108,099,081,078,058,041,039,040,039,044,053,062,082
0112,2001/02/18,086,090,103,096,101,098,097,110,109,113,121,120,119,107,095,086,070,056,045,033,039,042,059,072
0112,2001/02/19,087,097,112,109,104,103,099,105,102,109,108,121,117,114,116,104,080,063,034,020,020,014,029,051
0112,2001/02/20,066,086,106,109,112,111,098,093,087,092,099,110,113,119,118,107,089,069,044,031,012,008,018,032
0112,2001/02/21,058,078,095,116,114,113,110,090,088,082,089,102,115,117,130,134,118,102,075,047,033,021,023,031
0112,2001/02/22,051,080,101,120,133,130,116,104,090,076,076,093,102,117,131,135,130,112,091,057,039,019,017,020
0112,2001/02/23,037,057,089,109,117,129,120,102,092,074,068,078,088,105,130,141,139,131,106,079,050,033,015,016
0112,2001/02/24,031,054,085,107,126,134,124,118,098,082,071,072,077,099,125,139,147,145,122,103,072,041,031,018
0112,2001/02/25,029,055,078,106,127,132,130,119,102,078,059,059,060,075,094,116,133,139,122,110,073,048,025,001
0112,2001/02/26,012,042,058,088,110,118,121,116,093,078,055,9999,9999,9999,9999,9999,9999,9999,9999,9999,9999,9999,9999,9999
0112,2001/02/27,9999,9999,9999,9999,9999,9999,9999,9999,9999,9999,9999,9999,9999,9999,9999,9999,9999,9999,9999,9999,9999,9999,9999,9999
0112,2001/02/28,9999,9999,9999,9999,9999,9999,9999,9999,9999,9999,9999,9999,9999,9999,9999,9999,9999,9999,9999,9999,9999,9999,9999,9999
0112,2001/03/01,9999,9999,9999,9999,9999,9999,9999,9999,9999,9999,9999,9999,9999,9999,9999,9999,9999,9999,9999,9999,9999,9999,9999,9999
0112,2001/03/02,9999,9999,9999,9999,9999,9999,9999,9999,9999,9999,9999,9999,9999,9999,9999,9999,9999,9999,9999,9999,9999,9999,9999,9999
0112,2001/03/03,9999,9999,9999,9999,9999,9999,9999,9999,9999,9999,9999,9999,9999,9999,9999,9999,9999,9999,9999,9999,9999,9999,9999,9999
0112,2001/03/04,9999,9999,9999,9999,9999,9999,9999,9999,9999,9999,9999,9999,9999,9999,9999,9999,9999,9999,9999,9999,9999,9999,9999,9999
0112,2001/03/05,9999,9999,9999,9999,9999,9999,9999,9999,9999,9999,9999,9999,9999,9999,9999,9999,9999,9999,9999,9999,9999,9999,9999,9999
0112,2001/03/06,9999,9999,9999,9999,9999,9999,9999,9999,9999,9999,9999,9999,9999,9999,9999,9999,9999,9999,9999,9999,9999,9999,9999,9999
0112,2001/03/07,9999,9999,9999,9999,9999,9999,9999,9999,9999,9999,9999,9999,9999,9999,9999,9999,9999,9999,9999,9999,9999,9999,9999,9999
0112,2001/03/08,9999,9999,9999,9999,9999,9999,9999,9999,9999,9999,9999,9999,9999,9999,9999,9999,9999,9999,9999,9999,9999,9999,9999,9999
0112,2001/03/09,9999,9999,9999,9999,9999,9999,9999,9999,9999,9999,9999,9999,9999,9999,9999,9999,9999,9999,9999,9999,9999,9999,9999,9999
0112,2001/03/10,9999,9999,9999,9999,9999,9999,9999,9999,9999,9999,9999,9999,9999,9999,9999,9999,9999,9999,9999,9999,9999,9999,9999,9999
0112,2001/03/11,9999,9999,9999,9999,9999,9999,9999,9999,9999,9999,9999,9999,9999,9999,9999,9999,9999,9999,9999,9999,9999,9999,9999,9999
0112,2001/03/12,9999,9999,9999,9999,9999,9999,9999,9999,9999,9999,9999,9999,9999,9999,9999,9999,9999,9999,9999,9999,9999,9999,9999,9999
0112,2001/03/13,9999,9999,9999,9999,9999,9999,9999,9999,9999,9999,9999,9999,9999,9999,9999,9999,9999,113,122,119,107,085,067,049
0112,2001/03/14,038,051,058,085,108,125,133,127,105,079,058,034,020,022,031,051,076,092,108,120,105,105,088,071
0112,2001/03/15,072,067,080,099,115,136,149,147,138,113,095,068,9999,034,034,048,9999,9999,098,110,110,113,101,089
0112,2001/03/16,084,080,085,094,108,123,132,139,130,113,9999,077,056,042,036,038,048,060,070,084,093,093,093,092
0112,2001/03/17,086,087,090,089,100,110,120,127,124,114,107,089,073,059,049,047,049,056,062,071,085,094,098,107
0112,2001/03/18,106,110,111,110,118,121,129,136,138,128,127,115,098,090,073,065,064,057,056,062,070,077,085,094
0112,2001/03/19,097,105,110,109,106,108,110,107,113,109,114,111,109,092,085,078,060,055,048,045,054,060,073,091
0112,2001/03/20,096,110,116,111,114,111,105,106,107,102,114,119,118,119,111,101,088,070,055,045,050,056,064,086
0112,2001/03/21,097,115,130,124,125,120,104,096,098,088,105,113,112,122,118,110,098,079,057,046,036,036,046,062
0112,2001/03/22,080,108,118,122,126,112,101,094,082,080,090,101,111,124,129,127,119,094,075,060,037,039,043,055
0112,2001/03/23,080,103,113,121,126,119,103,086,076,060,071,083,091,117,124,127,126,103,080,058,035,030,025,037
0112,2001/03/24,059,081,102,121,125,117,105,083,066,054,050,061,076,097,117,129,128,118,096,068,047,032,022,033
0112,2001/03/25,049,074,102,116,127,130,114,096,075,051,049,051,069,092,114,136,142,141,121,099,073,053,042,041
0112,2001/03/26,056,082,107,128,142,147,133,121,094,066,056,053,062,076,103,128,142,143,131,116,099,076,055,053
0112,2001/03/27,059,077,103,119,137,146,134,117,092,061,038,038,031,049,077,098,123,134,129,115,102,078,058,054
0112,2001/03/28,044,067,083,111,130,138,132,116,096,066,048,028,025,037,058,079,112,133,134,128,116,095,080,073
0112,2001/03/29,064,079,093,112,130,141,142,136,111,084,061,039,033,030,043,067,098,115,132,130,129,116,102,088
0112,2001/03/30,082,092,099,119,132,148,157,149,128,103,080,055,035,031,032,045,067,090,103,111,115,108,098,088
0112,2001/03/31,080,080,089,097,110,129,135,134,125,102,082,062,036,037,026,032,056,058,075,102,103,106,110,091
0112,2001/04/01,094,098,092,099,113,118,131,137,122,117,103,080,064,044,030,030,033,042,058,074,084,095,097,099
0112,2001/04/02,103,101,097,103,105,111,118,123,122,118,109,094,080,066,050,040,038,036,045,059,069,084,096,104
0112,2001/04/03,111,115,116,116,114,114,119,121,120,119,117,111,106,098,075,065,055,035,038,037,044,061,076,088
0112,2001/04/04,105,112,114,111,106,103,102,101,101,106,109,114,114,110,102,083,065,045,029,022,025,038,054,074
0112,2001/04/05,095,110,117,121,108,101,091,082,079,083,091,102,114,113,118,111,092,068,046,023,021,022,033,059
0112,2001/04/06,082,102,118,120,112,104,085,071,064,060,067,084,100,117,126,124,114,090,060,036,021,018,022,041
0112,2001/04/07,067,092,114,123,120,105,089,067,049,039,046,058,083,107,124,133,134,114,087,062,037,024,023,033
0112,2001/04/08,062,088,109,129,127,117,099,068,045,027,025,033,056,082,109,128,135,131,111,089,063,042,032,039
0112,2001/04/09,059,083,108,131,133,123,109,080,051,029,016,012,029,059,087,111,132,136,124,108,084,064,046,043
0112,2001/04/10,053,079,104,125,138,137,121,097,062,036,016,007,017,035,065,091,117,129,131,121,103,081,061,057
0112,2001/04/11,064,075,100,122,140,145,134,114,087,056,031,016,014,027,051,080,105,126,133,131,122,109,092,083
0112,2001/04/12,080,090,109,133,146,161,154,141,114,084,058,040,029,034,047,068,094,116,125,132,128,119,098,096
0112,2001/04/13,092,091,101,119,132,143,151,135,117,092,063,041,024,014,022,038,055,078,090,101,109,099,095,088
0112,2001/04/14,080,081,089,098,112,123,126,126,113,094,078,052,039,028,024,037,054,064,083,093,101,109,105,098
0112,2001/04/15,099,098,096,102,109,118,128,127,118,107,096,075,058,046,036,036,047,050,063,077,092,092,098,104
0112,2001/04/16,100,100,102,098,102,108,111,114,111,104,098,085,071,064,044,039,042,042,047,059,072,079,092,094
0112,2001/04/17,096,104,102,097,093,095,100,099,101,101,096,093,087,076,065,055,047,041,041,049,056,068,075,092
0112,2001/04/18,098,106,106,105,098,093,089,089,089,091,100,099,099,096,088,076,065,050,046,045,051,063,074,093
0112,2001/04/19,102,113,118,116,105,098,088,082,083,084,095,101,109,112,109,099,090,071,063,053,052,060,074,090
0112,2001/04/20,109,120,125,129,117,103,093,078,069,073,080,095,105,112,109,106,096,077,056,043,037,039,048,071
0112,2001/04/21,089,107,122,118,111,098,081,063,047,047,055,072,087,109,115,119,115,093,074,061,044,042,052,061
0112,2001/04/22,091,112,121,134,124,109,092,073,047,043,049,061,080,105,116,129,124,111,092,071,054,042,042,060
0112,2001/04/23,080,103,122,132,128,116,093,065,042,026,022,039,054,083,110,125,132,128,108,086,071,053,048,059
0112,2001/04/24,077,098,124,129,136,130,103,076,052,023,019,020,038,062,095,113,133,134,121,103,085,069,058,062
0112,2001/04/25,076,095,117,131,137,135,117,090,057,031,012,013,019,043,074,099,126,139,129,122,104,085,070,070
0112,2001/04/26,072,090,112,129,139,138,127,103,071,038,017,000,003,021,045,073,103,122,126,121,113,093,082,071
0112,2001/04/27,073,084,102,119,134,138,127,112,081,051,021,003,-004,002,023,050,079,102,116,117,117,106,090,082
0112,2001/04/28,080,086,100,114,127,135,134,119,096,071,044,019,003,-001,009,029,050,079,096,110,116,109,099,093
0112,2001/04/29,089,090,096,105,121,127,136,127,114,090,070,039,023,013,008,019,037,059,077,097,102,110,108,103
0112,2001/04/30,102,099,103,108,118,127,133,135,126,115,096,079,056,043,033,028,038,051,065,086,101,111,114,114
0112,2001/05/01,111,114,111,109,116,120,123,131,127,122,115,100,081,068,049,038,036,034,048,059,076,093,102,107
0112,2001/05/02,117,113,111,106,101,104,105,104,109,112,110,110,099,084,075,056,043,044,034,044,060,075,092,108
0112,2001/05/03,112,117,115,106,099,090,085,085,086,094,102,106,110,109,095,084,064,051,045,038,049,068,081,100
0112,2001/05/04,116,117,124,115,097,087,072,065,066,069,081,102,107,117,118,104,092,076,050,045,044,050,069,088
0112,2001/05/05,106,119,128,114,106,087,064,053,044,041,060,073,092,113,119,120,106,090,068,049,044,046,057,074
0112,2001/05/06,096,115,126,124,112,094,066,046,030,021,033,047,072,096,113,127,125,115,093,072,058,052,057,076
0112,2001/05/07,100,118,136,136,128,109,086,057,033,022,016,033,054,084,113,131,138,134,117,101,082,070,071,079
0112,2001/05/08,100,120,139,148,145,134,104,076,044,022,016,021,041,068,097,123,140,144,135,121,104,089,084,085
0112,2001/05/09,102,122,142,157,162,150,131,098,066,039,020,017,032,055,083,113,133,149,145,140,125,108,102,099
0112,2001/05/10,103,119,136,155,160,157,139,114,079,049,024,013,020,031,057,083,107,130,136,132,124,114,095,092
0112,2001/05/11,092,103,123,138,145,151,138,117,094,058,036,020,009,017,038,060,087,111,117,126,119,113,103,093
0112,2001/05/12,094,097,107,124,133,139,141,126,097,074,044,023,018,012,021,045,061,083,102,112,112,113,100,094
0112,2001/05/13,093,090,098,108,119,127,132,119,106,085,062,045,025,020,022,033,051,069,085,098,107,110,100,100
0112,2001/05/14,098,092,095,100,106,116,121,117,110,092,077,060,042,032,030,031,044,059,071,087,100,107,103,105
0112,2001/05/15,101,100,102,097,102,108,109,118,107,102,093,078,067,053,046,045,052,057,067,082,092,108,114,111
0112,2001/05/16,115,114,109,104,101,099,107,111,109,110,105,096,095,081,069,064,057,062,066,076,089,105,115,121
0112,2001/05/17,125,121,116,090,9999,9999,9999,9999,9999,9999,9999,9999,9999,9999,9999,9999,9999,9999,058,068,077,088,103,112
0112,2001/05/18,119,125,118,108,100,088,080,079,079,089,096,104,107,106,102,091,082,075,064,065,071,082,097,115
0112,2001/05/19,122,129,130,116,105,089,075,069,070,073,086,101,112,121,119,108,098,089,078,072,073,087,092,112
0112,2001/05/20,128,133,140,128,110,095,075,057,054,052,063,086,098,117,124,121,112,102,086,076,071,074,083,100
0112,2001/05/21,118,131,140,133,116,098,072,046,037,031,042,060,082,105,121,127,125,115,101,085,078,074,082,096
0112,2001/05/22,115,129,145,138,129,107,079,053,031,019,022,039,061,092,116,129,137,130,114,106,087,082,086,094
0112,2001/05/23,110,130,142,149,143,121,096,063,033,015,009,017,044,070,100,128,140,142,136,123,107,100,091,095
0112,2001/05/24,113,127,144,155,155,143,118,086,056,022,013,015,028,059,091,118,142,153,150,144,128,116,107,104
0112,2001/05/25,116,130,149,161,166,159,137,106,074,040,013,006,010,028,058,087,113,135,137,140,130,111,111,098
0112,2001/05/26,102,116,134,144,157,155,141,124,087,056,026,009,001,006,035,059,087,118,132,137,135,129,116,113
0112,2001/05/27,108,112,126,138,152,158,156,136,109,080,049,029,011,010,021,048,067,095,113,127,132,129,121,115
0112,2001/05/28,108,108,117,126,139,153,147,144,125,104,079,051,032,020,019,030,045,068,091,108,119,122,119,110
0112,2001/05/29,107,103,100,108,113,124,131,131,124,111,091,071,053,036,027,028,032,053,072,087,108,114,118,118
0112,2001/05/30,108,104,099,094,101,102,112,118,119,112,109,095,079,067,050,041,040,052,061,077,100,110,123,124
0112,2001/05/31,121,119,112,098,098,098,098,112,113,120,123,114,113,103,085,075,072,063,069,084,096,120,135,133
0112,2001/06/01,140,134,119,109,094,086,084,085,084,102,103,117,120,112,105,094,074,073,068,069,085,098,115,129
0112,2001/06/02,133,133,124,107,091,073,062,060,061,071,086,101,116,117,119,114,095,090,076,071,082,090,108,124
0112,2001/06/03,136,139,133,116,096,078,055,044,046,044,065,082,102,122,129,128,122,109,095,087,084,096,110,124
0112,2001/06/04,141,145,149,136,117,094,071,043,036,034,042,067,086,110,130,136,136,127,111,096,093,090,100,112
0112,2001/06/05,131,145,152,143,128,103,075,048,024,017,016,037,061,087,112,133,134,135,125,110,100,093,098,105
0112,2001/06/06,126,138,151,153,142,117,094,061,037,016,011,023,043,070,100,121,140,141,140,126,117,106,102,109
0112,2001/06/07,121,139,156,160,160,147,116,085,056,028,020,022,033,063,086,115,138,147,150,141,128,116,108,107
0112,2001/06/08,118,130,146,160,160,151,130,102,074,041,024,016,022,044,064,093,119,132,141,137,125,117,109,095
0112,2001/06/09,107,118,132,146,153,150,137,116,082,055,029,017,015,025,045,073,096,118,128,130,125,121,108,101
0112,2001/06/10,101,108,120,133,145,150,147,126,104,078,047,036,026,031,044,062,087,109,128,132,139,127,116,108
0112,2001/06/11,108,107,117,128,137,148,146,135,120,095,072,056,035,033,044,054,075,094,106,118,125,122,123,108
0112,2001/06/12,103,102,098,109,122,128,136,135,119,107,086,063,054,042,047,054,067,084,102,116,125,130,126,114
0112,2001/06/13,111,104,102,104,112,120,127,125,122,114,099,084,071,058,049,055,063,075,097,109,113,127,123,120
0112,2001/06/14,117,109,105,099,099,104,112,119,116,117,108,099,089,072,065,066,062,076,085,098,112,121,128,125
0112,2001/06/15,129,116,108,098,093,090,095,104,105,112,111,106,097,094,081,075,074,072,078,092,102,118,128,126
0112,2001/06/16,130,121,107,099,085,075,079,074,083,093,096,103,105,098,093,087,073,075,076,081,098,104,119,126
0112,2001/06/17,127,125,113,096,081,067,061,055,061,072,086,101,108,112,110,101,094,089,082,085,093,104,121,130
0112,2001/06/18,139,138,127,112,094,073,056,048,045,060,068,089,108,118,123,120,111,106,098,092,097,108,117,130
0112,2001/06/19,149,154,146,137,109,091,061,047,035,042,057,081,102,121,136,143,139,131,118,109,107,110,120,136
0112,2001/06/20,149,164,158,151,129,103,077,049,036,027,036,062,083,110,137,150,150,150,137,121,112,112,116,128
0112,2001/06/21,139,158,162,154,142,120,085,054,029,008,010,021,047,076,108,131,143,143,137,121,112,107,107,109
0112,2001/06/22,133,143,157,161,153,134,105,069,035,009,-003,002,018,047,082,112,132,146,145,132,123,114,107,106
0112,2001/06/23,120,135,149,160,158,148,126,092,056,022,000,-008,-003,021,051,082,110,131,135,132,124,112,106,100
0112,2001/06/24,108,123,133,151,158,152,143,114,083,046,017,000,-007,006,037,059,093,121,130,137,131,119,116,103
0112,2001/06/25,099,113,123,138,156,159,157,143,111,084,052,014,024,008,030,062,072,108,126,141,134,143,120,117
0112,2001/06/26,108,111,115,134,139,152,152,148,139,109,085,057,038,025,032,047,065,099,114,132,140,138,132,120
0112,2001/06/27,113,097,101,107,119,140,143,142,144,124,108,086,066,049,049,054,071,087,106,125,141,142,140,124
0112,2001/06/28,114,110,094,095,101,107,120,128,129,130,118,104,093,073,067,065,064,082,096,113,130,138,140,132
0112,2001/06/29,124,110,097,086,084,088,093,106,113,120,117,118,107,102,087,082,081,083,093,109,124,136,147,137
0112,2001/06/30,135,123,100,088,078,070,078,078,088,098,107,115,116,117,109,100,092,091,098,109,119,137,150,147
0112,2001/07/01,149,139,121,108,087,079,069,067,074,088,099,114,119,123,128,116,109,098,095,100,112,122,141,143
0112,2001/07/02,144,144,126,107,088,063,050,037,039,049,064,083,099,114,121,120,118,109,101,102,100,109,126,133
0112,2001/07/03,146,147,136,124,099,077,054,035,026,030,047,062,085,107,122,133,133,123,117,107,106,114,120,131
0112,2001/07/04,148,159,154,146,124,103,074,049,028,024,029,053,073,097,124,132,139,139,129,122,115,112,117,128
0112,2001/07/05,143,155,161,157,143,120,094,062,040,022,024,035,055,083,110,128,144,148,142,129,120,112,113,117
0112,2001/07/06,132,151,161,162,158,139,109,087,048,033,023,024,043,072,089,118,143,140,146,136,119,114,104,099
0112,2001/07/07,120,134,142,154,154,143,124,094,060,033,019,010,023,041,070,097,124,133,139,135,123,117,104,095
0112,2001/07/08,109,117,134,148,156,153,143,115,085,055,033,020,023,039,061,086,113,130,138,139,132,119,108,100
0112,2001/07/09,100,110,123,137,153,151,144,124,096,073,045,026,025,029,050,074,094,121,134,137,132,122,113,098
0112,2001/07/10,093,102,106,123,138,146,143,138,109,088,064,040,034,035,043,067,089,111,128,134,133,128,116,100
0112,2001/07/11,096,093,100,112,120,136,139,134,122,103,079,062,049,045,052,062,090,104,124,135,135,137,125,112
0112,2001/07/12,104,095,097,103,113,123,135,137,130,117,098,086,066,057,061,067,083,102,117,133,141,140,134,119
0112,2001/07/13,108,102,100,091,099,113,117,129,131,120,111,099,081,076,069,071,083,096,106,132,134,140,139,119
0112,2001/07/14,117,105,088,083,081,087,099,107,110,116,107,102,098,083,081,078,078,091,103,112,129,133,135,134
0112,2001/07/15,118,111,093,078,075,071,077,085,093,102,110,107,108,101,095,093,088,094,103,108,124,136,138,138
0112,2001/07/16,133,116,107,090,069,064,061,063,072,089,099,109,118,116,115,112,104,109,108,111,123,132,141,143
0112,2001/07/17,144,133,122,101,076,063,053,049,056,067,082,099,114,125,132,128,123,117,113,109,123,131,140,151
0112,2001/07/18,152,146,137,117,094,071,052,037,031,039,057,077,105,123,131,138,132,126,122,113,112,124,134,143
0112,2001/07/19,150,157,148,136,108,084,056,031,023,020,032,056,079,105,130,138,142,144,129,124,116,119,121,139
0112,2001/07/20,145,156,160,152,136,108,075,045,019,006,011,024,049,083,111,137,149,144,139,127,118,112,115,124
0112,2001/07/21,136,152,165,167,153,134,103,065,032,006,-003,006,026,053,089,115,136,145,144,136,123,112,105,104
0112,2001/07/22,122,137,157,169,160,155,129,094,060,025,005,-003,007,029,066,097,123,144,143,140,132,115,109,102
0112,2001/07/23,107,125,144,163,168,169,154,130,095,059,028,016,011,029,055,083,116,137,148,148,139,123,112,098
0112,2001/07/24,100,111,123,144,162,165,167,149,121,091,059,033,026,026,044,072,098,127,147,147,144,131,109,097
0112,2001/07/25,088,087,105,115,136,153,156,147,138,111,087,062,040,040,047,068,090,115,135,145,147,133,120,101
0112,2001/07/26,087,081,085,093,114,125,138,145,139,127,106,088,066,059,057,069,089,109,129,144,148,143,132,111
0112,2001/07/27,095,081,074,076,083,100,114,121,129,120,113,103,088,076,072,074,084,108,120,137,147,145,138,124
0112,2001/07/28,105,090,076,069,067,074,088,098,109,113,113,108,102,095,088,090,092,104,116,128,140,145,144,128
0112,2001/07/29,120,100,085,074,061,062,068,075,087,096,104,109,112,112,105,101,103,104,112,125,135,147,149,139
0112,2001/07/30,132,117,103,083,069,059,056,061,068,079,093,105,112,119,121,118,114,112,116,119,130,137,146,146
0112,2001/07/31,146,135,118,104,082,064,055,047,053,061,077,092,111,121,129,134,126,125,123,114,124,134,139,149
0112,2001/08/01,154,146,142,123,102,083,062,049,043,044,057,074,095,115,129,137,136,131,121,114,115,120,129,133
0112,2001/08/02,146,150,147,135,118,092,067,047,034,028,039,056,074,102,119,133,138,133,126,116,106,105,110,122
0112,2001/08/03,136,146,149,146,132,109,084,054,037,022,024,042,057,088,108,131,138,142,132,121,112,105,106,113
0112,2001/08/04,131,140,159,156,147,128,107,078,048,033,032,034,055,077,106,129,143,149,142,131,116,108,098,106
0112,2001/08/05,121,133,150,160,157,146,126,092,067,041,029,026,041,063,089,117,139,143,145,136,118,108,097,094
0112,2001/08/06,104,123,139,153,159,158,138,113,086,055,040,029,038,054,083,108,131,152,144,143,128,109,101,095
0112,2001/08/07,095,114,129,141,159,158,149,129,101,069,054,036,038,050,071,097,122,140,144,143,133,114,098,091
0112,2001/08/08,084,096,110,129,143,155,153,136,116,091,064,050,044,047,067,087,111,129,142,145,135,123,102,089
0112,2001/08/09,080,084,094,114,129,144,151,142,127,107,087,065,058,058,067,089,113,132,147,150,144,132,111,096
0112,2001/08/10,087,078,089,099,110,133,140,141,135,119,097,083,068,066,077,089,109,124,140,150,149,138,126,105
0112,2001/08/11,089,083,076,086,099,113,126,130,132,122,109,098,087,077,083,091,100,120,135,143,144,142,128,111
0112,2001/08/12,094,078,072,069,075,087,100,112,115,113,111,100,091,085,086,088,096,109,121,134,138,136,131,116
0112,2001/08/13,099,084,075,059,061,070,076,091,096,105,109,109,106,100,100,101,105,111,118,129,138,143,137,127
0112,2001/08/14,115,098,083,069,057,051,060,065,080,091,100,111,111,112,115,108,112,115,116,125,132,135,135,136
0112,2001/08/15,128,117,099,075,058,048,043,045,050,065,078,097,110,117,122,125,121,120,116,123,123,133,140,142
0112,2001/08/16,140,134,117,099,075,052,040,029,028,045,061,083,107,120,135,139,134,132,125,119,124,128,135,144
0112,2001/08/17,150,152,146,129,105,078,052,031,022,026,040,061,089,112,133,147,148,147,133,124,120,121,127,141
0112,2001/08/18,151,164,166,160,139,110,081,043,027,015,022,039,062,094,129,142,153,152,135,127,116,106,109,118
0112,2001/08/19,134,151,163,165,158,134,101,065,031,012,007,011,040,067,098,130,145,149,141,126,107,101,087,100
0112,2001/08/20,115,132,158,168,165,156,136,095,063,029,010,013,025,053,088,116,145,152,149,134,117,098,085,088
0112,2001/08/21,096,118,138,162,170,174,163,135,102,064,040,032,031,056,084,114,145,160,159,152,135,114,095,087
0112,2001/08/22,086,106,127,152,172,184,183,164,140,108,081,062,058,065,096,116,157,168,170,169,153,132,107,091
0112,2001/08/23,082,087,105,124,145,164,169,165,147,123,100,074,067,067,081,105,131,151,160,160,150,132,102,080
0112,2001/08/24,067,059,069,086,101,124,141,140,137,125,105,090,079,073,083,100,119,141,153,156,155,136,112,093
0112,2001/08/25,072,058,061,069,078,101,117,124,131,123,114,102,098,090,094,103,118,137,147,160,156,148,131,108
0112,2001/08/26,091,075,065,065,069,081,097,107,114,121,113,115,111,105,108,113,120,134,145,152,161,154,142,131
0112,2001/08/27,108,094,079,069,064,073,081,087,098,110,113,117,121,119,122,119,122,131,135,143,154,151,147,140
0112,2001/08/28,126,111,095,082,066,065,065,070,078,089,099,110,118,123,127,126,125,125,126,131,136,143,139,140
0112,2001/08/29,135,121,111,096,076,065,059,054,059,071,080,101,111,123,133,132,130,128,121,121,127,132,136,140
0112,2001/08/30,142,139,128,117,093,075,064,052,047,056,068,086,104,123,134,139,140,133,127,114,118,122,129,137
0112,2001/08/31,147,151,148,136,118,095,078,058,046,050,062,077,095,119,136,146,154,141,132,119,113,112,114,127
0112,2001/09/01,143,150,155,156,134,114,090,064,048,044,045,061,083,107,132,147,154,144,134,119,107,102,103,112
0112,2001/09/02,129,143,154,158,145,132,106,078,053,041,038,051,074,095,122,143,150,149,135,118,108,093,086,096
0112,2001/09/03,110,133,148,159,152,143,122,089,066,045,038,042,059,082,115,133,148,152,141,127,111,089,080,087
0112,2001/09/04,096,119,141,155,161,153,137,110,085,057,046,039,054,081,109,128,145,156,144,131,112,090,076,074
0112,2001/09/05,082,103,125,145,157,156,150,128,097,077,056,050,057,073,101,124,144,155,153,139,121,100,078,071
0112,2001/09/06,074,087,107,130,147,155,156,139,112,092,070,062,064,074,095,118,143,150,159,144,129,108,081,070
0112,2001/09/07,065,070,093,114,133,152,156,148,128,110,091,077,073,079,095,121,141,151,159,154,140,117,090,076
0112,2001/09/08,065,066,077,096,118,136,145,146,132,120,104,089,081,085,093,115,129,146,152,150,139,120,096,078
0112,2001/09/09,060,055,062,071,093,108,125,133,128,121,107,094,088,086,094,109,127,136,151,149,144,130,109,088
0112,2001/09/10,072,061,056,064,072,093,110,122,127,125,121,116,110,105,108,116,128,140,149,154,156,143,130,110
0112,2001/09/11,093,076,068,061,063,078,090,107,112,121,125,126,124,132,128,130,140,146,157,162,162,159,146,132
0112,2001/09/12,119,099,083,072,062,067,075,085,094,111,116,122,132,129,132,132,130,135,135,143,147,147,144,136
0112,2001/09/13,121,110,094,072,059,051,046,053,061,077,094,106,119,129,129,134,129,124,123,128,131,130,137,138
0112,2001/09/14,132,129,114,091,075,053,041,038,038,052,074,090,110,128,133,140,136,127,116,119,114,121,130,134
0112,2001/09/15,148,145,141,127,100,072,058,034,027,038,050,074,107,125,139,155,148,137,132,114,111,117,118,137
0112,2001/09/16,153,160,171,159,140,114,083,053,039,031,041,064,090,120,144,158,164,151,137,118,109,101,106,121
0112,2001/09/17,138,161,177,180,169,148,119,084,060,039,040,055,076,109,137,155,166,156,135,116,099,082,080,091
0112,2001/09/18,109,134,160,169,172,165,137,106,076,048,037,044,062,090,122,148,161,161,141,120,095,072,062,063
0112,2001/09/19,079,103,132,154,167,165,153,126,094,067,051,041,054,079,104,139,155,156,148,124,097,070,047,038
0112,2001/09/20,053,068,098,126,145,160,157,138,120,089,070,063,062,078,106,129,155,163,153,142,116,082,058,043
0112,2001/09/21,041,054,076,100,125,145,152,145,131,111,092,075,076,086,102,128,146,157,157,146,122,092,065,042
0112,2001/09/22,031,034,045,069,091,115,133,127,124,108,099,095,081,079,097,114,128,152,149,140,133,099,075,052
0112,2001/09/23,036,030,034,048,065,083,106,113,112,110,100,093,087,088,095,110,126,135,143,142,136,117,090,073
0112,2001/09/24,050,041,035,042,052,065,081,096,103,103,108,104,101,100,099,110,124,126,137,140,136,126,112,089
0112,2001/09/25,076,062,052,050,049,063,071,084,095,101,108,113,116,113,118,118,123,128,130,135,136,133,120,113
0112,2001/09/26,100,082,074,064,056,058,062,067,076,088,099,110,114,119,121,120,120,120,119,126,128,124,125,122
0112,2001/09/27,113,103,092,079,065,062,059,060,066,077,092,106,119,126,131,130,126,117,118,117,119,122,126,128
0112,2001/09/28,131,129,119,103,084,075,063,058,059,074,076,104,114,119,136,137,124,119,108,096,103,106,109,127
0112,2001/09/29,130,133,131,116,101,084,065,052,050,051,063,085,098,123,134,135,133,120,106,092,090,086,094,107
0112,2001/09/30,118,130,132,131,115,096,074,055,045,046,054,074,093,113,134,142,142,127,109,094,083,078,086,098
0112,2001/10/01,120,136,147,146,142,127,098,085,067,056,071,079,101,128,149,162,168,153,132,117,097,090,089,104
0112,2001/10/02,125,142,164,171,167,161,131,106,087,071,067,082,097,118,142,153,161,155,134,113,090,075,063,079
0112,2001/10/03,092,117,143,156,159,155,134,106,086,064,057,059,077,097,123,142,152,145,130,107,081,060,048,049
0112,2001/10/04,066,090,118,139,149,155,140,120,099,073,068,064,079,098,122,142,159,155,140,124,093,067,055,045
0112,2001/10/05,057,078,106,128,150,158,152,139,116,096,084,076,083,098,121,141,159,154,149,130,104,079,056,039
0112,2001/10/06,046,061,086,112,133,154,156,146,133,109,096,085,085,097,113,133,151,154,149,135,112,082,059,042
0112,2001/10/07,036,046,063,086,112,132,145,141,132,118,106,095,092,095,112,129,146,155,151,147,122,096,072,051
0112,2001/10/08,036,041,048,066,090,112,128,138,132,128,122,106,105,110,116,131,145,150,151,153,135,118,096,065
0112,2001/10/09,053,044,042,057,073,095,113,128,132,130,127,123,121,118,124,131,143,148,149,154,144,123,104,091
0112,2001/10/10,066,059,048,045,059,074,085,101,113,125,125,126,124,121,122,126,139,140,150,152,146,139,125,107
0112,2001/10/11,089,078,069,052,054,061,070,092,102,115,128,130,135,136,132,135,139,135,139,142,141,140,136,123
0112,2001/10/12,115,104,085,070,060,056,059,064,075,090,109,123,135,139,137,137,135,124,123,126,126,135,134,136
0112,2001/10/13,136,132,118,098,078,067,055,053,059,077,095,113,133,142,146,147,136,121,112,109,103,116,125,130
0112,2001/10/14,143,143,137,121,102,082,059,045,046,055,071,097,118,131,144,145,135,124,103,089,082,083,096,115
0112,2001/10/15,129,142,150,141,124,102,071,054,042,040,053,078,102,126,139,147,140,119,097,073,059,057,068,085
0112,2001/10/16,107,131,144,148,147,127,100,074,050,043,047,069,093,124,144,153,153,133,105,083,059,046,050,060
0112,2001/10/17,091,120,144,159,167,155,134,108,083,066,062,075,097,120,149,165,162,152,121,091,063,039,037,047
0112,2001/10/18,056,092,121,141,163,165,144,128,101,074,073,075,091,116,137,159,166,157,130,109,069,042,024,021
0112,2001/10/19,030,056,088,110,138,152,143,130,114,092,080,080,085,106,131,151,163,156,137,118,079,050,027,011
0112,2001/10/20,017,034,055,084,113,126,138,130,117,106,087,084,085,096,115,138,150,154,146,124,096,063,037,019
0112,2001/10/21,010,019,039,063,087,113,126,122,122,109,097,094,090,098,112,131,143,152,151,138,111,087,058,035
0112,2001/10/22,023,024,034,057,073,092,110,119,125,122,115,111,105,106,119,131,145,154,155,153,131,112,094,069
0112,2001/10/23,050,047,046,056,077,090,111,121,128,129,126,122,124,124,126,133,141,144,151,147,137,125,108,089
0112,2001/10/24,074,061,055,057,064,076,088,102,113,117,123,125,123,121,123,123,126,131,132,135,130,124,115,100
0112,2001/10/25,086,074,064,058,060,064,074,080,091,104,109,119,121,121,120,118,118,116,115,117,117,122,112,109
0112,2001/10/26,102,090,083,068,062,065,061,070,080,086,104,116,119,124,125,118,117,104,104,106,103,108,114,112
0112,2001/10/27,112,109,094,086,077,063,061,063,068,082,093,110,124,127,134,128,118,107,095,090,090,096,104,115
0112,2001/10/28,120,120,117,107,094,079,065,063,067,075,092,111,124,138,140,141,133,114,103,095,083,092,107,115
0112,2001/10/29,133,140,142,135,121,102,092,075,074,080,085,106,125,141,147,150,138,117,098,081,069,067,082,095
0112,2001/10/30,113,133,135,135,128,108,092,075,064,068,079,094,116,131,148,151,138,121,094,078,055,051,057,074
0112,2001/10/31,095,118,137,141,139,127,105,085,075,065,070,090,105,127,150,149,146,128,100,074,052,037,040,054
0112,2001/11/01,074,105,128,143,146,138,118,102,083,075,070,083,104,119,143,155,153,139,111,082,055,035,030,038
0112,2001/11/02,059,090,116,133,148,146,131,119,100,081,078,083,093,117,139,147,154,143,113,093,056,032,021,016
0112,2001/11/03,029,061,092,116,140,146,142,133,111,093,088,084,100,118,137,162,158,160,137,106,078,045,025,020
0112,2001/11/04,025,044,083,102,133,152,145,140,133,111,100,102,097,109,127,141,152,152,138,117,085,053,027,008
0112,2001/11/05,005,017,040,069,096,118,128,127,120,112,099,094,098,101,123,133,149,156,149,131,102,080,047,027
0112,2001/11/06,018,019,035,061,092,108,130,141,136,137,129,124,124,125,129,144,155,153,148,143,120,103,066,038
0112,2001/11/07,027,019,024,036,048,074,096,108,118,119,112,111,104,098,111,118,127,137,136,133,121,103,082,063
0112,2001/11/08,042,028,022,021,037,059,072,095,107,111,115,119,113,116,113,116,122,124,126,132,128,116,107,089
0112,2001/11/09,075,056,045,040,039,046,061,078,096,113,113,124,122,118,121,114,113,117,114,117,120,116,115,113
0112,2001/11/10,099,088,075,055,056,054,056,069,087,102,117,126,127,135,131,119,117,097,097,103,100,111,114,115
0112,2001/11/11,115,108,093,079,064,049,048,051,061,081,099,115,128,129,129,119,110,091,080,078,076,087,101,114
0112,2001/11/12,122,124,124,108,091,076,060,058,060,077,093,118,133,139,146,130,115,095,076,064,059,066,080,097
0112,2001/11/13,118,9999,136,136,117,9999,084,071,067,075,088,113,129,143,153,141,127,101,074,055,044,043,058,077
0112,2001/11/14,098,127,142,146,144,128,106,089,077,075,087,106,126,144,156,150,136,111,078,051,029,023,026,041
0112,2001/11/15,074,098,124,142,144,141,122,099,088,075,078,098,116,134,154,155,146,123,092,056,029,012,006,020
0112,2001/11/16,045,072,106,131,142,147,136,120,104,090,081,094,107,129,148,160,157,138,111,077,039,018,001,005
0112,2001/11/17,024,053,082,112,133,141,140,131,112,100,095,094,107,123,141,159,157,153,127,095,065,029,011,008
0112,2001/11/18,010,032,063,083,113,132,134,133,127,115,101,103,101,117,137,149,159,154,140,115,084,052,028,012
0112,2001/11/19,009,024,045,071,097,119,129,135,130,122,110,104,104,108,127,142,151,153,144,123,100,071,041,024
0112,2001/11/20,011,016,030,048,076,095,116,122,122,119,111,104,103,103,111,127,135,143,142,126,110,087,063,040
0112,2001/11/21,027,022,027,039,059,077,098,111,114,115,111,108,106,100,106,115,124,132,132,130,117,102,082,063
0112,2001/11/22,047,039,038,042,056,070,086,103,109,113,117,115,110,108,108,111,117,121,124,127,118,110,102,081
0112,2001/11/23,070,064,052,053,058,065,084,095,108,120,119,124,121,116,115,112,113,112,116,115,118,117,107,102
0112,2001/11/24,089,077,075,065,061,070,077,088,103,109,122,127,127,122,122,112,108,106,101,105,109,110,113,114
0112,2001/11/25,106,101,093,081,075,079,077,086,100,112,126,135,136,140,135,122,115,103,096,094,087,097,110,111
0112,2001/11/26,116,113,101,100,087,076,081,081,089,107,121,131,146,145,144,135,118,102,088,079,078,093,096,112
0112,2001/11/27,120,116,124,117,104,099,084,085,092,097,114,130,136,147,147,131,118,095,072,063,055,061,079,094
0112,2001/11/28,108,126,131,130,120,108,095,087,082,090,107,119,136,144,146,139,116,096,070,051,037,040,047,070
0112,2001/11/29,096,115,133,135,130,122,105,094,090,091,097,119,131,145,155,148,140,114,078,057,035,030,040,060
0112,2001/11/30,087,110,142,152,154,154,137,124,115,111,115,125,136,148,162,161,151,130,097,067,037,021,017,033
0112,2001/12/01,059,091,117,141,148,148,141,122,116,100,099,111,116,141,158,157,159,140,106,079,039,013,006,011
0112,2001/12/02,029,059,089,119,137,150,141,132,115,103,099,102,118,132,152,159,158,149,124,087,057,024,-001,001
0112,2001/12/03,006,032,061,093,115,141,141,136,133,118,114,113,119,134,147,157,169,160,140,114,076,048,018,-001
0112,2001/12/04,007,019,044,078,098,127,140,140,140,126,118,109,110,123,137,153,161,160,151,126,101,073,036,017
0112,2001/12/05,006,008,025,052,072,105,119,127,131,121,113,115,101,114,122,130,153,152,152,141,116,090,063,035
0112,2001/12/06,021,017,025,039,063,090,110,132,141,138,138,123,119,117,121,131,142,153,153,147,138,119,096,072
0112,2001/12/07,052,034,036,038,053,074,092,113,124,132,131,120,114,109,104,108,114,115,127,125,120,114,100,084
0112,2001/12/08,068,050,042,039,035,058,065,087,104,121,122,120,112,105,099,092,095,091,098,104,107,104,108,099
0112,2001/12/09,090,076,060,051,047,054,063,082,097,111,122,122,122,113,101,093,086,078,084,083,094,105,106,110
0112,2001/12/10,112,103,092,085,067,070,074,074,093,109,120,131,133,124,116,101,084,072,062,062,070,077,090,101
0112,2001/12/11,114,110,113,102,086,084,072,080,088,099,121,128,132,132,124,110,094,068,054,043,045,047,067,080
0112,2001/12/12,105,118,124,122,108,105,087,088,089,098,116,131,142,147,142,127,109,081,054,037,029,031,050,069
0112,2001/12/13,089,114,132,139,128,133,109,112,108,111,127,142,158,167,171,160,148,118,086,050,036,025,034,061
0112,2001/12/14,082,109,136,150,150,152,139,130,122,117,119,136,148,161,170,163,153,126,090,061,034,019,018,032
0112,2001/12/15,051,079,111,133,142,150,140,127,118,108,109,118,130,148,160,157,154,133,096,067,033,007,-005,-004
0112,2001/12/16,022,047,075,105,116,133,133,122,110,100,100,100,104,123,143,150,152,138,113,083,049,024,005,002
0112,2001/12/17,012,033,060,086,116,125,139,134,121,114,104,097,109,119,137,155,157,152,131,107,074,044,024,008
0112,2001/12/18,005,026,045,074,098,119,130,133,122,115,102,091,095,102,116,131,145,140,133,112,085,055,026,007
0112,2001/12/19,003,010,028,049,073,093,113,115,113,112,096,089,086,085,099,119,125,132,128,114,094,073,043,022
0112,2001/12/20,011,011,022,041,061,085,104,114,115,112,104,094,086,085,092,100,111,118,120,117,102,084,064,038
0112,2001/12/21,026,025,024,044,056,076,095,107,114,122,108,107,095,096,096,100,112,122,118,126,119,104,100,078
0112,2001/12/22,062,057,056,057,072,093,100,125,133,138,140,129,118,114,107,102,107,108,112,124,117,109,099,081
0112,2001/12/23,074,064,055,055,065,069,087,101,108,121,123,116,108,103,089,089,088,082,086,094,092,095,093,084
0112,2001/12/24,080,070,062,061,061,063,076,090,095,113,119,114,115,106,095,085,077,067,073,069,075,087,083,090
0112,2001/12/25,097,085,081,078,069,077,080,085,101,112,117,126,126,117,116,096,076,071,062,054,070,072,087,098
0112,2001/12/26,102,097,102,099,090,094,086,086,099,108,129,133,134,128,120,105,086,064,050,044,045,049,069,076
0112,2001/12/27,094,107,108,105,102,092,094,089,093,103,115,122,131,134,128,116,095,068,047,028,022,032,042,059
0112,2001/12/28,088,100,116,122,114,112,102,094,096,102,106,124,132,134,140,135,104,083,050,020,014,010,018,040
0112,2001/12/29,066,088,114,120,120,129,111,102,099,099,108,117,130,143,147,148,129,099,072,043,013,005,006,024
0112,2001/12/30,055,080,112,133,142,151,146,130,126,116,119,122,131,146,155,163,153,128,097,057,021,001,-007,-004
0112,2001/12/31,022,054,075,106,124,134,131,116,107,100,091,101,109,128,141,155,153,133,110,073,035,010,-008,-017
