0112,2008/01/01,107,097,091,095,100,111,132,143,151,162,148,136,127,112,093,090,085,083,092,095,099,112,108,109
0112,2008/01/02,108,104,101,105,100,109,123,131,142,152,144,138,128,110,099,086,071,066,065,070,075,086,091,098
0112,2008/01/03,100,107,109,103,105,103,109,121,129,138,144,140,134,120,107,091,076,063,055,054,057,067,079,088
0112,2008/01/04,100,108,114,111,117,108,111,115,118,131,134,134,133,124,110,097,075,057,044,029,037,041,057,072
0112,2008/01/05,091,103,119,122,118,121,115,111,120,119,133,140,136,137,136,117,103,080,051,043,033,035,051,065
0112,2008/01/06,081,104,123,129,135,134,122,125,117,117,131,135,140,148,144,132,118,092,061,041,027,017,028,037
0112,2008/01/07,061,087,112,124,138,138,131,130,119,119,121,127,138,151,153,148,133,101,082,045,030,018,016,031
0112,2008/01/08,053,076,108,134,137,151,149,131,131,123,120,127,140,154,163,164,152,129,104,070,043,022,014,014
0112,2008/01/09,034,064,092,116,134,148,143,137,126,121,116,116,131,139,152,157,157,138,116,083,052,028,006,002
0112,2008/01/10,014,034,066,091,110,134,134,127,118,111,096,097,100,114,137,145,152,145,124,091,068,035,012,005
0112,2008/01/11,005,027,058,078,105,130,134,129,127,106,098,090,087,104,125,138,149,153,141,116,085,055,034,018
0112,2008/01/12,004,027,051,069,096,124,137,138,134,122,107,089,088,098,107,126,143,145,146,132,107,086,055,034
0112,2008/01/13,027,027,046,069,086,114,126,131,132,116,099,088,070,069,078,092,114,127,132,130,114,100,077,049
0112,2008/01/14,042,034,046,065,080,107,124,131,130,122,104,085,067,058,064,071,090,104,114,119,114,103,081,065
0112,2008/01/15,054,046,051,060,081,101,116,132,136,130,117,097,079,065,057,063,068,081,089,103,104,109,098,087
0112,2008/01/16,078,066,073,076,087,103,119,129,138,137,128,115,092,071,060,053,052,059,071,075,091,100,097,097
0112,2008/01/17,092,089,090,088,094,110,122,134,140,143,135,123,105,087,064,048,034,035,039,046,059,076,085,094
0112,2008/01/18,099,100,102,101,100,110,115,125,135,141,138,133,120,104,086,067,049,032,024,029,034,053,062,080
0112,2008/01/19,096,106,111,112,112,114,118,122,126,134,139,134,129,120,105,083,059,031,011,009,000,013,034,049
0112,2008/01/20,075,098,106,114,121,116,119,117,116,126,134,133,138,140,127,112,088,058,034,014,-002,005,016,033
0112,2008/01/21,062,086,105,122,125,125,122,114,114,118,127,129,141,150,143,139,121,092,052,028,001,-008,-001,009
0112,2008/01/22,036,067,089,114,124,125,126,118,104,108,105,109,134,142,152,154,139,114,083,047,017,-001,-008,000
0112,2008/01/23,017,049,083,106,121,132,122,118,106,097,098,101,115,135,149,159,162,147,116,088,046,024,009,005
0112,2008/01/24,024,050,076,110,136,147,147,141,119,104,098,088,094,120,136,156,158,145,126,101,064,028,009,-005
0112,2008/01/25,002,025,053,082,113,136,137,135,116,102,089,082,082,096,117,134,150,155,146,125,095,062,037,023
0112,2008/01/26,022,032,057,080,107,130,134,131,119,098,082,070,064,075,091,111,133,139,135,128,106,082,054,037
0112,2008/01/27,029,032,050,077,099,125,139,136,123,107,086,068,058,053,071,087,098,124,123,124,110,092,072,051
0112,2008/01/28,043,041,053,071,096,117,132,140,125,113,098,073,055,056,056,071,089,097,108,118,110,098,093,071
0112,2008/01/29,067,065,075,080,104,126,139,150,143,130,120,094,081,075,063,075,078,090,108,113,112,116,097,085
0112,2008/01/30,093,083,086,093,106,123,134,143,138,140,127,101,088,070,065,066,066,070,086,085,095,105,095,095
0112,2008/01/31,093,086,092,097,102,115,128,135,143,135,127,114,097,081,067,061,054,052,059,067,078,079,086,090
0112,2008/02/01,087,095,099,102,102,118,118,126,133,129,128,118,103,088,079,061,052,047,043,048,054,060,074,079
0112,2008/02/02,088,099,102,100,108,111,109,121,119,124,131,119,113,108,089,077,060,045,036,033,036,044,054,067
0112,2008/02/03,082,099,105,111,111,112,117,117,117,123,127,128,129,129,112,105,084,068,050,039,036,038,047,066
0112,2008/02/04,085,102,124,128,130,130,121,117,112,118,123,127,132,131,125,114,096,071,050,029,015,018,024,039
0112,2008/02/05,068,088,110,122,128,123,120,112,106,105,106,119,127,132,137,130,113,087,058,032,013,008,007,025
0112,2008/02/06,045,073,098,116,125,128,121,111,099,093,103,105,119,133,143,143,139,113,082,056,022,016,010,017
0112,2008/02/07,041,069,097,119,134,138,130,119,105,095,091,098,113,127,147,156,148,133,107,074,044,023,005,009
0112,2008/02/08,025,049,084,107,123,137,128,114,101,084,075,078,087,099,127,136,143,137,111,087,054,024,006,000
0112,2008/02/09,012,028,062,086,111,122,126,111,095,076,057,056,058,079,103,121,141,139,128,107,079,053,031,020
0112,2008/02/10,018,037,062,091,113,136,136,128,117,086,076,057,053,062,085,110,130,140,135,123,098,067,046,022
0112,2008/02/11,027,038,058,083,106,128,132,133,108,088,067,044,035,039,059,083,103,120,127,123,106,092,065,049
0112,2008/02/12,047,046,063,090,111,132,143,147,131,110,090,068,050,043,049,066,091,111,127,133,127,116,096,079
0112,2008/02/13,071,080,085,104,125,143,150,150,138,122,104,072,053,036,035,045,057,073,092,104,105,109,100,089
0112,2008/02/14,086,080,088,099,111,134,139,146,151,130,116,101,070,050,041,033,038,055,062,078,090,093,098,095
0112,2008/02/15,095,093,100,101,115,128,134,143,148,135,129,112,090,074,057,043,039,037,042,052,064,076,087,089
0112,2008/02/16,099,104,107,108,114,124,128,138,140,138,136,121,107,095,074,056,042,031,028,032,036,055,064,078
0112,2008/02/17,094,102,112,116,115,118,122,121,129,129,124,127,120,107,095,077,054,037,018,010,013,021,034,055
0112,2008/02/18,071,093,102,107,112,108,108,106,104,106,111,117,120,119,111,100,074,051,025,010,000,003,015,031
0112,2008/02/19,057,087,101,113,115,111,103,098,093,092,104,112,120,134,132,126,109,087,052,026,010,002,009,024
0112,2008/02/20,048,079,104,115,124,125,111,103,093,082,092,105,118,135,151,151,142,128,089,055,024,009,009,018
0112,2008/02/21,039,073,099,115,134,128,114,101,082,062,072,077,094,117,129,144,145,132,106,070,042,018,006,010
0112,2008/02/22,029,059,091,114,130,135,118,105,087,066,064,066,080,103,128,144,156,151,130,108,073,046,033,028
0112,2008/02/23,040,069,096,122,142,149,144,126,109,087,075,074,084,099,122,137,151,161,144,137,106,076,053,046
0112,2008/02/24,049,069,098,113,142,147,147,130,112,085,065,054,055,069,089,113,131,147,139,123,106,080,061,049
0112,2008/02/25,048,060,080,102,124,138,140,127,105,079,057,040,038,040,059,083,101,117,127,118,104,090,067,054
0112,2008/02/26,054,060,077,099,119,134,147,135,120,092,073,053,042,043,054,080,090,113,125,127,122,113,099,090
0112,2008/02/27,083,082,087,111,132,135,155,146,131,117,091,064,060,040,046,065,068,095,108,107,109,106,092,088
0112,2008/02/28,083,084,094,101,111,134,136,138,138,109,096,080,058,048,047,049,058,078,080,094,099,099,098,094
0112,2008/02/29,088,096,098,106,118,130,140,142,145,121,114,101,077,065,058,054,059,066,069,083,089,099,099,101
0112,2008/03/01,104,112,111,117,125,128,136,143,136,136,122,110,101,071,056,057,046,051,056,054,065,081,082,090
0112,2008/03/02,104,102,110,111,112,119,116,121,126,118,118,110,100,090,078,064,054,044,042,044,047,058,066,085
0112,2008/03/03,098,107,119,119,120,123,120,119,123,123,126,128,124,114,108,094,075,059,048,041,040,050,059,080
0112,2008/03/04,098,111,125,126,126,126,115,111,114,111,120,127,128,128,125,109,092,068,052,040,029,034,046,061
0112,2008/03/05,085,107,124,129,129,127,114,108,097,097,108,118,126,134,133,126,111,083,059,038,022,025,026,042
0112,2008/03/06,066,090,111,120,129,121,108,095,081,079,083,098,114,127,134,139,125,100,077,045,025,016,013,033
0112,2008/03/07,054,081,106,122,129,127,112,094,076,065,068,080,096,119,138,150,143,126,098,066,042,023,016,026
0112,2008/03/08,046,077,102,120,133,129,115,094,072,049,046,053,065,093,120,136,148,139,113,091,059,033,024,022
0112,2008/03/09,038,068,094,112,133,131,118,100,067,043,030,028,042,068,093,126,140,144,133,110,081,062,038,037
0112,2008/03/10,049,070,098,122,142,146,140,116,087,059,037,033,033,051,078,114,132,148,142,127,105,083,062,056
0112,2008/03/11,058,072,097,117,139,150,144,131,102,065,042,026,014,031,050,076,104,124,131,127,110,093,077,064
0112,2008/03/12,065,077,092,112,132,143,145,132,108,079,048,026,009,005,017,043,064,087,100,105,099,089,082,074
0112,2008/03/13,074,075,088,102,124,137,140,135,115,091,062,039,019,009,014,019,039,055,073,088,094,091,087,084
0112,2008/03/14,078,088,096,104,126,133,137,141,125,110,095,068,048,029,023,025,036,047,064,079,089,094,097,100
0112,2008/03/15,094,103,108,110,123,134,132,142,137,120,115,097,069,061,041,034,032,034,041,050,063,075,084,092
0112,2008/03/16,098,104,9999,112,120,125,128,130,133,128,124,116,102,088,074,059,045,041,036,040,052,059,075,089
0112,2008/03/17,097,109,115,112,115,115,112,111,117,115,121,122,115,108,096,077,058,045,034,025,030,037,055,072
0112,2008/03/18,086,108,111,110,109,103,097,098,092,097,108,113,117,122,112,104,085,055,039,027,020,025,042,061
0112,2008/03/19,081,104,112,117,114,103,093,085,075,083,091,101,118,126,128,123,107,081,061,042,026,025,035,056
0112,2008/03/20,077,107,120,123,127,111,091,079,068,063,075,084,101,123,138,137,132,108,086,061,035,032,033,051
0112,2008/03/21,076,103,121,132,135,118,106,081,065,058,055,072,095,116,138,149,148,136,110,084,058,043,039,054
0112,2008/03/22,069,099,121,133,140,130,110,084,059,043,040,048,067,093,116,138,144,138,121,096,070,053,047,049
0112,2008/03/23,069,096,113,136,140,134,120,093,064,043,031,033,051,072,100,123,138,144,132,108,095,072,056,059
0112,2008/03/24,066,090,118,132,145,144,132,109,077,052,036,036,034,062,086,105,136,136,134,128,104,090,075,068
0112,2008/03/25,078,093,112,132,145,152,139,119,087,061,039,031,032,043,069,091,111,127,132,125,116,098,085,079
0112,2008/03/26,077,092,110,129,140,148,141,128,104,074,056,034,030,037,050,074,097,112,126,123,118,113,099,089
0112,2008/03/27,092,099,113,130,142,9999,154,141,117,091,070,047,037,035,044,063,080,096,112,113,115,111,101,100
0112,2008/03/28,095,097,108,123,131,145,147,137,123,100,078,061,042,036,040,049,066,081,092,104,109,105,102,098
0112,2008/03/29,099,100,107,115,122,130,136,133,119,104,086,066,053,038,028,038,044,053,070,076,088,095,089,098
0112,2008/03/30,099,100,108,110,114,123,127,126,123,111,100,088,066,061,055,046,053,050,056,071,079,090,100,102
0112,2008/03/31,108,118,114,118,125,121,127,131,128,126,125,106,094,090,066,072,073,058,064,071,078,091,106,111
0112,2008/04/01,122,130,127,136,129,126,122,128,121,119,122,118,114,104,095,079,075,062,054,060,059,072,085,099
0112,2008/04/02,119,127,129,129,118,111,111,105,102,106,114,121,124,123,113,105,088,068,058,048,051,061,072,090
0112,2008/04/03,108,127,133,132,126,114,105,092,089,095,106,118,129,136,129,125,107,087,063,048,042,043,058,079
0112,2008/04/04,101,120,131,130,125,108,089,077,062,061,078,090,110,132,134,133,125,100,075,058,041,038,049,065
0112,2008/04/05,091,116,132,133,131,116,090,068,047,039,045,068,089,114,132,141,135,118,097,070,054,045,043,062
0112,2008/04/06,084,108,129,137,134,118,092,064,036,021,019,035,059,089,117,135,142,135,117,093,073,056,049,060
0112,2008/04/07,081,105,128,140,142,129,108,075,039,016,007,009,030,062,092,125,144,140,135,114,096,078,070,070
0112,2008/04/08,086,107,129,143,153,142,132,099,060,024,009,001,016,040,066,099,127,135,137,131,114,102,083,079
0112,2008/04/09,093,108,129,146,160,155,139,116,080,040,017,000,004,014,035,070,096,120,130,133,123,112,101,093
0112,2008/04/10,099,110,124,146,162,157,156,135,100,076,038,017,005,012,024,049,075,101,118,124,128,115,109,106
0112,2008/04/11,105,117,132,144,156,163,163,148,130,106,076,050,030,018,023,038,054,078,095,104,111,113,109,110
0112,2008/04/12,106,106,112,128,136,143,146,140,123,110,087,061,039,025,019,017,032,039,057,071,083,093,095,096
0112,2008/04/13,095,098,100,108,114,118,127,128,115,110,098,080,063,046,033,027,030,033,042,057,073,083,094,102
0112,2008/04/14,105,106,108,107,108,116,118,123,126,119,120,111,099,092,075,057,053,049,050,060,073,082,096,111
0112,2008/04/15,115,114,118,111,108,102,103,102,103,112,113,115,113,109,092,077,063,049,045,047,057,066,084,100
0112,2008/04/16,111,115,114,111,097,089,083,077,081,088,097,108,112,115,111,098,084,066,052,052,050,060,075,091
0112,2008/04/17,113,119,119,116,102,085,076,065,056,068,080,093,109,118,124,118,100,086,064,050,052,053,065,088
0112,2008/04/18,104,121,127,126,109,093,075,057,044,045,063,077,101,116,130,134,126,110,087,071,065,069,074,097
0112,2008/04/19,119,134,149,141,132,114,089,068,051,045,055,074,091,118,136,144,144,131,108,093,080,069,075,090
0112,2008/04/20,109,129,144,142,136,115,089,064,036,026,028,037,058,094,112,129,138,128,118,102,082,077,069,081
0112,2008/04/21,102,122,133,147,137,127,099,074,043,025,021,027,043,074,099,121,136,138,125,113,099,084,076,081
0112,2008/04/22,096,113,130,142,140,132,106,078,049,023,012,011,023,048,078,101,124,130,127,117,103,093,079,080
0112,2008/04/23,091,102,125,135,141,135,116,088,060,029,014,008,007,031,055,078,106,120,122,113,109,096,089,085
0112,2008/04/24,089,106,122,135,147,141,134,114,079,053,033,019,016,026,047,071,095,116,118,124,119,109,101,099
0112,2008/04/25,098,108,120,132,141,150,138,122,097,073,046,029,020,023,042,052,073,094,103,114,113,102,101,096
0112,2008/04/26,092,097,105,116,128,132,135,120,095,077,055,033,027,025,028,045,059,080,098,104,114,111,105,103
0112,2008/04/27,103,102,112,118,123,137,137,126,116,098,078,058,046,037,038,044,055,067,081,098,106,107,104,106
0112,2008/04/28,107,103,108,116,113,119,126,118,115,106,090,071,055,045,037,037,043,050,061,073,085,095,098,105
0112,2008/04/29,102,100,099,097,098,104,106,110,104,101,094,084,072,065,052,044,044,050,053,066,078,087,100,106
0112,2008/04/30,104,112,107,098,100,093,094,099,100,102,107,102,092,087,073,065,056,052,049,059,066,085,096,107
0112,2008/05/01,116,117,111,107,089,085,079,075,085,089,099,105,106,102,096,083,071,059,055,053,063,075,087,106
0112,2008/05/02,120,121,121,108,093,077,068,056,059,075,084,100,111,117,118,106,092,076,062,057,060,071,085,104
0112,2008/05/03,120,132,131,121,101,080,060,045,042,046,065,085,107,123,130,125,118,100,082,073,067,074,086,102
0112,2008/05/04,124,134,141,132,111,084,062,034,020,022,036,060,084,112,133,137,135,121,100,086,078,077,087,105
0112,2008/05/05,123,142,152,145,130,105,072,038,023,003,015,038,061,098,126,143,151,149,130,121,104,100,105,114
0112,2008/05/06,131,147,152,154,147,125,093,056,023,000,-007,004,029,061,097,122,138,144,139,130,115,105,099,107
0112,2008/05/07,121,139,161,163,162,143,114,081,042,014,-006,-008,005,035,068,098,124,136,142,134,122,119,108,106
0112,2008/05/08,123,134,154,165,167,163,139,108,068,031,004,-003,-002,016,046,070,101,123,131,137,132,126,114,113
0112,2008/05/09,117,129,145,155,169,162,153,131,095,063,036,012,-003,007,020,043,069,095,110,122,121,117,112,104
0112,2008/05/10,107,110,121,134,143,154,146,134,112,085,060,034,016,009,014,031,053,074,097,110,114,120,113,105
0112,2008/05/11,114,102,111,119,128,142,142,140,123,109,087,062,041,028,026,032,040,059,078,096,107,112,111,107
0112,2008/05/12,104,095,094,103,105,111,119,122,112,109,095,078,066,044,034,035,035,047,068,073,092,107,100,105
0112,2008/05/13,104,095,099,089,087,096,101,104,110,108,103,104,083,074,063,050,051,054,061,075,090,100,114,112
0112,2008/05/14,114,107,096,088,085,079,083,088,089,097,105,100,103,097,085,076,066,061,064,073,082,106,114,118
0112,2008/05/15,126,117,109,098,082,071,069,064,074,080,093,100,112,108,103,098,083,077,073,072,081,099,106,121
0112,2008/05/16,131,123,119,102,083,071,055,049,054,062,075,093,104,114,120,113,103,094,081,076,083,096,107,125
0112,2008/05/17,137,136,133,121,096,079,061,046,044,051,065,084,105,117,131,128,120,114,096,088,091,091,104,121
0112,2008/05/18,132,143,141,126,109,087,058,042,027,024,042,056,078,105,119,123,131,117,101,099,081,090,102,106
0112,2008/05/19,128,136,141,134,119,089,066,039,019,016,020,040,064,091,113,131,134,131,122,106,100,098,099,109
0112,2008/05/20,127,142,153,150,140,122,096,063,044,028,037,045,076,103,105,133,144,135,140,128,110,113,106,105
0112,2008/05/21,131,140,152,163,149,137,110,076,047,025,015,021,038,057,086,114,126,138,132,126,118,104,102,105
0112,2008/05/22,115,131,142,153,149,137,116,085,055,031,014,009,022,040,068,094,115,130,133,129,121,117,104,101
0112,2008/05/23,110,120,136,145,146,143,130,101,074,044,023,016,017,028,054,077,100,120,123,125,122,113,104,101
0112,2008/05/24,102,111,126,135,146,147,135,116,091,060,039,025,018,030,043,065,087,108,121,128,128,122,116,108
0112,2008/05/25,105,113,120,132,143,152,151,132,115,090,073,052,043,041,052,070,082,111,125,133,139,134,126,125
0112,2008/05/26,118,115,128,127,136,149,145,139,131,103,085,066,049,044,047,055,072,090,107,122,128,132,129,122
0112,2008/05/27,118,108,108,114,119,128,136,133,124,110,095,075,059,049,044,046,055,074,087,105,115,123,122,116
0112,2008/05/28,115,104,103,097,099,106,112,115,119,111,104,090,074,066,055,049,061,065,075,093,103,118,122,118
0112,2008/05/29,117,110,095,091,085,087,097,103,107,111,108,107,099,089,076,068,069,069,077,090,105,120,125,125
0112,2008/05/30,125,116,103,092,004,073,066,072,084,092,101,112,107,100,095,082,075,073,075,079,096,109,120,129
0112,2008/05/31,128,126,112,091,072,061,050,053,062,071,088,107,110,119,114,103,099,090,085,088,097,111,128,137
0112,2008/06/01,141,141,125,105,081,058,038,031,030,041,063,085,105,120,124,123,116,104,095,093,094,106,117,128
0112,2008/06/02,142,146,135,116,090,060,030,009,002,006,028,056,077,109,121,128,127,117,111,103,101,103,115,129
0112,2008/06/03,144,156,148,138,113,083,046,018,-002,-007,006,024,056,089,113,134,139,133,132,119,109,116,119,127
0112,2008/06/04,142,156,157,156,140,110,078,034,008,-012,-020,001,025,052,093,115,129,143,137,125,125,111,116,124
0112,2008/06/05,136,153,164,167,156,140,105,073,031,006,-011,-010,010,033,065,101,125,136,142,131,129,124,116,122
0112,2008/06/06,129,148,160,172,171,160,143,105,071,036,010,003,005,022,050,081,107,129,139,137,136,124,117,113
0112,2008/06/07,120,130,146,159,165,168,151,129,102,063,036,017,006,014,035,060,086,113,125,131,130,120,116,104
0112,2008/06/08,105,111,120,135,147,153,153,139,114,093,064,040,028,018,031,053,069,099,118,127,135,125,116,110
0112,2008/06/09,102,103,107,113,126,145,144,139,129,107,088,067,047,040,044,050,066,091,106,130,133,130,126,113
0112,2008/06/10,105,095,094,099,109,118,126,133,125,118,106,089,071,062,055,056,071,084,103,121,130,135,133,120
0112,2008/06/11,111,099,092,088,091,097,105,114,120,119,118,109,097,091,082,075,081,090,103,118,134,141,142,134
0112,2008/06/12,121,115,100,088,083,085,087,098,109,110,115,112,109,105,096,085,090,089,103,115,130,143,144,141
0112,2008/06/13,134,120,107,094,076,073,069,074,085,093,104,115,113,113,112,102,102,100,102,110,123,134,146,145
0112,2008/06/14,139,131,114,094,076,061,053,053,059,069,081,100,108,117,117,116,109,105,101,100,117,121,133,137
0112,2008/06/15,137,136,118,104,080,063,048,038,037,048,062,084,101,113,123,122,118,112,109,104,108,117,127,134
0112,2008/06/16,143,145,134,115,098,073,052,039,028,031,049,064,088,108,123,132,129,124,116,109,107,114,121,130
0112,2008/06/17,141,146,139,130,109,087,057,037,023,016,029,045,068,095,113,123,133,129,126,112,108,108,112,121
0112,2008/06/18,136,144,143,143,124,099,077,045,026,014,016,028,055,077,106,124,132,140,128,118,113,110,109,115
0112,2008/06/19,127,144,147,151,138,120,094,066,040,018,016,022,040,068,093,119,130,143,137,129,122,114,110,113
0112,2008/06/20,124,141,151,157,151,139,115,085,057,033,020,020,029,052,081,104,126,142,140,134,127,118,113,111
0112,2008/06/21,119,135,145,160,161,151,134,107,074,049,029,022,028,046,067,097,120,135,143,143,133,127,116,109
0112,2008/06/22,116,126,138,153,156,161,147,123,096,072,048,033,037,042,066,088,114,137,149,148,148,140,124,119
0112,2008/06/23,120,124,137,151,159,168,164,141,124,098,070,060,045,044,064,078,105,130,145,148,150,138,127,116
0112,2008/06/24,108,112,115,127,139,151,155,145,129,107,085,062,052,049,052,071,093,111,132,141,142,142,129,114
0112,2008/06/25,105,101,099,106,118,132,142,141,135,119,102,083,070,062,062,072,091,107,126,136,143,145,133,120
0112,2008/06/26,107,097,093,092,097,111,124,131,130,121,114,099,086,077,070,072,083,097,116,134,142,145,139,125
0112,2008/06/27,112,098,085,079,076,086,093,111,111,118,121,110,102,093,083,083,090,098,111,125,135,145,141,131
0112,2008/06/28,122,107,083,071,063,059,068,079,088,102,113,111,116,109,103,103,100,104,113,123,139,149,152,144
0112,2008/06/29,138,123,100,077,066,052,050,059,065,084,103,113,124,129,123,127,123,121,124,133,145,155,162,156
0112,2008/06/30,160,147,124,107,074,063,046,042,047,059,081,102,122,131,145,142,138,136,132,133,142,143,155,161
0112,2008/07/01,160,159,141,116,092,061,035,019,9999,9999,037,058,085,112,126,139,142,138,133,128,125,131,141,147
0112,2008/07/02,159,162,158,145,122,087,057,028,006,001,007,026,058,082,109,133,136,146,137,127,125,123,131,135
0112,2008/07/03,148,161,166,160,143,120,086,049,022,001,-005,010,029,055,093,115,135,146,140,135,127,120,121,126
0112,2008/07/04,137,156,169,169,169,145,123,086,044,022,004,-003,014,037,066,107,127,141,146,136,128,120,113,112
0112,2008/07/05,124,139,156,169,171,166,148,114,086,046,022,010,012,030,059,087,116,138,145,143,137,122,114,103
0112,2008/07/06,110,121,138,155,170,168,160,140,107,076,047,029,018,030,047,074,104,130,142,143,138,124,112,095
0112,2008/07/07,094,100,112,126,143,157,158,145,121,099,069,045,031,029,046,071,091,119,138,140,141,127,114,095
0112,2008/07/08,087,087,088,101,121,137,141,143,127,117,090,070,053,047,054,066,089,112,132,139,142,134,119,099
0112,2008/07/09,092,071,079,084,097,111,125,129,128,121,100,088,073,067,062,072,088,108,129,139,147,145,131,114
0112,2008/07/10,096,083,077,076,077,093,102,113,117,115,110,103,089,086,077,079,094,110,122,139,146,146,141,125
0112,2008/07/11,108,096,079,071,072,074,088,097,103,109,112,109,107,102,096,100,104,113,124,136,149,158,150,140
0112,2008/07/12,131,110,097,081,071,071,075,077,088,099,104,113,115,116,114,115,115,118,126,135,142,150,153,144
0112,2008/07/13,139,122,108,090,073,061,063,058,066,078,088,104,113,116,123,121,123,123,123,125,137,143,149,145
0112,2008/07/14,144,135,123,102,085,069,057,050,055,062,071,088,113,115,127,131,129,131,125,120,131,136,142,144
0112,2008/07/15,146,140,132,115,098,078,057,047,039,042,055,076,094,111,127,135,137,136,129,124,125,127,135,143
0112,2008/07/16,149,154,148,132,118,096,065,055,036,034,044,054,075,104,121,131,143,139,135,131,120,124,132,132
0112,2008/07/17,149,156,158,151,136,114,088,062,041,031,030,045,064,089,114,135,144,148,142,131,124,119,119,128
0112,2008/07/18,140,152,161,160,150,132,108,075,052,032,025,034,049,074,102,127,139,149,148,131,127,116,112,115
0112,2008/07/19,130,143,158,164,160,149,126,095,066,038,027,027,039,063,088,116,139,149,148,142,128,116,108,103
0112,2008/07/20,115,129,148,159,161,156,140,112,077,053,031,023,031,048,074,102,126,140,145,140,129,114,103,095
0112,2008/07/21,101,115,130,147,161,160,152,130,101,070,046,032,034,045,069,094,120,142,147,148,142,123,106,098
0112,2008/07/22,089,101,116,132,153,158,156,143,122,092,068,048,039,051,062,087,114,135,144,148,142,124,110,092
0112,2008/07/23,087,085,093,112,132,146,152,149,129,108,087,063,057,057,064,088,111,131,148,154,148,139,129,098
0112,2008/07/24,086,078,082,097,112,130,141,146,140,129,112,086,077,073,076,090,115,127,147,153,154,147,132,105
0112,2008/07/25,093,080,072,080,090,106,122,133,131,129,117,106,095,086,086,098,113,128,9999,155,160,155,140,122
0112,2008/07/26,101,088,068,064,069,077,096,109,114,123,119,116,111,100,104,107,116,128,140,150,156,157,148,132
0112,2008/07/27,113,096,075,062,053,058,066,079,092,105,113,111,117,113,112,119,119,131,137,141,155,158,154,148
0112,2008/07/28,130,112,092,072,055,052,050,056,074,079,101,108,121,126,133,131,136,138,141,147,152,158,163,156
0112,2008/07/29,154,139,118,096,069,050,045,032,041,054,072,092,112,122,135,146,140,143,144,138,145,154,155,162
0112,2008/07/30,162,154,142,125,094,070,050,030,025,032,044,065,095,114,130,144,149,144,142,133,133,138,144,149
0112,2008/07/31,163,162,159,145,124,094,065,039,015,013,021,038,063,090,115,135,146,144,135,127,123,119,124,135
0112,2008/08/01,146,162,167,160,149,127,090,061,029,011,012,019,041,076,102,127,143,143,138,128,115,106,111,116
0112,2008/08/02,132,149,164,171,172,152,126,092,057,031,017,018,041,067,095,130,142,152,154,134,124,113,103,106
0112,2008/08/03,118,134,156,177,177,173,164,121,090,054,034,030,035,062,089,118,146,156,154,148,131,110,100,087
0112,2008/08/04,095,116,134,153,170,168,163,139,113,078,057,040,040,056,083,110,135,155,159,150,137,111,094,083
0112,2008/08/05,075,087,110,124,150,159,159,150,125,103,077,057,055,059,078,109,132,155,161,160,145,125,102,084
0112,2008/08/06,077,076,088,110,124,145,153,146,136,121,098,081,071,069,086,109,127,152,159,159,154,133,111,096
0112,2008/08/07,075,065,074,082,101,123,137,140,135,120,110,094,082,085,091,105,127,144,155,166,159,143,125,099
0112,2008/08/08,083,071,066,075,085,098,113,119,124,122,111,105,100,095,102,108,119,143,154,159,162,147,132,117
0112,2008/08/09,092,080,076,066,074,086,094,108,117,115,118,114,109,112,110,116,126,135,145,154,159,152,140,123
0112,2008/08/10,106,095,079,072,067,071,079,089,094,103,107,113,113,114,120,122,124,136,137,146,157,151,146,140
0112,2008/08/11,121,107,095,077,069,065,068,070,079,086,100,106,113,123,123,125,130,128,132,137,142,147,144,142
0112,2008/08/12,132,123,111,092,078,066,058,058,062,068,086,096,109,123,129,132,137,131,129,134,132,140,141,143
0112,2008/08/13,143,138,123,110,092,072,062,051,049,057,069,085,102,118,134,137,141,137,127,131,126,134,137,142
0112,2008/08/14,147,150,145,133,116,093,073,056,049,049,060,076,100,117,139,151,153,157,139,135,135,130,140,147
0112,2008/08/15,154,166,163,154,145,120,092,073,054,047,055,067,088,115,137,153,163,162,151,140,132,126,130,137
0112,2008/08/16,152,164,175,174,163,144,116,088,065,047,049,058,082,104,134,155,163,169,155,143,132,117,110,126
0112,2008/08/17,134,153,174,175,173,160,132,104,073,051,041,044,059,088,112,135,157,157,149,135,115,102,095,092
0112,2008/08/18,109,128,146,167,166,160,145,112,079,059,039,038,055,070,102,128,147,158,152,140,120,101,084,083
0112,2008/08/19,091,109,136,159,171,175,158,141,112,080,065,062,055,077,112,124,150,166,156,161,130,100,087,076
0112,2008/08/20,076,090,116,136,163,172,169,157,134,104,086,069,068,088,103,134,153,168,176,162,144,125,095,080
0112,2008/08/21,077,076,098,128,143,170,175,161,150,131,105,092,087,090,108,133,151,173,174,172,158,133,098,081
0112,2008/08/22,064,059,072,092,106,133,146,150,143,130,116,102,092,096,106,125,143,163,169,172,161,139,111,090
0112,2008/08/23,066,055,062,065,084,105,118,134,132,131,124,114,103,106,115,125,143,157,168,172,167,150,131,104
0112,2008/08/24,083,069,058,058,066,082,093,113,120,123,126,116,121,117,122,127,140,151,161,168,165,158,141,123
0112,2008/08/25,103,079,066,055,053,060,068,084,093,106,116,115,125,124,125,130,135,145,152,158,160,159,149,139
0112,2008/08/26,122,100,083,070,052,052,050,059,070,082,097,109,121,125,135,140,137,143,143,145,155,154,152,154
0112,2008/08/27,140,132,118,090,075,061,043,048,048,063,082,099,117,133,142,145,150,143,139,139,140,146,152,156
0112,2008/08/28,157,153,148,128,101,080,058,046,041,045,063,082,105,123,143,150,151,145,134,127,126,129,136,147
0112,2008/08/29,157,168,165,148,131,102,077,053,037,035,046,063,093,115,135,150,145,141,133,119,109,111,110,124
0112,2008/08/30,141,157,172,165,154,136,102,071,047,036,037,054,074,102,135,149,156,149,134,118,105,095,094,110
0112,2008/08/31,124,146,165,175,170,157,129,101,070,047,041,046,072,102,126,155,163,158,149,125,108,089,080,089
0112,2008/09/01,105,129,152,172,176,170,154,125,093,071,056,055,073,099,121,152,165,164,155,132,109,088,069,071
0112,2008/09/02,080,101,130,153,165,173,164,138,116,090,072,066,073,095,125,145,166,174,164,151,125,094,076,069
0112,2008/09/03,066,087,112,132,159,166,165,159,131,111,095,081,085,100,122,148,172,179,173,160,134,104,085,064
0112,2008/09/04,061,073,086,112,133,146,157,150,135,123,106,092,087,101,117,141,159,170,174,159,143,116,087,072
0112,2008/09/05,058,061,070,092,108,129,141,142,134,125,111,103,095,100,111,127,149,159,163,159,142,121,098,075
0112,2008/09/06,062,055,059,072,089,104,120,130,125,124,113,108,104,105,112,127,143,153,160,159,152,132,112,092
0112,2008/09/07,074,065,063,067,076,090,103,114,118,115,121,115,114,116,122,130,141,150,155,161,156,143,126,109
0112,2008/09/08,092,079,074,074,072,086,090,102,110,116,118,124,122,126,130,131,139,144,148,152,152,145,132,120
0112,2008/09/09,108,091,082,073,066,072,074,078,088,097,101,114,119,120,128,130,134,132,136,137,141,139,131,124
0112,2008/09/10,019,103,095,081,067,061,061,061,064,077,088,101,111,121,127,132,131,129,125,128,132,131,132,134
0112,2008/09/11,127,120,116,097,084,076,057,058,059,062,082,099,110,130,138,135,143,130,124,126,124,126,129,134
0112,2008/09/12,142,145,142,127,112,082,072,058,055,061,073,094,112,130,137,148,150,137,129,113,107,113,120,128
0112,2008/09/13,145,150,150,146,117,105,083,058,053,047,055,076,099,117,140,146,147,136,120,108,098,093,101,116
0112,2008/09/14,128,148,155,152,142,120,096,071,049,042,048,065,088,115,134,152,153,143,127,106,087,079,082,097
0112,2008/09/15,116,138,157,164,158,143,120,093,065,056,051,064,087,110,137,157,166,156,139,117,095,079,072,080
0112,2008/09/16,103,124,156,169,174,167,144,119,093,071,064,069,085,112,141,160,169,168,144,125,098,069,062,062
0112,2008/09/17,078,103,131,154,169,173,159,135,110,086,072,071,082,105,130,151,168,164,152,128,100,070,049,042
0112,2008/09/18,049,070,100,127,149,163,163,142,128,104,088,086,083,105,129,150,171,175,164,144,117,082,057,042
0112,2008/09/19,038,050,073,104,128,149,155,153,138,118,107,096,099,109,126,153,168,180,174,156,132,103,075,050
0112,2008/09/20,039,038,057,077,099,134,144,153,150,134,130,117,114,120,137,153,170,179,178,171,153,124,095,070
0112,2008/09/21,049,044,047,061,085,104,127,138,137,135,137,123,124,126,132,149,160,173,178,175,163,139,113,089
0112,2008/09/22,068,054,052,050,063,073,097,111,119,128,134,125,129,131,131,146,155,162,171,169,170,155,138,124
0112,2008/09/23,100,078,070,064,055,068,078,089,106,116,122,129,138,134,142,146,146,155,154,157,161,154,146,140
0112,2008/09/24,119,104,089,075,061,054,057,061,074,090,104,116,125,133,132,138,132,129,129,133,137,140,136,136
0112,2008/09/25,135,124,110,091,075,061,053,052,057,078,093,108,129,136,140,149,142,133,131,126,135,136,144,152
0112,2008/09/26,161,155,154,136,107,093,075,060,064,074,085,113,131,144,161,157,151,129,116,106,104,110,115,134
0112,2008/09/27,144,149,151,144,122,102,076,054,052,049,065,088,107,127,143,143,138,126,102,089,081,075,088,106
0112,2008/09/28,120,143,152,148,143,120,098,075,052,050,056,074,099,123,137,146,142,121,103,085,060,056,065,072
0112,2008/09/29,099,126,146,153,154,138,119,093,068,057,057,071,098,118,140,154,154,140,119,089,068,052,041,057
0112,2008/09/30,078,102,136,148,155,151,133,105,087,064,065,076,089,116,138,155,163,150,128,101,072,052,039,048
0112,2008/10/01,061,088,120,140,154,162,149,133,112,092,084,088,098,118,145,169,173,167,144,115,087,061,041,037
0112,2008/10/02,048,069,093,121,139,153,152,137,122,103,091,089,098,108,137,152,166,162,149,126,098,066,045,034
0112,2008/10/03,035,051,075,097,123,141,145,137,131,114,101,098,096,111,135,150,163,167,158,142,112,083,060,048
0112,2008/10/04,033,050,062,085,109,126,138,138,131,121,117,105,106,116,125,145,160,163,161,148,123,099,074,054
0112,2008/10/05,045,047,057,068,090,108,120,131,127,121,116,111,112,113,123,136,149,159,156,151,133,116,094,071
0112,2008/10/06,063,056,058,068,083,095,112,130,131,127,129,125,125,130,135,142,155,157,163,161,146,137,116,094
0112,2008/10/07,084,074,070,072,079,088,102,110,118,123,123,125,125,129,127,135,141,140,146,148,138,129,120,102
0112,2008/10/08,090,082,071,066,067,071,079,091,097,109,115,124,123,127,125,128,125,123,128,131,128,129,119,109
0112,2008/10/09,099,090,078,073,066,063,064,072,080,091,101,116,120,122,127,124,120,117,118,114,116,118,120,116
0112,2008/10/10,115,106,097,084,071,062,059,064,069,080,096,108,125,130,134,136,127,115,109,106,108,113,124,129
0112,2008/10/11,134,136,126,113,102,085,071,072,070,085,099,115,132,142,142,145,134,114,106,095,091,097,104,117
0112,2008/10/12,126,136,140,128,114,097,074,066,062,067,083,096,122,137,142,145,132,111,094,077,068,072,085,099
0112,2008/10/13,121,140,145,145,133,110,092,074,061,065,073,092,117,135,148,155,141,123,097,070,056,052,060,078
0112,2008/10/14,103,131,146,151,148,132,112,089,072,068,070,090,111,130,154,153,148,130,102,077,046,033,036,048
0112,2008/10/15,074,107,135,144,159,145,123,111,087,076,072,082,107,127,153,166,157,142,112,077,047,026,018,024
0112,2008/10/16,045,079,107,133,150,152,144,123,106,087,082,087,102,127,146,163,164,150,125,094,055,025,012,000
0112,2008/10/17,018,049,074,108,135,143,145,134,117,104,096,094,103,120,141,161,165,160,140,110,078,041,015,004
0112,2008/10/18,008,026,052,080,110,133,140,136,129,114,102,102,103,117,139,153,166,166,150,134,101,064,041,012
0112,2008/10/19,006,012,029,054,083,108,124,130,124,121,111,111,109,111,134,147,158,167,161,148,127,096,068,039
0112,2008/10/20,025,024,029,045,067,095,113,124,131,130,128,128,126,123,140,149,158,166,171,161,145,127,101,076
0112,2008/10/21,057,044,038,045,058,072,093,106,120,125,125,126,126,123,129,136,141,147,149,153,140,133,117,099
0112,2008/10/22,076,063,049,044,049,057,069,085,100,108,115,117,122,120,120,122,124,126,127,134,130,133,124,113
0112,2008/10/23,099,087,072,060,057,054,061,069,086,102,110,122,124,120,123,118,114,111,112,115,118,124,126,129
0112,2008/10/24,124,117,104,089,076,073,068,074,091,098,117,136,139,140,141,131,126,111,100,102,103,109,126,130
0112,2008/10/25,133,139,128,115,097,082,074,067,078,090,101,124,135,141,147,133,121,103,083,081,079,083,101,114
0112,2008/10/26,128,145,144,136,127,112,090,084,086,095,109,133,146,155,166,151,135,116,093,077,068,070,082,101
0112,2008/10/27,123,143,155,151,145,133,107,096,090,089,103,124,141,154,162,162,144,119,094,071,054,051,062,079
0112,2008/10/28,108,132,150,155,160,143,128,110,099,097,099,119,136,152,171,165,155,131,103,076,051,042,047,064
0112,2008/10/29,083,114,138,156,164,159,143,126,116,101,102,118,132,150,166,170,164,144,113,083,053,037,038,037
0112,2008/10/30,059,087,110,139,156,154,145,131,111,102,097,105,116,136,152,161,159,140,116,090,052,031,020,016
0112,2008/10/31,032,061,085,117,137,144,143,134,119,108,101,103,109,128,148,164,161,155,135,107,079,052,031,030
0112,2008/11/01,029,056,083,103,132,145,146,149,140,125,114,114,117,127,150,163,168,168,147,126,098,066,050,036
0112,2008/11/02,033,049,066,084,120,135,144,150,141,129,125,122,117,132,142,155,169,166,154,145,113,085,063,043
0112,2008/11/03,038,045,058,075,099,119,132,139,138,134,124,125,118,123,136,148,158,162,163,146,127,106,079,060
0112,2008/11/04,049,048,051,069,086,094,116,129,129,125,120,120,117,116,122,127,135,142,144,137,125,106,085,068
0112,2008/11/05,055,046,047,057,066,083,098,110,119,123,118,124,117,114,124,121,129,141,136,140,133,117,107,090
0112,2008/11/06,069,070,062,057,068,078,085,105,114,118,125,125,120,125,122,121,127,124,129,131,127,126,121,109
0112,2008/11/07,099,086,074,070,073,078,086,103,110,121,129,137,137,132,127,118,116,106,105,112,116,122,124,111
0112,2008/11/08,108,103,094,081,074,077,077,085,099,108,119,134,133,129,132,119,107,099,094,095,100,106,117,121
0112,2008/11/09,122,122,112,097,090,080,079,080,091,104,116,131,139,140,139,128,112,088,081,075,080,093,103,111
0112,2008/11/10,124,134,124,122,106,092,085,080,087,093,113,130,142,147,144,131,110,085,070,052,056,061,080,096
0112,2008/11/11,122,123,136,133,124,109,095,083,081,085,100,113,132,142,144,133,116,084,055,042,019,035,042,059
0112,2008/11/12,090,121,126,140,134,119,107,094,086,091,098,123,133,150,158,151,132,101,070,040,020,008,018,038
0112,2008/11/13,070,103,128,150,147,144,131,117,111,102,104,122,133,150,166,160,151,124,088,051,023,-002,002,014
0112,2008/11/14,037,073,107,133,148,155,145,133,124,111,109,121,128,148,172,169,169,146,113,077,037,007,-006,-008
0112,2008/11/15,012,039,072,106,134,144,146,139,130,120,111,118,128,142,163,176,178,188,141,110,073,036,013,004
0112,2008/11/16,007,026,056,091,119,144,150,153,149,137,129,126,128,142,161,173,185,179,166,139,105,077,042,022
0112,2008/11/17,016,021,043,070,095,128,140,149,149,142,134,131,132,138,152,166,180,183,177,162,134,107,076,049
0112,2008/11/18,038,031,037,060,076,103,127,134,141,144,137,138,130,130,142,151,163,172,167,163,149,130,107,080
0112,2008/11/19,061,048,038,056,073,088,107,131,136,141,143,134,125,121,121,123,134,137,146,150,139,133,114,099
0112,2008/11/20,081,062,052,050,054,068,089,101,120,127,126,127,118,109,105,102,104,107,115,118,117,118,111,106
0112,2008/11/21,093,079,069,060,062,067,081,096,113,124,132,131,128,118,108,100,097,090,094,101,100,111,113,113
0112,2008/11/22,113,095,083,077,062,062,072,079,092,109,120,125,128,118,110,100,087,074,071,073,080,095,101,111
0112,2008/11/23,120,116,112,103,093,085,086,089,096,109,120,132,135,130,122,104,087,068,060,053,056,064,079,093
0112,2008/11/24,107,114,116,112,102,089,085,082,087,102,114,125,139,135,129,114,091,069,055,036,033,047,060,078
0112,2008/11/25,103,113,128,134,119,115,107,099,103,105,121,132,143,147,146,133,117,087,062,041,029,027,042,060
0112,2008/11/26,080,106,123,129,133,125,113,108,097,099,108,118,132,144,145,134,121,092,063,038,020,012,021,033
0112,2008/11/27,055,083,107,125,132,130,123,109,099,101,104,117,129,141,154,152,139,115,083,056,035,021,015,029
0112,2008/11/28,049,073,116,124,143,154,145,135,130,123,120,138,149,159,186,184,174,153,123,097,073,044,032,038
0112,2008/11/29,049,076,101,128,145,154,156,139,135,123,112,118,130,138,162,168,165,156,129,100,071,045,026,022
0112,2008/11/30,032,051,077,103,120,137,140,133,131,116,108,110,111,120,140,149,154,152,128,098,070,043,021,013
0112,2008/12/01,016,026,053,074,095,116,126,128,123,114,104,103,103,111,130,136,153,147,133,120,088,062,042,019
0112,2008/12/02,019,028,045,069,093,110,127,134,126,125,116,109,107,118,122,136,150,147,147,132,106,088,063,041
0112,2008/12/03,033,034,041,068,081,105,124,129,133,130,118,115,109,106,120,123,134,142,140,131,120,097,078,056
0112,2008/12/04,046,035,046,054,068,092,108,122,129,126,119,113,109,104,105,110,120,128,133,128,125,114,094,079
0112,2008/12/05,061,057,057,063,068,091,106,124,137,134,140,137,123,116,112,109,119,122,119,130,130,113,116,099
0112,2008/12/06,089,083,078,077,082,089,104,123,128,135,138,129,122,116,101,091,091,090,096,099,103,104,106,097
0112,2008/12/07,093,081,075,073,071,076,081,099,107,122,124,124,121,110,092,083,076,063,070,073,077,095,100,097
0112,2008/12/08,105,096,090,086,079,076,083,093,103,122,121,131,129,113,104,083,064,056,047,045,060,070,082,098
0112,2008/12/09,101,103,113,095,090,095,086,090,104,111,125,135,132,129,120,095,073,054,035,033,032,041,071,081
0112,2008/12/10,107,117,122,128,118,111,104,104,111,126,130,145,152,146,142,118,092,070,041,022,022,026,042,070
0112,2008/12/11,094,119,140,137,137,136,126,123,124,128,139,152,162,170,168,155,129,098,063,038,012,007,019,046
0112,2008/12/12,071,101,130,140,151,154,137,138,129,125,133,138,155,166,168,160,144,111,075,040,005,-003,-006,007
0112,2008/12/13,034,065,097,123,142,140,141,134,124,121,123,129,141,159,166,173,162,141,109,066,029,001,-017,-010
0112,2008/12/14,004,036,075,103,125,146,148,142,141,123,124,130,134,150,169,173,185,167,136,105,063,023,009,-008
0112,2008/12/15,-002,020,047,079,110,127,142,143,127,125,118,111,115,132,144,165,173,165,152,124,087,055,024,002
0112,2008/12/16,-005,005,025,056,085,111,127,134,126,119,112,098,102,110,120,139,155,152,152,136,108,082,048,023
0112,2008/12/17,010,008,023,045,064,096,116,128,126,115,110,102,091,090,102,115,132,141,142,142,125,108,082,055
0112,2008/12/18,044,034,040,053,074,098,122,137,142,141,131,120,107,102,099,107,117,125,134,138,130,119,101,085
0112,2008/12/19,063,055,053,053,067,088,103,127,136,132,133,116,098,093,084,082,091,092,098,114,112,108,109,094
0112,2008/12/20,079,073,064,065,075,090,097,118,131,131,136,123,105,102,083,075,076,077,075,095,093,099,106,099
0112,2008/12/21,096,091,083,082,081,088,097,112,128,133,137,131,116,107,096,078,070,070,063,078,084,088,102,110
0112,2008/12/22,109,117,119,103,105,106,111,127,134,144,149,146,140,131,111,094,081,063,053,053,060,060,085,090
0112,2008/12/23,099,112,113,107,108,101,102,112,115,128,139,139,142,133,119,106,087,063,046,041,034,041,058,071
0112,2008/12/24,093,105,116,116,119,116,106,108,109,120,128,133,141,136,128,119,091,070,045,029,022,028,034,059
0112,2008/12/25,077,097,119,126,127,129,121,117,116,117,131,139,150,160,157,143,129,100,068,055,039,033,044,051
0112,2008/12/26,073,091,108,124,135,134,131,120,113,117,120,130,139,155,153,149,134,110,078,058,032,021,019,024
0112,2008/12/27,048,068,099,123,129,135,132,124,117,116,117,120,137,143,151,157,145,130,102,069,041,026,011,021
0112,2008/12/28,040,058,099,118,134,149,146,135,130,117,115,120,126,137,154,163,158,150,112,086,054,029,012,011
0112,2008/12/29,022,046,077,100,119,143,143,143,132,116,114,111,118,131,148,157,161,153,126,106,078,043,028,022
0112,2008/12/30,023,043,074,090,120,143,142,148,134,118,118,107,111,125,134,154,167,161,151,131,100,072,045,033
0112,2008/12/31,032,039,058,092,107,132,146,143,134,126,106,101,100,098,120,142,145,156,148,132,113,087,058,046
