0112,2006/01/01,003,027,063,088,114,133,133,129,120,114,111,112,121,138,152,163,162,144,121,086,046,022,000,-011
0112,2006/01/02,-001,022,047,078,115,131,141,146,132,131,120,111,122,140,146,170,174,164,155,123,084,061,026,004
0112,2006/01/03,009,013,038,075,102,132,148,154,151,140,130,113,116,120,129,148,165,170,157,138,114,079,056,027
0112,2006/01/04,011,017,034,047,082,104,127,137,132,124,120,107,097,097,104,123,143,150,155,143,133,109,080,052
0112,2006/01/05,035,031,039,052,072,101,120,135,140,139,124,110,095,090,088,097,109,127,132,137,132,114,103,074
0112,2006/01/06,058,049,046,057,073,095,115,133,135,141,129,112,100,082,080,081,089,097,110,117,125,121,107,095
0112,2006/01/07,087,073,069,070,081,098,117,132,137,146,140,120,110,095,075,073,071,067,082,092,097,106,107,099
0112,2006/01/08,098,090,084,087,086,097,114,123,135,144,141,131,122,102,085,072,062,053,059,064,072,087,093,093
0112,2006/01/09,101,099,093,095,095,100,109,118,131,135,141,134,125,115,096,077,065,045,042,043,046,065,071,085
0112,2006/01/10,100,101,110,117,106,106,120,117,127,140,140,145,140,131,115,107,085,060,040,038,037,049,058,076
0112,2006/01/11,094,106,120,120,119,121,115,112,122,122,132,138,137,138,126,113,091,061,041,021,014,015,025,046
0112,2006/01/12,066,086,105,114,118,117,112,104,103,109,111,122,121,134,126,121,105,077,048,026,005,002,007,025
0112,2006/01/13,045,072,092,107,114,120,114,107,103,102,103,113,129,139,144,145,122,104,073,041,022,006,002,017
0112,2006/01/14,043,062,100,117,124,140,132,121,121,117,103,129,131,140,163,165,152,145,106,070,053,020,015,027
0112,2006/01/15,040,061,093,111,130,148,141,132,125,105,099,105,109,130,146,154,152,138,111,087,050,027,007,-002
0112,2006/01/16,013,034,059,094,109,127,130,121,114,103,088,088,095,109,127,147,149,144,130,103,072,047,020,009
0112,2006/01/17,015,023,054,077,102,122,131,125,117,105,094,086,087,096,107,130,144,143,133,115,082,060,035,013
0112,2006/01/18,011,020,040,066,094,113,130,128,118,110,092,082,080,082,100,118,129,136,135,119,105,078,049,027
0112,2006/01/19,021,026,042,061,088,111,126,124,123,109,093,082,071,072,080,098,114,127,125,124,107,087,065,046
0112,2006/01/20,032,032,040,061,085,103,119,126,123,113,100,085,070,070,065,082,094,106,114,118,111,099,081,062
0112,2006/01/21,048,046,048,060,080,105,120,132,130,124,113,097,079,075,069,078,089,097,108,114,112,109,095,083
0112,2006/01/22,075,067,067,073,086,106,120,129,139,135,124,114,096,083,077,078,083,091,091,097,111,111,094,106
0112,2006/01/23,097,083,094,092,092,115,120,135,144,140,131,116,097,085,071,067,063,063,068,080,084,092,096,095
0112,2006/01/24,101,097,095,098,096,106,117,125,133,140,133,124,108,090,079,068,050,047,042,049,060,068,081,092
0112,2006/01/25,097,101,106,103,104,113,115,123,126,134,134,128,116,106,090,078,060,043,041,035,035,051,064,082
0112,2006/01/26,099,110,122,126,122,126,122,123,129,134,140,144,136,128,118,096,078,060,042,033,028,036,051,072
0112,2006/01/27,090,114,129,134,139,139,134,136,128,136,144,146,145,152,141,126,109,077,054,029,019,020,028,044
0112,2006/01/28,074,098,118,141,143,146,144,131,124,127,129,138,147,150,156,149,126,101,069,035,016,-003,-002,009
0112,2006/01/29,034,062,095,119,130,137,133,125,113,108,112,113,127,141,150,159,144,121,090,049,015,001,-020,-015
0112,2006/01/30,019,032,075,105,118,138,133,123,115,103,091,106,109,129,150,161,161,148,116,083,045,014,-005,-012
0112,2006/01/31,-006,020,051,083,108,130,133,125,110,098,084,080,090,101,128,147,156,156,140,110,077,043,010,-005
0112,2006/02/01,003,014,045,074,096,129,129,132,124,101,086,080,075,085,108,136,158,164,158,150,121,090,056,049
0112,2006/02/02,039,051,059,080,101,130,141,140,127,108,084,069,057,062,074,097,116,135,136,132,119,098,071,050
0112,2006/02/03,036,038,050,076,099,128,140,146,139,121,100,080,063,055,064,074,088,110,128,127,123,104,087,067
0112,2006/02/04,053,051,056,076,094,118,131,142,135,125,109,081,062,044,041,047,066,079,093,106,107,101,094,080
0112,2006/02/05,073,071,072,079,099,116,130,141,136,128,121,090,069,055,039,038,049,054,067,082,087,099,091,091
0112,2006/02/06,083,078,081,089,092,114,123,129,134,134,115,111,089,066,057,043,036,045,049,056,072,074,083,088
0112,2006/02/07,084,095,099,101,110,122,125,139,148,146,145,137,127,111,097,080,067,064,065,070,075,084,101,106
0112,2006/02/08,121,124,131,127,130,132,138,142,143,152,148,144,139,125,112,098,077,064,050,045,049,057,067,084
0112,2006/02/09,096,109,119,117,122,122,115,120,115,119,128,128,125,118,111,097,077,058,041,027,019,024,038,052
0112,2006/02/10,074,093,110,115,117,121,117,110,110,111,115,129,130,131,132,129,102,082,056,032,027,021,027,044
0112,2006/02/11,066,087,114,120,127,128,118,112,108,107,107,120,133,138,148,149,133,112,082,051,032,022,021,030
0112,2006/02/12,054,078,103,121,129,132,121,111,103,094,094,106,115,125,139,144,133,117,089,060,033,009,008,010
0112,2006/02/13,030,060,088,104,120,125,120,111,094,083,082,081,096,115,127,151,145,128,112,079,048,027,012,009
0112,2006/02/14,030,050,080,100,117,129,125,111,096,082,072,065,083,100,119,145,148,143,130,097,074,048,025,020
0112,2006/02/15,032,049,081,104,122,142,135,122,106,086,070,068,075,086,104,130,136,142,131,107,077,057,031,021
0112,2006/02/16,024,036,065,089,108,132,135,121,109,089,066,063,066,070,097,115,134,140,137,129,102,079,064,035
0112,2006/02/17,039,048,065,095,121,131,140,126,114,087,067,059,053,046,069,088,102,126,120,117,103,078,056,042
0112,2006/02/18,032,042,059,074,096,121,124,124,114,090,071,053,039,037,049,064,086,099,108,113,100,088,075,052
0112,2006/02/19,048,051,055,077,095,114,128,130,115,104,076,057,047,030,044,057,068,087,100,106,107,095,077,070
0112,2006/02/20,063,058,068,074,090,115,116,126,122,100,086,069,045,037,042,043,044,063,077,090,096,092,088,081
0112,2006/02/21,076,074,081,088,102,113,120,129,126,118,101,084,067,046,041,039,041,050,063,063,077,083,084,089
0112,2006/02/22,086,086,100,089,103,118,120,131,136,121,112,103,079,067,054,041,037,047,044,050,063,071,083,087
0112,2006/02/23,091,102,107,108,110,117,121,120,130,121,115,110,093,077,066,049,036,028,023,022,029,040,056,071
0112,2006/02/24,082,095,104,106,107,109,108,112,110,110,111,110,106,092,083,066,044,026,014,006,006,007,023,043
0112,2006/02/25,061,082,100,103,110,103,100,096,097,099,105,111,112,110,101,089,065,044,018,-003,-008,-013,002,020
0112,2006/02/26,044,074,098,108,116,113,105,095,093,087,098,111,121,132,130,134,105,079,055,032,-006,004,000,002
0112,2006/02/27,044,063,083,122,116,110,111,091,073,081,065,083,103,108,124,139,115,099,070,028,003,-016,-026,-017
0112,2006/02/28,005,037,069,088,110,112,099,086,069,052,047,056,073,093,117,138,135,123,099,062,033,004,-010,-014
0112,2006/03/01,006,036,062,097,119,126,121,100,082,057,048,049,062,087,111,144,158,161,144,121,082,055,043,029
0112,2006/03/02,035,048,082,112,137,149,145,126,105,073,055,046,047,063,090,121,139,152,142,127,099,071,050,036
0112,2006/03/03,033,052,076,098,126,139,140,127,103,074,048,024,023,028,044,082,103,117,128,121,101,085,062,045
0112,2006/03/04,044,050,070,093,113,133,135,124,111,081,044,031,009,007,023,046,071,097,106,108,104,087,074,063
0112,2006/03/05,050,058,074,087,114,133,135,133,123,092,069,046,023,015,019,032,056,068,088,101,096,094,088,073
0112,2006/03/06,069,078,082,093,118,129,138,141,129,111,092,073,048,033,021,028,041,052,064,079,084,085,086,080
0112,2006/03/07,073,082,087,092,106,122,127,132,133,114,102,083,064,044,031,028,032,038,051,061,070,081,081,085
0112,2006/03/08,090,093,099,102,107,121,128,134,131,123,107,099,084,065,051,040,031,032,032,041,048,058,067,078
0112,2006/03/09,081,087,096,092,099,102,101,108,109,104,100,100,092,078,067,053,041,036,027,024,033,036,054,065
0112,2006/03/10,074,094,103,097,104,103,097,106,101,103,106,108,105,100,092,082,066,046,033,021,023,030,044,061
0112,2006/03/11,076,094,101,107,110,105,101,096,090,093,100,107,116,116,111,108,090,066,051,036,023,026,036,053
0112,2006/03/12,077,099,113,121,127,115,106,097,091,089,098,107,121,131,134,135,120,098,073,057,033,034,033,055
0112,2006/03/13,072,097,117,126,126,121,103,096,087,078,073,090,101,114,128,129,129,115,091,063,041,032,028,042
0112,2006/03/14,063,084,110,124,129,130,113,097,079,068,062,076,088,105,127,136,133,126,104,074,051,033,023,030
0112,2006/03/15,046,074,098,118,129,121,110,091,072,052,049,053,068,089,111,127,141,128,112,088,062,039,031,025
0112,2006/03/16,040,065,094,116,129,128,115,095,076,050,042,043,049,073,098,125,137,143,129,117,083,068,051,048
0112,2006/03/17,055,084,107,133,149,150,141,131,108,078,062,048,050,063,090,120,135,138,142,124,097,088,065,057
0112,2006/03/18,063,068,096,111,130,143,137,114,099,062,041,031,029,044,067,088,112,132,135,130,116,098,083,074
0112,2006/03/19,071,083,101,122,143,156,153,142,118,094,070,044,038,038,048,074,100,116,126,129,118,110,095,084
0112,2006/03/20,081,084,097,115,132,146,149,139,119,090,062,042,030,025,028,047,075,091,108,123,117,115,108,090
0112,2006/03/21,089,090,097,106,126,137,141,138,125,101,077,056,039,027,034,040,057,071,084,099,106,101,101,100
0112,2006/03/22,095,098,102,107,124,136,137,135,132,111,092,075,046,038,034,031,044,054,063,079,092,098,102,110
0112,2006/03/23,102,110,113,114,132,134,144,147,141,134,122,106,084,072,055,054,054,056,062,074,081,090,104,108
0112,2006/03/24,118,121,125,130,130,129,132,129,133,125,120,111,097,082,065,050,044,032,033,036,046,055,069,084
0112,2006/03/25,096,113,114,117,117,115,113,115,113,113,113,112,109,099,085,073,057,040,027,022,025,036,051,070
0112,2006/03/26,091,102,121,120,115,114,108,101,101,102,108,118,125,126,118,109,087,063,042,026,023,022,035,057
0112,2006/03/27,083,103,124,124,123,118,103,092,084,082,094,103,119,134,129,130,115,084,063,038,024,022,027,043
0112,2006/03/28,073,100,123,133,134,125,109,085,071,066,077,090,113,135,150,155,150,130,106,082,057,047,047,056
0112,2006/03/29,081,105,135,156,154,150,131,102,077,061,057,072,092,118,142,153,157,147,127,096,071,052,045,054
0112,2006/03/30,068,098,120,142,147,144,124,095,068,047,035,040,052,085,114,142,155,156,140,117,096,069,063,063
0112,2006/03/31,076,101,123,144,156,150,137,109,075,040,023,011,018,047,073,108,132,138,135,123,108,082,071,066
0112,2006/04/01,071,091,115,136,154,157,144,121,087,050,026,014,012,027,051,078,115,130,137,138,121,103,096,080
0112,2006/04/02,088,101,121,140,158,162,161,143,110,084,057,028,023,027,045,076,105,125,144,145,145,136,119,112
0112,2006/04/03,128,131,142,156,165,185,182,166,144,117,083,060,033,034,039,060,074,092,111,118,124,120,111,104
0112,2006/04/04,106,103,116,123,137,151,156,146,135,109,088,064,044,036,031,041,057,071,089,101,112,110,111,111
0112,2006/04/05,106,114,118,127,137,147,153,154,146,127,114,092,079,063,048,053,057,065,076,091,100,108,110,113
0112,2006/04/06,113,115,122,118,124,126,127,131,127,117,110,099,082,067,052,047,047,046,055,059,074,086,090,102
0112,2006/04/07,111,107,110,110,105,114,118,113,121,117,111,109,097,090,081,067,058,053,048,053,060,075,084,096
0112,2006/04/08,108,112,117,118,110,112,112,111,111,113,116,121,122,118,110,099,084,075,064,057,066,077,085,103
0112,2006/04/09,115,122,130,129,121,112,103,099,097,095,103,109,112,115,109,101,082,065,048,039,037,046,056,075
0112,2006/04/10,093,109,114,113,107,095,088,075,065,070,081,090,102,116,115,115,099,076,062,047,036,042,049,065
0112,2006/04/11,091,107,117,121,113,099,087,072,057,056,060,076,096,110,121,131,114,108,084,060,054,051,047,079
0112,2006/04/12,095,112,133,135,129,117,096,077,064,055,055,070,089,113,131,138,138,127,105,086,069,059,059,073
0112,2006/04/13,090,116,132,142,142,127,106,082,059,044,043,057,071,100,120,137,147,141,124,105,085,069,063,073
0112,2006/04/14,085,114,130,144,148,131,109,082,055,034,027,031,047,073,095,120,134,136,126,108,090,071,062,065
0112,2006/04/15,080,099,120,134,138,131,110,085,051,025,016,009,017,048,071,101,122,133,128,118,100,087,073,071
0112,2006/04/16,092,106,123,144,147,146,141,107,082,056,025,026,030,040,073,099,122,142,138,137,128,107,094,090
0112,2006/04/17,087,103,124,136,153,157,135,122,084,052,031,014,007,020,037,058,089,108,117,121,119,110,096,091
0112,2006/04/18,088,099,112,125,136,143,138,122,096,065,042,020,007,014,025,045,068,085,102,113,114,108,101,099
0112,2006/04/19,094,098,108,118,130,139,137,127,111,082,063,037,019,014,020,031,048,070,084,101,106,110,111,109
0112,2006/04/20,107,107,117,131,135,146,150,149,140,117,102,082,067,052,046,040,046,077,080,100,125,115,130,132
0112,2006/04/21,125,131,133,132,144,147,151,155,145,137,121,104,090,072,056,056,055,056,066,079,091,107,112,122
0112,2006/04/22,127,130,128,127,125,126,128,130,132,125,124,112,101,086,071,057,050,043,046,055,068,082,097,110
0112,2006/04/23,117,131,126,122,118,110,107,112,110,116,124,124,119,111,100,084,067,057,051,054,059,076,091,108
0112,2006/04/24,129,137,136,134,124,113,106,098,099,111,119,131,135,134,126,113,099,076,063,054,057,065,083,102
0112,2006/04/25,117,134,136,135,125,107,089,075,069,077,088,107,124,136,137,132,115,098,078,059,056,059,071,093
0112,2006/04/26,113,127,140,137,122,105,082,058,043,037,051,075,096,119,136,137,133,115,094,079,065,059,075,083
0112,2006/04/27,106,130,137,143,137,112,086,062,030,022,026,047,071,102,127,140,147,138,124,104,090,077,079,090
0112,2006/04/28,109,134,145,151,147,124,097,068,031,012,012,016,038,073,102,128,142,141,131,111,098,087,082,089
0112,2006/04/29,106,125,144,154,151,140,112,080,044,012,002,003,015,043,083,107,135,146,140,133,116,102,091,095
0112,2006/04/30,105,126,139,158,161,155,132,103,069,033,014,004,002,027,059,082,114,133,137,137,126,116,110,104
0112,2006/05/01,115,128,141,160,167,164,153,129,097,059,035,019,012,021,046,066,093,115,128,130,129,121,110,106
0112,2006/05/02,109,113,130,143,156,156,153,134,104,080,051,030,019,022,027,052,070,093,115,117,125,122,109,106
0112,2006/05/03,108,108,115,129,139,146,145,134,115,088,066,043,028,017,020,031,046,066,086,096,105,108,100,098
0112,2006/05/04,099,097,104,112,118,127,132,127,118,101,083,065,046,030,030,027,040,058,071,085,096,101,104,101
0112,2006/05/05,103,100,106,102,114,114,120,126,121,104,096,086,064,058,047,037,048,053,055,077,088,096,110,106
0112,2006/05/06,108,114,110,101,108,108,108,117,111,110,110,101,089,080,070,058,054,056,060,070,083,095,105,114
0112,2006/05/07,115,122,127,107,109,102,098,099,105,103,109,109,106,097,089,081,069,064,062,065,075,096,102,115
0112,2006/05/08,124,122,122,114,101,091,089,085,085,090,100,104,111,111,108,098,086,074,062,065,068,082,094,108
0112,2006/05/09,116,124,122,108,100,081,073,064,060,066,079,090,103,112,112,107,097,084,067,062,065,073,084,102
0112,2006/05/10,115,123,127,115,103,083,065,051,046,045,061,076,094,112,118,119,114,106,086,079,074,078,091,108
0112,2006/05/11,124,141,139,133,118,096,075,056,039,040,045,065,086,105,123,128,124,116,098,084,073,069,074,083
0112,2006/05/12,108,119,128,130,112,094,069,041,019,016,017,037,056,083,107,125,129,123,109,094,083,078,077,087
0112,2006/05/13,108,124,137,135,129,106,081,051,024,008,008,016,038,065,095,116,131,135,125,116,104,093,090,102
0112,2006/05/14,117,135,149,156,149,137,113,079,050,025,008,007,026,055,080,110,130,138,134,125,115,104,095,094
0112,2006/05/15,106,117,138,144,145,132,111,078,045,017,001,-008,000,018,048,076,102,119,122,120,111,105,094,089
0112,2006/05/16,100,108,122,138,143,136,125,093,065,033,004,-004,-008,005,028,053,080,105,112,120,116,108,102,098
0112,2006/05/17,099,107,117,132,143,139,135,113,081,059,024,005,001,-005,016,037,060,084,102,111,115,117,109,105
0112,2006/05/18,103,103,116,128,133,148,142,129,111,080,055,031,013,007,014,028,043,069,087,102,114,114,117,112
0112,2006/05/19,107,109,110,117,129,135,140,134,123,103,084,061,041,031,024,034,046,066,082,103,120,129,132,128
0112,2006/05/20,130,124,121,124,130,129,141,149,135,133,121,099,078,068,054,051,058,063,075,093,104,121,126,127
0112,2006/05/21,124,119,116,103,103,102,106,112,116,118,110,105,090,077,061,052,045,049,053,064,081,091,110,112
0112,2006/05/22,117,112,105,090,087,078,074,085,090,096,107,106,103,094,082,071,061,055,052,065,073,090,107,113
0112,2006/05/23,123,122,113,100,081,070,061,066,067,081,097,110,118,118,113,100,088,079,071,074,084,098,113,128
0112,2006/05/24,136,138,134,113,095,071,055,042,049,056,076,100,111,127,127,118,111,096,085,082,080,092,106,121
0112,2006/05/25,137,144,137,123,097,071,046,027,017,027,039,063,091,108,123,126,121,111,098,089,081,089,104,114
0112,2006/05/26,133,143,142,134,115,085,058,026,006,003,013,033,060,086,110,126,131,125,114,103,092,096,100,112
0112,2006/05/27,132,146,152,142,129,110,071,045,014,-004,-001,012,038,069,100,123,135,133,129,115,114,104,105,114
0112,2006/05/28,128,145,154,158,150,141,104,068,039,012,001,011,029,065,089,119,142,144,147,140,126,122,115,115
0112,2006/05/29,130,145,160,167,167,155,128,098,062,032,013,002,013,037,060,092,118,134,140,139,122,123,114,110
0112,2006/05/30,122,132,146,158,163,155,147,119,085,054,025,013,014,021,050,070,095,123,128,138,131,123,117,109
0112,2006/05/31,109,119,134,141,156,157,148,132,098,074,047,028,017,017,030,053,077,100,121,123,126,124,110,107
0112,2006/06/01,106,104,119,128,137,148,142,130,115,089,063,044,027,021,029,045,063,084,106,117,122,123,116,104
0112,2006/06/02,106,099,103,118,122,134,138,133,122,104,083,066,049,034,036,046,056,083,095,113,123,124,124,109
0112,2006/06/03,108,103,099,107,112,116,125,123,121,111,102,081,068,056,043,048,057,068,089,106,113,128,123,116
0112,2006/06/04,115,105,097,096,102,102,108,114,114,113,109,095,081,068,056,058,057,068,081,093,113,120,124,123
0112,2006/06/05,119,108,099,093,090,087,097,095,106,107,109,107,103,093,082,079,067,074,084,093,109,118,127,129
0112,2006/06/06,126,120,108,100,088,083,077,078,089,091,101,106,112,106,101,089,080,081,081,091,103,114,130,132
0112,2006/06/07,132,131,119,106,092,077,068,067,067,078,089,102,112,117,116,108,101,097,088,093,097,110,123,133
0112,2006/06/08,138,136,124,107,093,070,056,050,048,056,071,089,105,116,129,125,118,113,103,099,103,112,126,134
0112,2006/06/09,142,147,142,125,105,081,056,044,038,045,060,083,097,123,136,145,148,139,127,126,113,120,134,136
0112,2006/06/10,157,161,151,152,130,094,080,052,035,033,036,052,080,107,126,140,145,136,130,116,110,111,116,125
0112,2006/06/11,140,149,154,145,128,105,072,047,019,007,012,024,051,082,105,124,136,142,133,126,115,106,113,117
0112,2006/06/12,129,150,152,152,143,118,093,061,030,005,-002,004,027,049,078,109,126,138,139,125,119,111,108,112
0112,2006/06/13,126,137,147,154,152,137,116,080,045,019,000,-003,008,029,058,089,110,131,136,134,128,118,109,109
0112,2006/06/14,116,129,143,155,158,155,136,102,070,039,014,-001,001,016,041,066,094,122,128,138,138,122,122,107
0112,2006/06/15,109,124,133,147,164,160,149,132,097,070,042,019,011,016,030,055,082,106,127,134,134,132,126,112
0112,2006/06/16,113,117,120,136,150,157,156,145,122,095,066,039,025,020,026,043,062,087,108,121,130,129,123,111
0112,2006/06/17,108,104,109,115,126,142,143,148,137,114,097,070,048,041,033,045,062,078,100,124,125,134,129,119
0112,2006/06/18,112,104,096,102,108,118,131,137,137,129,115,097,083,067,055,060,063,082,102,116,131,140,136,131
0112,2006/06/19,122,109,096,091,089,093,106,110,123,121,116,109,094,083,075,069,066,078,089,103,122,128,137,133
0112,2006/06/20,118,107,093,073,066,067,067,080,095,098,110,113,106,102,092,083,081,083,090,108,118,134,139,137
0112,2006/06/21,136,119,105,084,064,056,053,054,065,082,095,108,116,114,114,109,102,100,107,110,118,135,145,149
0112,2006/06/22,147,139,124,100,079,057,045,041,040,058,074,095,118,122,127,126,122,119,112,115,121,131,146,147
0112,2006/06/23,156,155,139,121,097,071,047,038,031,036,052,074,096,116,131,139,137,128,128,116,119,127,135,144
0112,2006/06/24,159,158,153,139,112,087,055,033,013,009,024,042,072,094,117,128,135,135,127,121,113,113,124,130
0112,2006/06/25,145,156,154,147,132,108,071,046,018,005,005,023,043,073,102,121,135,140,133,124,118,113,117,124
0112,2006/06/26,137,149,161,159,148,129,098,072,036,018,007,013,029,056,089,111,133,141,141,133,128,119,120,120
0112,2006/06/27,131,145,160,168,163,152,127,097,064,034,017,011,024,044,075,102,125,141,146,139,134,124,118,110
0112,2006/06/28,124,134,149,162,163,160,146,118,087,056,031,022,022,034,063,087,113,136,139,141,136,123,120,106
0112,2006/06/29,111,119,134,147,161,160,151,134,103,074,049,030,022,030,047,070,099,119,137,136,133,123,111,101
0112,2006/06/30,102,105,116,132,139,153,149,138,120,093,067,049,036,035,047,064,089,112,131,141,138,129,124,108
0112,2006/07/01,100,110,107,122,139,140,152,149,130,113,095,070,056,052,050,063,085,105,125,139,138,137,128,111
0112,2006/07/02,103,102,093,104,113,122,138,137,130,123,105,088,076,064,065,072,086,103,125,132,147,147,134,127
0112,2006/07/03,112,101,099,095,103,115,120,128,132,124,117,107,087,076,076,077,085,107,118,132,145,143,143,130
0112,2006/07/04,119,106,092,085,088,096,101,109,115,116,118,110,103,097,092,086,095,101,113,125,140,146,143,136
0112,2006/07/05,124,115,097,088,078,077,081,088,098,109,110,112,112,107,104,104,103,108,115,131,140,152,157,149
0112,2006/07/06,150,137,112,100,088,074,081,084,086,102,110,121,127,131,125,128,125,121,127,125,138,152,156,154
0112,2006/07/07,153,142,122,107,086,071,064,055,067,071,084,102,113,122,133,130,130,129,123,122,131,134,147,154
0112,2006/07/08,153,147,133,116,090,072,056,039,042,048,059,080,097,119,131,136,134,132,129,121,121,131,139,143
0112,2006/07/09,154,151,143,128,103,082,053,033,023,021,033,053,076,101,120,135,139,143,132,124,121,121,128,137
0112,2006/07/10,147,157,151,143,122,097,070,040,020,007,013,031,053,079,107,125,141,146,138,128,124,118,122,128
0112,2006/07/11,140,154,161,156,144,121,094,058,030,011,003,011,028,056,087,115,135,143,146,135,128,120,115,118
0112,2006/07/12,135,149,159,168,165,147,121,086,052,025,007,004,018,041,070,100,125,143,151,145,137,124,118,113
0112,2006/07/13,123,137,156,169,173,167,149,120,084,054,025,017,014,030,058,084,114,137,144,148,143,130,118,109
0112,2006/07/14,107,122,135,155,169,174,162,143,112,076,045,031,018,026,050,063,106,125,141,151,143,129,118,103
0112,2006/07/15,092,101,112,127,152,155,157,154,129,099,077,043,035,040,040,067,094,111,140,148,140,138,127,104
0112,2006/07/16,096,089,087,110,123,138,158,154,139,130,102,077,065,059,055,075,094,116,139,151,149,153,134,113
0112,2006/07/17,102,085,085,083,095,116,129,141,144,131,120,105,090,075,075,088,098,120,137,146,158,154,146,127
0112,2006/07/18,107,093,072,072,075,086,107,114,121,125,121,114,102,095,092,095,102,117,133,150,157,161,156,137
0112,2006/07/19,123,104,085,072,064,074,082,092,106,116,115,126,122,112,116,115,117,127,133,146,158,160,161,152
0112,2006/07/20,134,118,096,077,065,052,059,068,074,090,105,114,121,127,125,125,125,129,134,142,153,157,162,160
0112,2006/07/21,153,137,124,095,077,066,055,054,062,071,086,107,120,129,143,143,143,141,141,143,151,161,162,161
0112,2006/07/22,166,157,143,126,101,078,060,043,042,054,065,082,106,121,140,146,147,143,138,138,133,140,151,154
0112,2006/07/23,165,161,152,140,119,093,067,046,032,031,042,060,084,109,129,140,150,140,136,133,125,130,135,142
0112,2006/07/24,154,165,163,155,139,111,088,057,036,025,027,040,062,090,112,132,145,145,142,132,122,121,121,127
0112,2006/07/25,144,156,162,164,151,135,109,074,047,022,016,028,042,071,098,121,138,146,137,133,117,110,107,111
0112,2006/07/26,126,139,153,162,159,146,123,093,059,035,021,020,034,058,087,112,131,145,141,133,123,106,103,100
0112,2006/07/27,114,127,145,162,164,159,145,112,086,055,037,028,030,053,079,105,129,146,148,141,127,112,100,096
0112,2006/07/28,100,112,132,148,159,164,153,132,108,077,049,040,035,048,077,098,128,153,151,153,138,119,110,098
0112,2006/07/29,091,106,118,136,152,160,160,147,123,092,075,055,047,056,072,094,123,137,155,152,138,129,108,090
0112,2006/07/30,092,087,103,121,132,146,150,144,132,112,086,070,060,057,071,090,118,136,149,156,146,133,118,098
0112,2006/07/31,087,081,089,099,118,130,140,143,130,120,102,084,074,069,076,094,110,132,146,154,149,139,125,104
0112,2006/08/01,088,080,080,089,096,112,124,127,129,120,109,101,087,080,082,092,105,128,140,147,149,144,127,109
0112,2006/08/02,094,077,068,070,070,088,097,109,117,110,110,102,092,089,091,096,105,118,129,142,146,143,131,115
0112,2006/08/03,098,083,070,062,061,071,078,087,096,103,106,106,099,102,102,103,111,117,124,139,140,146,138,126
0112,2006/08/04,114,091,080,067,058,059,065,069,081,092,099,110,111,117,118,120,121,127,130,140,146,150,146,142
0112,2006/08/05,129,116,098,082,067,060,052,057,066,072,091,101,114,124,132,132,133,134,133,134,141,146,150,146
0112,2006/08/06,143,132,115,098,076,059,047,041,042,047,066,086,104,118,132,138,143,138,134,133,129,141,143,147
0112,2006/08/07,152,146,136,118,097,072,052,035,022,032,039,063,088,107,132,142,146,146,139,133,130,131,136,150
0112,2006/08/08,153,160,156,142,125,102,067,045,026,019,023,036,062,097,120,143,153,153,148,138,128,122,131,137
0112,2006/08/09,151,161,170,166,155,127,097,061,035,017,013,024,049,076,105,131,149,153,150,139,121,117,109,117
0112,2006/08/10,135,151,166,179,173,149,132,092,058,036,018,020,037,063,093,127,148,159,159,139,132,115,101,105
0112,2006/08/11,116,131,158,176,175,177,156,124,092,054,034,025,033,054,080,112,138,154,156,148,132,111,094,086
0112,2006/08/12,087,106,132,150,170,176,166,151,113,083,059,039,040,051,070,107,133,150,157,152,139,118,088,078
0112,2006/08/13,075,080,105,123,146,163,167,156,133,110,085,065,055,063,084,107,131,153,158,164,149,127,104,080
0112,2006/08/14,063,064,075,090,117,141,152,156,142,124,109,087,077,080,090,109,133,154,163,171,163,142,119,092
0112,2006/08/15,073,065,064,072,094,113,132,142,141,133,120,109,098,095,101,117,137,150,166,176,168,159,133,113
0112,2006/08/16,092,071,062,066,076,090,112,121,130,131,127,122,117,114,118,128,139,157,167,175,179,166,151,130
0112,2006/08/17,111,092,076,067,066,074,088,100,110,119,124,123,123,128,127,131,142,148,157,168,169,165,157,144
0112,2006/08/18,129,112,093,078,068,064,070,080,088,101,113,116,128,132,136,140,143,145,152,158,159,165,161,154
0112,2006/08/19,140,131,115,093,077,064,059,059,066,076,092,103,118,128,137,141,142,142,141,142,148,151,152,155
0112,2006/08/20,153,143,135,116,091,076,9999,043,052,052,069,085,105,121,131,141,140,135,133,128,130,134,138,145
0112,2006/08/21,148,149,147,130,108,088,064,044,035,035,049,065,088,109,131,137,140,137,126,122,117,117,118,130
0112,2006/08/22,143,151,154,146,134,108,082,054,038,028,032,054,071,099,120,135,143,141,128,120,106,103,104,116
0112,2006/08/23,130,143,156,158,146,132,103,074,050,032,032,042,063,092,117,139,148,147,137,120,109,100,097,102
0112,2006/08/24,119,137,154,164,160,147,125,094,065,045,037,042,057,085,112,134,150,153,139,124,110,091,087,088
0112,2006/08/25,102,119,143,155,160,157,138,108,082,053,040,039,048,073,102,126,146,151,140,127,110,089,075,075
0112,2006/08/26,082,100,126,144,155,161,145,124,100,068,054,045,049,069,097,123,145,153,145,137,114,096,074,064
0112,2006/08/27,077,081,106,131,141,154,152,132,109,089,066,057,060,069,096,121,139,156,159,143,125,104,081,067
0112,2006/08/28,070,074,092,116,133,149,152,146,128,107,090,069,073,080,094,125,143,158,162,151,137,114,089,073
0112,2006/08/29,066,066,082,101,118,138,144,145,136,118,106,092,086,092,101,125,143,156,165,165,146,127,106,085
0112,2006/08/30,071,073,073,087,104,123,138,144,143,130,119,115,106,103,113,129,145,162,169,167,159,141,118,097
0112,2006/08/31,082,075,073,079,091,107,127,133,139,136,127,127,125,119,128,133,147,160,164,171,166,152,132,115
0112,2006/09/01,096,082,078,073,079,091,103,110,123,125,129,127,129,128,134,140,147,153,160,167,165,156,142,130
0112,2006/09/02,113,096,082,075,071,074,079,092,100,114,120,124,133,136,136,140,144,143,149,157,155,156,146,135
0112,2006/09/03,125,105,093,079,065,062,062,065,070,089,100,111,129,132,143,150,144,145,145,142,148,147,147,146
0112,2006/09/04,138,127,113,092,075,060,053,044,052,066,080,100,121,133,144,152,152,148,144,141,139,143,145,154
0112,2006/09/05,156,152,145,126,104,086,061,051,046,049,068,092,114,136,155,165,165,157,144,136,134,137,138,156
0112,2006/09/06,161,165,170,153,133,111,081,060,043,039,049,063,092,117,142,158,164,157,140,127,119,110,110,139
0112,2006/09/07,148,169,181,168,160,141,101,073,045,032,041,047,074,103,130,154,164,156,142,123,106,093,089,099
0112,2006/09/08,121,144,165,175,173,153,127,093,059,043,031,040,062,086,118,146,158,161,144,122,100,078,068,073
0112,2006/09/09,093,117,149,169,176,173,152,122,090,064,052,047,064,088,116,145,164,164,153,132,101,075,059,053
0112,2006/09/10,064,085,117,145,162,172,163,142,117,087,066,061,068,089,114,141,162,169,160,141,115,082,061,043
0112,2006/09/11,040,054,084,112,136,158,156,146,129,107,088,080,077,087,114,134,160,167,160,154,126,093,063,040
0112,2006/09/12,028,036,053,076,104,126,142,143,127,118,104,091,087,093,114,131,154,164,169,157,146,110,087,059
0112,2006/09/13,039,037,041,057,081,108,121,137,130,123,120,108,103,110,113,135,153,162,174,166,156,136,106,084
0112,2006/09/14,061,048,051,051,065,087,101,118,119,122,123,114,112,114,121,131,145,157,165,166,159,143,124,098
0112,2006/09/15,080,063,054,050,052,066,075,088,100,106,113,114,117,116,125,128,139,149,148,156,156,144,133,119
0112,2006/09/16,100,085,070,057,053,055,059,072,082,091,102,113,115,121,126,127,134,130,140,141,143,144,133,128
0112,2006/09/17,121,108,098,081,065,057,060,057,065,080,089,105,119,122,130,135,130,130,126,126,131,134,133,140
0112,2006/09/18,137,129,123,106,086,075,064,058,064,070,085,110,123,135,143,147,145,138,126,126,128,131,134,140
0112,2006/09/19,149,150,143,134,111,092,074,058,054,057,072,095,113,131,143,147,145,132,119,114,112,111,116,130
0112,2006/09/20,143,151,157,146,131,107,086,066,052,050,064,079,101,126,139,149,146,134,116,102,091,088,095,109
0112,2006/09/21,125,141,151,152,141,126,099,072,057,047,054,069,090,114,137,149,151,140,116,101,088,074,076,089
0112,2006/09/22,111,127,149,156,150,142,118,090,067,055,055,065,086,108,135,147,153,146,123,106,080,066,062,072
0112,2006/09/23,092,113,136,151,154,149,133,108,085,063,060,064,079,107,134,150,162,152,135,114,089,067,060,063
0112,2006/09/24,075,100,125,147,160,160,150,124,107,084,073,076,086,110,134,150,169,161,150,121,097,071,053,048
0112,2006/09/25,062,077,106,131,147,153,151,137,113,099,081,076,085,104,120,148,163,160,152,129,098,075,053,043
0112,2006/09/26,050,062,087,116,137,150,154,142,127,113,092,088,095,104,123,150,160,167,162,138,118,088,062,048
0112,2006/09/27,051,057,081,105,126,154,158,152,149,135,114,116,109,115,135,150,172,177,170,161,146,111,087,065
0112,2006/09/28,056,064,068,086,110,126,141,148,138,134,126,117,112,119,126,139,160,161,163,158,136,113,090,069
0112,2006/09/29,056,051,054,067,083,102,120,127,132,131,125,120,120,122,128,140,152,157,161,159,147,123,106,085
0112,2006/09/30,065,058,054,057,064,080,096,106,117,121,124,124,125,128,131,138,146,151,153,152,146,137,118,100
0112,2006/10/01,085,069,059,056,057,062,075,084,097,104,115,119,125,129,133,136,143,141,148,149,143,140,132,120
0112,2006/10/02,108,093,080,069,060,060,065,066,084,094,107,124,134,141,148,150,147,146,139,144,146,148,142,145
0112,2006/10/03,128,126,107,092,078,068,062,055,068,078,097,119,129,141,149,152,147,133,128,125,126,131,136,142
0112,2006/10/04,146,143,132,116,095,075,060,047,050,061,079,101,123,136,150,150,142,131,116,104,104,106,119,133
0112,2006/10/05,145,154,156,142,122,099,077,058,048,054,066,086,115,134,154,159,150,135,116,095,088,087,098,121
0112,2006/10/06,134,161,171,167,158,137,112,089,075,063,080,097,127,154,174,190,190,170,147,125,109,100,103,123
0112,2006/10/07,160,185,207,216,210,202,177,147,122,112,112,122,142,168,196,213,210,196,168,135,106,086,081,090
0112,2006/10/08,118,151,183,201,209,204,185,161,131,117,106,109,126,150,171,191,190,182,157,123,090,058,045,043
0112,2006/10/09,055,088,121,148,173,178,169,155,134,113,103,106,116,133,158,176,189,182,159,132,097,060,038,029
0112,2006/10/10,030,055,088,116,144,164,160,157,142,124,113,113,115,130,155,170,186,187,169,150,114,082,053,033
0112,2006/10/11,027,041,059,090,115,140,157,152,149,140,128,126,126,132,151,169,182,185,181,161,132,109,073,053
0112,2006/10/12,042,030,049,066,090,118,129,139,140,131,127,125,120,126,142,151,171,174,172,162,145,120,095,068
0112,2006/10/13,048,042,044,053,071,089,104,118,127,128,125,125,124,124,133,144,154,161,164,159,143,132,110,088
0112,2006/10/14,075,054,052,052,060,071,085,101,110,115,120,124,121,124,128,130,142,142,147,154,141,134,123,108
0112,2006/10/15,092,084,064,059,062,055,068,085,091,104,113,118,125,123,123,129,127,132,129,134,133,132,131,120
0112,2006/10/16,110,107,089,075,074,065,066,079,080,096,111,117,128,128,131,132,123,119,117,114,117,121,123,125
0112,2006/10/17,123,116,109,092,078,069,061,059,071,079,096,113,122,128,130,130,118,110,099,096,101,101,112,120
0112,2006/10/18,124,127,125,110,096,080,065,059,062,070,082,101,118,127,134,130,117,103,091,082,076,079,091,108
0112,2006/10/19,117,131,134,124,114,098,082,065,063,067,080,105,118,135,145,142,133,116,091,081,068,071,080,095
0112,2006/10/20,115,129,145,143,135,120,099,080,073,071,079,100,121,134,153,151,140,117,097,073,058,056,057,073
0112,2006/10/21,096,118,135,145,141,128,111,088,072,069,073,089,110,128,140,150,138,118,098,066,046,036,037,047
0112,2006/10/22,073,096,122,139,141,140,117,101,088,073,076,089,104,130,150,157,158,143,112,084,060,040,036,046
0112,2006/10/23,063,095,117,141,155,156,141,130,111,096,092,100,110,134,155,166,169,156,129,102,074,051,040,038
0112,2006/10/24,056,080,104,134,152,164,155,147,133,111,108,099,112,128,149,154,172,161,139,115,084,057,040,034
0112,2006/10/25,042,061,087,111,141,152,152,148,133,118,112,110,111,129,146,160,171,163,149,127,092,067,042,029
0112,2006/10/26,033,044,067,091,116,132,147,144,134,127,114,110,112,119,137,153,161,163,153,130,103,077,048,032
0112,2006/10/27,026,028,045,069,090,110,127,133,132,123,119,115,113,121,130,145,155,161,152,142,120,093,068,045
0112,2006/10/28,033,032,038,053,072,090,110,120,128,128,125,123,123,120,134,142,150,159,157,151,137,113,093,071
0112,2006/10/29,055,046,047,045,064,078,096,113,124,129,132,135,129,132,137,142,148,153,150,154,143,128,112,094
0112,2006/10/30,075,064,054,049,057,066,079,092,105,115,122,128,126,128,131,129,127,130,132,137,134,131,122,110
0112,2006/10/31,094,084,067,062,058,059,065,076,091,105,118,130,135,136,137,131,125,122,122,123,125,132,129,126
0112,2006/11/01,124,112,096,087,074,064,064,068,078,095,110,126,135,137,139,130,122,108,096,099,100,107,119,124
0112,2006/11/02,133,129,115,104,086,069,061,059,068,080,100,120,135,141,145,135,122,100,091,076,072,084,098,116
0112,2006/11/03,136,141,142,132,111,094,079,068,070,076,090,115,129,143,155,142,124,104,071,053,047,050,068,092
0112,2006/11/04,113,135,146,143,136,115,093,083,071,075,086,107,128,144,155,150,132,102,072,042,024,026,033,058
0112,2006/11/05,085,116,139,147,150,137,117,103,091,079,091,110,124,150,163,159,152,124,087,054,026,012,013,025
0112,2006/11/06,058,093,122,143,157,153,137,126,108,097,102,111,128,151,165,172,167,144,115,079,039,016,005,013
0112,2006/11/07,038,069,099,135,151,160,161,150,135,124,115,128,139,152,166,186,169,151,133,099,052,029,006,-006
0112,2006/11/08,007,033,068,093,126,138,140,140,127,115,106,108,121,129,150,165,168,158,144,110,079,047,015,007
0112,2006/11/09,-001,015,045,065,101,124,128,134,128,113,112,111,110,123,140,151,164,160,154,132,103,074,048,023
0112,2006/11/10,016,020,032,054,078,104,116,127,129,120,122,114,110,121,133,144,156,161,158,145,120,099,071,050
0112,2006/11/11,042,030,032,050,065,093,110,128,133,134,129,132,129,133,140,147,159,163,172,167,153,141,112,092
0112,2006/11/12,067,063,065,062,075,093,101,123,142,138,138,144,128,131,136,130,142,150,149,147,141,130,122,107
0112,2006/11/13,090,080,068,065,075,081,091,111,124,130,136,135,130,134,126,124,128,126,130,130,132,129,127,120
0112,2006/11/14,105,093,086,074,075,079,089,099,117,123,138,140,141,141,132,124,120,111,112,117,114,127,128,126
0112,2006/11/15,128,118,110,097,087,095,083,088,114,120,133,148,138,142,135,116,116,103,095,102,102,104,113,132
0112,2006/11/16,125,130,124,110,102,086,071,083,084,095,134,130,133,141,123,121,112,095,081,072,071,081,090,105
0112,2006/11/17,118,126,127,117,104,094,088,086,085,096,112,121,137,141,137,129,109,083,072,055,049,062,068,090
0112,2006/11/18,112,120,133,134,123,114,099,086,090,095,107,126,137,143,150,137,119,097,070,051,045,041,050,074
0112,2006/11/19,089,114,134,130,135,127,105,099,088,086,098,116,129,143,153,145,124,104,075,049,036,027,029,050
0112,2006/11/20,073,099,128,144,147,152,130,122,110,110,112,133,143,158,171,162,154,129,099,073,041,031,030,041
0112,2006/11/21,066,094,122,144,152,151,144,129,120,112,109,119,134,148,161,161,157,134,104,072,040,019,016,019
0112,2006/11/22,039,068,092,125,138,146,147,135,123,119,111,114,129,138,153,155,156,134,110,077,045,021,001,002
0112,2006/11/23,014,034,065,096,116,133,135,129,123,111,102,100,111,122,143,151,154,147,127,094,069,036,015,007
0112,2006/11/24,010,028,055,086,106,131,142,138,137,123,109,110,110,120,135,145,153,149,136,112,088,058,028,012
0112,2006/11/25,007,012,034,054,079,108,120,129,129,120,117,110,106,115,123,135,146,151,143,128,103,078,051,024
0112,2006/11/26,019,012,024,043,059,087,105,116,125,124,118,115,114,115,121,126,140,144,145,140,117,100,079,052
0112,2006/11/27,037,032,027,042,060,077,100,122,136,144,141,139,137,136,134,141,144,154,153,160,150,136,118,102
0112,2006/11/28,084,072,068,067,074,087,103,113,132,134,144,138,133,132,120,121,121,129,123,136,133,130,122,112
0112,2006/11/29,088,078,071,059,063,068,079,097,115,124,133,137,126,120,114,101,096,100,093,104,108,112,116,114
0112,2006/11/30,101,093,082,073,067,070,075,088,099,111,130,133,133,132,120,100,094,082,074,080,087,099,115,120
0112,2006/12/01,120,128,111,104,091,085,089,091,101,114,131,137,143,143,131,116,094,071,058,054,057,074,091,106
0112,2006/12/02,125,131,133,130,119,108,106,102,106,121,132,149,155,155,154,128,109,079,050,039,031,039,059,080
0112,2006/12/03,099,121,137,137,126,121,113,104,105,111,122,136,150,152,151,139,111,080,050,023,009,011,023,047
0112,2006/12/04,075,101,125,138,137,133,124,116,111,112,120,131,148,156,158,149,128,098,065,023,006,-009,-006,016
0112,2006/12/05,040,072,107,125,130,138,127,118,109,105,113,120,133,150,163,154,146,122,083,055,014,-010,-016,-011
0112,2006/12/06,010,045,076,103,124,133,131,127,115,106,106,108,122,137,148,156,152,129,105,066,032,007,-013,-017
0112,2006/12/07,-001,020,051,085,111,125,130,130,121,117,112,109,125,135,150,166,165,158,137,104,072,033,006,-006
0112,2006/12/08,001,012,037,071,094,118,124,130,122,117,108,103,109,117,137,149,154,150,138,120,091,058,030,012
0112,2006/12/09,001,012,026,054,076,103,120,127,128,121,114,102,105,107,120,133,148,152,146,131,110,088,063,039
0112,2006/12/10,027,026,035,052,072,099,118,127,134,126,121,111,105,103,110,118,129,139,140,135,120,104,084,057
0112,2006/12/11,043,037,037,048,067,083,105,119,121,121,114,102,099,092,088,103,105,111,121,118,110,110,082,071
0112,2006/12/12,061,041,042,051,053,081,094,103,122,132,114,118,105,091,099,095,090,107,109,108,116,108,100,095
0112,2006/12/13,077,068,066,052,066,084,088,108,122,130,130,125,116,111,104,098,090,089,097,104,104,111,105,105
0112,2006/12/14,099,091,084,075,083,083,093,106,116,135,124,131,125,111,105,093,080,079,074,080,092,093,095,105
0112,2006/12/15,099,103,106,094,088,097,091,100,109,126,132,135,135,128,113,099,083,070,066,064,065,075,087,102
0112,2006/12/16,107,113,114,111,096,096,097,101,116,126,134,138,142,133,123,109,090,074,055,048,059,061,079,090
0112,2006/12/17,105,127,133,127,129,121,108,118,102,139,140,138,158,142,149,128,106,089,076,054,046,042,055,073
0112,2006/12/18,102,124,133,142,136,122,122,119,112,120,125,124,141,139,134,125,102,074,051,024,012,015,023,037
0112,2006/12/19,066,086,106,122,123,118,120,108,102,106,104,117,129,139,137,131,113,082,054,026,005,001,001,011
0112,2006/12/20,039,067,093,116,121,123,121,109,104,102,104,110,126,135,145,145,128,109,076,041,019,000,-008,002
0112,2006/12/21,022,051,081,109,122,131,136,122,120,112,105,116,123,137,148,163,145,131,104,069,039,015,-006,000
0112,2006/12/22,014,041,067,091,115,134,141,134,127,128,112,109,119,132,162,169,163,151,128,096,059,032,007,002
0112,2006/12/23,002,019,048,074,104,128,135,136,130,123,116,109,110,128,139,153,162,162,146,125,094,061,033,011
0112,2006/12/24,008,015,034,058,085,110,124,129,130,121,113,099,097,105,114,133,145,148,147,129,100,075,043,019
0112,2006/12/25,010,008,021,041,061,088,110,116,123,118,106,098,088,085,095,109,124,135,135,127,111,094,066,038
0112,2006/12/26,022,016,020,036,052,077,100,113,125,124,110,093,087,076,078,090,101,114,123,128,126,115,103,085
0112,2006/12/27,070,064,069,082,100,105,143,155,160,170,153,143,136,111,112,109,097,109,126,131,138,144,123,113
0112,2006/12/28,100,083,084,078,083,102,122,131,153,162,151,144,131,111,098,091,083,096,099,108,118,125,125,126
0112,2006/12/29,118,108,103,092,104,112,119,135,147,157,159,153,138,127,106,087,079,061,063,076,079,099,110,113
0112,2006/12/30,116,119,109,107,107,105,115,124,129,149,148,146,142,126,111,089,069,050,041,041,049,064,078,092
0112,2006/12/31,106,116,116,119,115,114,118,116,127,134,143,146,144,134,117,103,077,047,030,021,019,032,047,065
