MA11,2005/01/01,141,139,147,163,184,206,224,232,233,227,216,205,196,193,197,207,216,224,228,223,211,195,174,153
MA11,2005/01/02,138,131,134,145,162,182,202,214,219,216,207,195,184,178,177,184,192,199,206,209,205,196,182,165
MA11,2005/01/03,149,139,137,141,152,170,189,204,213,216,212,201,189,180,175,175,179,184,191,198,202,201,197,188
MA11,2005/01/04,177,168,165,165,172,184,201,215,226,233,232,222,210,196,182,174,171,172,176,183,190,195,198,195
MA11,2005/01/05,190,185,179,174,175,181,191,204,215,223,224,217,206,192,177,163,152,145,144,148,157,167,177,184
MA11,2005/01/06,189,189,186,182,179,180,186,194,205,216,222,221,213,201,186,169,152,139,133,132,138,151,166,180
MA11,2005/01/07,193,204,209,208,206,206,206,208,216,226,234,237,235,226,211,192,169,147,130,119,117,125,140,160
MA11,2005/01/08,181,199,210,215,215,212,208,205,207,214,223,230,233,230,220,203,178,150,124,105,095,097,110,131
MA11,2005/01/09,158,186,209,225,232,233,228,220,215,217,224,232,241,246,244,233,212,182,149,119,099,090,093,108
MA11,2005/01/10,134,163,191,213,226,231,228,219,212,210,212,220,231,243,251,250,237,212,179,143,111,091,084,089
MA11,2005/01/11,108,137,170,198,219,232,234,228,220,214,212,215,223,236,250,258,254,235,206,171,135,104,086,081
MA11,2005/01/12,091,117,147,178,206,225,234,233,225,216,209,205,211,224,239,254,259,250,229,200,165,131,105,091
MA11,2005/01/13,092,107,131,160,189,212,224,225,218,208,197,188,187,195,211,231,245,247,238,217,188,156,126,104
MA11,2005/01/14,095,101,118,142,169,194,210,216,212,203,190,178,170,173,187,204,221,232,231,223,204,175,148,124
MA11,2005/01/15,109,109,121,138,162,187,206,215,215,207,195,180,168,163,168,182,200,214,223,224,215,199,178,156
MA11,2005/01/16,142,137,142,156,176,198,219,233,238,235,224,209,195,186,183,189,202,215,225,231,232,227,215,199
MA11,2005/01/17,187,181,180,186,199,215,231,243,248,246,236,220,202,186,175,172,175,182,191,200,207,208,203,194
MA11,2005/01/18,185,178,176,178,186,200,214,225,232,233,227,215,198,182,167,157,152,154,159,166,175,183,186,186
MA11,2005/01/19,184,183,181,180,185,195,205,216,225,229,228,221,208,194,180,166,155,149,147,150,160,171,181,188
MA11,2005/01/20,194,198,199,200,202,207,213,221,228,235,237,235,228,216,201,185,169,154,145,142,147,157,169,182
MA11,2005/01/21,193,203,209,210,210,211,213,215,219,225,231,233,231,224,213,196,177,157,138,127,125,131,143,159
MA11,2005/01/22,176,193,204,208,210,209,207,204,205,209,215,222,225,224,218,207,188,165,142,122,112,113,123,139
MA11,2005/01/23,160,181,198,208,213,213,208,203,199,200,206,214,222,228,228,221,206,183,156,131,113,106,110,124
MA11,2005/01/24,145,170,192,207,216,218,214,207,201,199,202,209,219,230,238,238,229,211,184,156,131,115,110,118
MA11,2005/01/25,138,164,191,211,224,229,226,219,209,202,202,206,216,229,240,245,240,224,199,169,140,118,107,108
MA11,2005/01/26,123,148,175,200,219,228,227,219,207,197,192,194,202,217,232,242,243,232,210,182,152,126,108,102
MA11,2005/01/27,112,132,159,186,207,219,222,217,205,191,183,181,188,203,220,236,244,241,225,199,168,139,116,104
MA11,2005/01/28,107,123,147,173,197,214,221,216,205,191,179,172,173,183,199,217,229,232,224,206,182,154,129,112
MA11,2005/01/29,108,117,138,163,188,210,221,220,210,197,182,172,168,174,190,207,223,234,234,224,206,183,160,144
MA11,2005/01/30,136,140,154,173,197,219,231,233,225,210,193,178,168,169,178,194,210,221,227,225,212,193,172,152
MA11,2005/01/31,141,140,148,165,187,208,226,233,228,217,202,186,174,169,172,183,196,210,220,224,222,211,196,182
MA11,2005/02/01,170,165,171,182,200,220,237,247,247,238,223,206,188,177,174,179,189,200,209,218,221,218,211,200
MA11,2005/02/02,190,185,185,189,201,217,231,241,244,237,224,208,189,171,160,156,159,166,174,184,194,199,200,197
MA11,2005/02/03,192,188,187,188,194,204,216,226,231,229,221,208,190,172,157,147,143,143,147,155,166,177,185,191
MA11,2005/02/04,195,197,197,198,201,206,214,222,228,231,229,221,208,192,175,159,146,137,133,136,144,157,171,185
MA11,2005/02/05,197,207,214,216,216,218,221,225,230,234,236,233,225,213,197,178,159,141,127,121,123,132,146,165
MA11,2005/02/06,184,201,215,222,223,222,220,218,219,222,226,228,227,222,213,195,172,147,123,105,096,098,109,128
MA11,2005/02/07,152,176,196,211,217,217,213,207,203,203,209,217,225,227,225,216,196,169,139,112,092,084,088,103
MA11,2005/02/08,127,156,184,205,217,221,217,209,200,196,198,207,220,232,239,237,226,202,169,136,108,089,082,089
MA11,2005/02/09,109,137,168,194,212,221,220,209,196,186,184,190,203,220,237,246,244,229,202,167,133,105,090,090
MA11,2005/02/10,104,129,160,191,215,229,230,221,208,193,181,179,188,204,227,245,252,247,229,198,164,133,109,099
MA11,2005/02/11,103,121,148,177,201,218,222,215,199,180,164,155,157,171,194,217,234,240,231,211,183,151,124,109
MA11,2005/02/12,106,118,141,167,192,211,218,213,198,177,156,142,136,143,161,186,208,222,225,214,194,169,144,125
MA11,2005/02/13,118,124,141,165,190,210,221,220,209,190,167,148,135,133,145,166,186,205,215,213,202,185,165,147
MA11,2005/02/14,138,138,148,167,187,205,218,220,211,195,173,153,136,127,129,141,159,177,191,197,196,187,174,160
MA11,2005/02/15,152,150,156,170,189,206,219,225,222,209,191,171,151,136,130,133,145,158,171,181,186,185,179,173
MA11,2005/02/16,167,166,169,179,192,206,219,226,225,217,205,188,168,153,143,138,142,151,161,172,181,187,189,187
MA11,2005/02/17,187,189,189,194,203,213,223,230,231,227,218,203,188,172,156,146,139,138,143,149,156,165,171,176
MA11,2005/02/18,181,184,187,191,194,199,205,209,211,210,205,198,187,174,160,145,133,125,121,121,128,138,149,161
MA11,2005/02/19,171,180,187,190,193,195,199,202,205,206,208,209,204,197,188,175,160,146,135,130,132,140,152,168
MA11,2005/02/20,186,201,210,217,220,220,218,217,215,216,219,221,222,220,213,202,184,162,143,129,122,125,135,150
MA11,2005/02/21,169,187,202,211,213,210,205,200,196,196,200,206,213,218,218,210,195,173,149,127,112,108,115,129
MA11,2005/02/22,150,173,192,204,210,208,200,191,183,179,182,191,201,212,217,216,205,184,158,132,110,100,101,113
MA11,2005/02/23,134,161,185,204,215,215,209,200,190,185,187,194,206,220,230,233,227,210,185,156,129,112,105,111
MA11,2005/02/24,129,154,179,199,212,216,208,194,178,166,162,167,180,197,215,227,229,220,199,172,143,120,108,108
MA11,2005/02/25,122,147,175,200,217,223,218,204,187,172,163,163,172,190,213,231,240,238,223,199,171,144,125,119
MA11,2005/02/26,126,146,172,195,214,223,221,208,189,168,153,148,153,169,192,213,228,232,224,205,179,152,131,119
MA11,2005/02/27,121,137,161,185,208,221,222,211,190,168,149,137,135,147,167,190,210,221,222,211,191,169,146,131
MA11,2005/02/28,129,139,158,183,206,221,226,217,199,175,154,138,131,135,150,172,194,212,219,215,201,182,163,147
MA11,2005/03/01,140,145,160,179,200,218,225,221,205,181,158,137,123,119,128,143,163,181,193,198,195,185,171,158
MA11,2005/03/02,151,152,160,175,194,211,220,220,210,190,168,146,128,118,120,130,144,161,176,187,191,189,182,175
MA11,2005/03/03,170,169,173,182,195,209,219,222,216,201,181,160,139,124,118,119,125,136,150,161,170,176,177,176
MA11,2005/03/04,177,177,180,187,195,206,217,222,222,215,200,184,165,147,137,130,128,133,140,150,163,173,181,188
MA11,2005/03/05,193,196,199,202,206,212,217,221,221,216,208,195,180,163,146,132,123,117,115,119,128,140,153,166
MA11,2005/03/06,178,189,196,200,202,204,205,207,210,210,210,206,198,186,172,155,138,122,111,105,107,116,131,149
MA11,2005/03/07,167,185,197,203,205,203,199,197,197,199,203,208,208,205,196,181,160,138,119,104,097,101,114,133
MA11,2005/03/08,157,180,197,208,212,208,201,193,188,188,192,200,209,215,216,208,191,166,141,118,102,098,105,122
MA11,2005/03/09,148,173,194,209,214,210,200,186,174,169,171,182,197,212,223,225,215,193,163,133,109,094,092,102
MA11,2005/03/10,124,153,180,200,211,210,199,182,164,152,150,159,177,198,218,231,231,217,192,161,133,112,102,108
MA11,2005/03/11,126,153,181,206,221,225,215,195,173,154,145,149,165,189,216,238,249,246,231,207,180,156,142,140
MA11,2005/03/12,151,174,201,225,242,247,239,220,195,170,154,149,155,175,201,227,244,249,241,222,196,169,150,143
MA11,2005/03/13,148,166,190,214,233,242,237,220,195,166,143,130,130,142,166,194,218,231,233,223,204,183,164,153
MA11,2005/03/14,153,165,184,207,226,238,237,224,200,172,145,125,116,120,136,160,184,203,213,210,199,183,167,156
MA11,2005/03/15,153,159,174,192,210,223,226,216,197,171,144,122,109,105,114,132,154,174,189,195,192,184,174,166
MA11,2005/03/16,163,167,177,192,209,222,227,222,208,186,162,140,122,112,113,123,138,155,170,180,184,181,175,170
MA11,2005/03/17,167,170,177,188,202,214,222,222,213,198,180,162,145,133,130,134,144,158,172,186,195,198,198,198
MA11,2005/03/18,198,200,204,212,221,229,235,236,230,220,207,191,175,161,150,144,143,146,152,161,170,177,181,184
MA11,2005/03/19,186,189,192,195,198,203,207,208,207,201,194,185,173,160,149,138,131,128,128,132,141,150,160,169
MA11,2005/03/20,178,185,190,191,193,195,196,198,198,197,196,194,188,180,171,160,148,138,132,131,137,147,160,173
MA11,2005/03/21,186,196,202,203,202,198,193,190,189,189,192,195,196,193,186,176,161,144,130,122,121,128,140,157
MA11,2005/03/22,174,189,199,203,202,197,189,183,179,180,186,194,201,205,205,199,185,165,146,131,124,126,136,154
MA11,2005/03/23,175,195,209,215,215,209,198,187,179,178,183,194,207,218,224,222,210,192,171,149,133,127,132,148
MA11,2005/03/24,171,194,212,221,221,213,199,183,170,164,166,178,195,211,225,232,226,210,189,165,145,135,136,150
MA11,2005/03/25,174,199,221,237,242,235,218,196,177,163,158,166,181,200,219,230,230,220,200,175,151,134,127,135
MA11,2005/03/26,153,178,201,219,226,221,205,182,158,140,132,137,152,174,199,217,226,222,206,183,158,137,125,126
MA11,2005/03/27,140,162,187,207,219,217,202,179,152,129,116,114,126,149,177,202,220,225,217,200,177,156,140,135
MA11,2005/03/28,144,162,186,207,221,224,213,190,163,135,116,110,115,133,159,187,212,228,231,222,207,188,174,168
MA11,2005/03/29,172,187,209,229,245,252,243,222,194,164,139,125,122,131,152,178,202,220,229,228,218,203,189,180
MA11,2005/03/30,179,188,204,222,238,247,245,229,204,176,149,128,118,120,133,153,176,198,213,218,215,207,196,187
MA11,2005/03/31,184,189,198,213,228,238,239,230,209,184,158,135,118,112,115,128,146,165,181,192,197,197,193,189
MA11,2005/04/01,187,188,195,206,218,227,231,226,213,194,171,148,129,116,111,114,124,137,151,166,176,183,185,186
MA11,2005/04/02,188,190,193,199,207,215,220,220,213,201,185,166,147,131,120,115,116,122,131,144,158,169,178,187
MA11,2005/04/03,195,201,204,207,211,216,220,222,220,214,207,196,182,167,152,141,133,128,128,134,144,157,170,184
MA11,2005/04/04,197,206,210,211,209,208,209,208,208,209,209,206,200,191,177,161,146,132,123,121,127,137,151,169
MA11,2005/04/05,187,199,207,208,203,197,191,186,185,190,197,203,207,206,199,186,168,148,131,121,119,125,138,157
MA11,2005/04/06,179,198,209,212,207,196,185,175,169,172,181,195,208,216,218,211,195,173,151,133,124,124,133,152
MA11,2005/04/07,176,197,213,219,215,201,184,166,154,151,160,176,196,214,227,229,221,202,179,159,144,138,143,158
MA11,2005/04/08,180,204,223,232,230,216,195,171,150,138,138,151,173,197,218,230,230,217,196,173,151,138,136,146
MA11,2005/04/09,166,190,211,224,224,213,191,163,136,118,113,121,140,167,195,216,226,223,208,187,166,150,142,147
MA11,2005/04/10,164,186,209,225,230,223,204,177,147,121,108,109,125,151,182,210,229,235,229,215,198,180,169,170
MA11,2005/04/11,181,198,219,235,241,238,221,194,163,134,113,106,111,129,156,185,209,222,222,214,199,183,171,167
MA11,2005/04/12,172,187,206,224,235,236,225,202,173,143,118,102,100,111,133,160,186,206,215,213,207,196,185,181
MA11,2005/04/13,183,193,208,225,239,245,240,222,197,169,144,124,113,116,130,151,176,196,208,214,212,203,194,188
MA11,2005/04/14,187,191,201,214,226,233,231,220,199,174,150,129,114,109,114,128,147,166,181,190,194,192,186,182
MA11,2005/04/15,181,184,192,203,213,221,224,218,204,186,166,146,129,119,118,125,137,152,167,179,188,191,188,187
MA11,2005/04/16,188,189,192,198,205,212,217,214,206,193,179,163,147,134,127,126,131,140,150,162,174,181,184,187
MA11,2005/04/17,189,190,193,195,199,204,208,208,206,200,192,182,168,154,144,136,133,134,139,148,159,169,176,183
MA11,2005/04/18,188,191,192,192,190,190,191,191,189,188,186,181,173,165,154,143,135,130,128,133,143,155,166,178
MA11,2005/04/19,188,193,193,192,187,182,179,177,176,179,182,184,184,180,172,162,149,137,130,129,134,145,158,173
MA11,2005/04/20,187,196,199,196,188,180,172,166,165,169,176,185,193,196,195,186,172,157,144,138,139,147,162,181
MA11,2005/04/21,199,213,219,217,210,198,185,174,168,171,180,192,205,215,218,214,202,184,165,152,146,149,160,179
MA11,2005/04/22,199,216,225,225,215,200,181,165,154,153,162,178,197,215,226,228,222,206,185,167,155,151,159,175
MA11,2005/04/23,196,215,226,229,221,203,181,158,139,132,136,150,171,195,214,224,224,212,193,172,156,147,148,160
MA11,2005/04/24,180,201,218,225,219,203,178,151,126,111,109,120,141,167,194,213,222,219,205,186,168,154,150,159
MA11,2005/04/25,176,197,216,226,225,211,187,157,128,107,098,103,120,147,177,204,223,228,222,209,192,177,169,171
MA11,2005/04/26,184,203,223,236,240,231,210,180,148,120,104,101,111,133,161,189,212,227,229,222,209,195,185,182
MA11,2005/04/27,189,203,220,235,242,238,222,194,160,129,105,092,094,108,130,158,186,206,217,219,214,204,195,190
MA11,2005/04/28,193,204,219,233,244,246,236,215,186,155,128,109,102,107,122,144,169,193,209,218,220,216,210,206
MA11,2005/04/29,206,212,224,236,247,252,248,233,209,182,155,131,115,110,115,129,147,167,184,198,206,208,205,202
MA11,2005/04/30,201,202,208,217,226,232,233,226,211,191,168,145,126,113,109,113,124,138,154,171,183,191,195,198
MA11,2005/05/01,199,201,203,207,213,219,224,223,217,206,192,174,156,141,130,127,130,137,148,162,178,191,201,209
MA11,2005/05/02,212,213,212,211,211,213,216,218,218,215,208,198,184,170,155,143,137,135,137,146,158,172,186,196
MA11,2005/05/03,203,206,204,198,192,189,188,188,191,196,200,200,196,187,174,160,147,138,133,137,147,161,177,193
MA11,2005/05/04,205,210,209,202,191,181,174,172,174,182,193,204,211,211,204,190,175,161,151,148,152,162,177,194
MA11,2005/05/05,208,217,219,211,196,179,164,153,151,157,170,187,202,211,213,206,193,177,162,152,151,157,170,187
MA11,2005/05/06,204,217,221,215,200,180,158,140,131,132,145,164,186,204,215,217,211,197,180,166,159,161,172,188
MA11,2005/05/07,207,223,232,231,218,197,172,149,131,125,133,153,178,203,223,234,235,226,210,193,181,176,180,192
MA11,2005/05/08,209,225,237,238,228,207,179,151,125,110,110,123,146,175,201,220,230,228,218,204,191,183,183,192
MA11,2005/05/09,208,226,241,247,242,225,199,169,139,117,108,115,134,161,190,216,232,237,232,222,209,198,193,197
MA11,2005/05/10,209,225,241,251,251,239,216,185,153,125,108,105,114,135,162,189,209,220,222,214,203,193,185,183
MA11,2005/05/11,191,205,220,232,236,231,214,187,156,128,106,096,097,111,135,161,186,205,213,211,205,196,189,186
MA11,2005/05/12,190,200,213,226,234,234,224,203,176,148,123,107,102,108,126,148,172,194,208,213,212,206,199,195
MA11,2005/05/13,196,202,212,223,232,236,231,218,196,170,146,126,114,112,120,136,156,176,192,201,204,202,197,192
MA11,2005/05/14,190,191,197,205,214,220,220,212,196,176,154,133,119,111,112,123,138,156,173,186,195,198,196,193
MA11,2005/05/15,191,191,194,200,208,215,218,215,207,194,178,162,147,136,130,132,141,155,168,182,193,199,202,201
MA11,2005/05/16,199,197,196,196,200,205,209,210,207,200,190,178,164,152,142,138,139,146,157,170,183,194,199,201
MA11,2005/05/17,201,199,194,190,189,190,192,194,193,191,188,183,173,163,152,145,142,143,148,160,173,186,197,203
MA11,2005/05/18,205,204,198,192,186,181,180,182,185,190,195,196,194,189,181,171,163,159,160,166,178,191,205,215
MA11,2005/05/19,221,222,215,204,193,183,175,173,175,180,189,198,203,203,198,188,176,165,159,159,166,179,194,207
MA11,2005/05/20,216,219,213,201,186,170,158,150,149,155,168,184,197,205,206,200,189,176,165,160,162,172,187,203
MA11,2005/05/21,216,223,220,209,191,170,152,138,132,136,150,168,189,206,216,218,211,198,185,174,170,176,188,203
MA11,2005/05/22,219,229,230,222,204,180,155,134,121,120,129,149,174,197,216,227,227,218,204,191,183,184,191,206
MA11,2005/05/23,224,238,243,239,223,197,168,140,118,109,112,127,152,181,208,226,235,233,224,211,199,192,195,206
MA11,2005/05/24,222,238,248,247,237,215,183,150,121,101,096,105,124,152,182,207,224,231,228,218,206,197,193,197
MA11,2005/05/25,210,226,239,244,239,221,193,159,125,098,083,081,093,117,147,176,200,216,220,215,207,198,191,191
MA11,2005/05/26,199,212,227,238,239,229,209,178,143,111,088,077,080,095,118,146,174,196,208,212,209,203,196,193
MA11,2005/05/27,196,207,220,232,240,239,226,202,171,139,111,092,084,089,105,128,155,179,196,207,210,208,203,197
MA11,2005/05/28,197,202,210,222,233,237,232,218,194,166,138,114,098,093,099,113,133,155,176,191,199,202,199,193
MA11,2005/05/29,191,190,194,203,213,221,223,218,205,185,161,138,118,106,103,109,123,141,159,177,191,198,199,196
MA11,2005/05/30,192,189,188,191,196,205,212,214,210,200,185,168,149,133,125,123,128,141,155,172,188,200,206,207
MA11,2005/05/31,204,198,193,189,190,194,202,209,213,213,209,200,187,172,160,152,151,155,166,180,195,208,216,219
MA11,2005/06/01,217,209,198,187,179,175,177,182,189,196,201,202,197,188,176,165,158,157,161,170,184,198,209,216
MA11,2005/06/02,218,213,201,186,171,161,156,157,164,175,187,196,202,202,196,186,177,171,170,174,184,198,211,220
MA11,2005/06/03,225,223,214,198,178,159,147,141,143,153,169,186,200,209,212,208,200,191,184,183,188,198,211,223
MA11,2005/06/04,233,234,227,212,191,168,146,131,127,132,146,167,188,206,217,219,214,205,197,190,190,196,207,221
MA11,2005/06/05,233,239,237,224,203,178,150,127,114,112,123,143,166,189,208,217,218,213,203,193,189,190,197,209
MA11,2005/06/06,222,232,235,228,211,187,158,130,108,098,100,116,139,165,190,207,216,216,208,198,190,186,189,197
MA11,2005/06/07,210,224,231,231,220,199,171,140,112,094,089,098,117,142,171,195,209,215,212,203,195,188,186,192
MA11,2005/06/08,204,217,228,232,226,211,187,156,126,100,087,088,101,123,151,177,198,211,213,208,200,192,188,189
MA11,2005/06/09,197,211,223,232,234,225,206,179,148,120,102,093,098,115,139,166,191,209,216,215,209,201,195,192
MA11,2005/06/10,197,208,220,233,239,236,224,203,174,146,123,108,106,116,135,160,184,205,218,222,219,213,205,200
MA11,2005/06/11,202,209,220,232,242,245,240,224,201,174,149,131,122,124,137,156,180,202,217,226,227,222,214,207
MA11,2005/06/12,204,207,215,225,235,240,240,231,213,191,169,149,134,129,134,148,167,188,205,217,222,221,213,205
MA11,2005/06/13,200,198,200,207,215,223,227,223,213,196,178,159,144,135,134,141,155,172,190,204,212,214,210,203
MA11,2005/06/14,195,190,187,189,195,203,208,209,206,197,184,169,153,141,135,137,146,160,176,190,202,208,207,202
MA11,2005/06/15,194,187,180,177,178,183,188,193,195,193,188,179,168,158,150,146,149,158,171,186,201,211,214,211
MA11,2005/06/16,205,196,186,177,172,172,175,180,185,190,191,190,185,177,169,162,159,162,171,183,197,210,216,217
MA11,2005/06/17,212,203,190,177,166,161,160,163,170,179,188,195,197,195,189,182,175,173,174,182,194,207,217,221
MA11,2005/06/18,220,213,199,181,165,151,144,142,147,158,172,187,197,204,204,199,192,187,183,186,194,206,217,226
MA11,2005/06/19,229,226,213,194,173,153,137,129,129,138,154,174,193,207,216,217,213,206,199,195,199,207,219,230
MA11,2005/06/20,238,239,230,213,190,164,141,124,115,118,132,153,178,202,219,228,229,224,216,209,205,209,218,228
MA11,2005/06/21,239,245,241,228,206,177,148,122,103,098,105,122,148,176,201,219,229,230,225,216,209,206,211,221
MA11,2005/06/22,234,245,248,242,226,201,169,137,110,094,091,102,124,154,184,209,228,236,236,229,220,214,213,219
MA11,2005/06/23,231,244,253,254,245,225,196,161,127,101,088,088,102,125,157,187,211,228,233,231,226,218,213,213
MA11,2005/06/24,222,236,249,258,258,247,225,193,158,125,101,091,095,111,136,165,193,215,227,230,226,219,211,207
MA11,2005/06/25,211,221,234,247,256,254,242,219,187,154,126,106,099,106,123,147,174,199,215,225,226,220,211,203
MA11,2005/06/26,200,206,216,230,243,249,246,233,211,182,153,129,114,112,120,137,160,185,206,218,223,221,213,202
MA11,2005/06/27,195,193,197,207,221,234,240,236,223,204,181,159,141,131,133,145,163,186,206,221,230,230,224,214
MA11,2005/06/28,202,194,191,194,203,214,225,231,228,218,203,185,167,154,149,152,163,180,198,213,225,229,225,215
MA11,2005/06/29,202,189,178,173,175,182,193,203,208,207,202,192,180,169,161,160,165,176,191,205,219,227,226,219
MA11,2005/06/30,208,193,178,165,159,161,167,177,187,194,198,198,194,188,181,176,177,184,194,206,219,228,232,229
MA11,2005/07/01,220,207,190,173,159,151,152,158,167,180,192,200,204,205,203,199,197,199,203,212,224,236,242,243
MA11,2005/07/02,239,228,212,193,172,157,148,146,152,164,180,194,205,212,215,214,211,208,207,209,216,226,234,239
MA11,2005/07/03,240,233,220,201,179,158,140,131,130,138,154,173,191,207,217,220,220,217,212,211,214,221,230,239
MA11,2005/07/04,245,245,237,222,200,176,152,134,125,127,139,159,181,203,220,230,234,231,225,221,219,223,230,240
MA11,2005/07/05,250,256,254,245,226,202,176,150,132,125,131,147,170,195,216,231,238,238,233,224,219,218,221,229
MA11,2005/07/06,241,250,254,251,238,217,189,160,136,121,119,129,149,174,199,221,234,238,234,226,218,212,211,217
MA11,2005/07/07,228,241,251,253,246,230,205,175,147,125,114,116,131,154,181,206,224,233,233,226,217,208,204,205
MA11,2005/07/08,214,227,239,247,248,238,217,189,159,132,115,110,117,137,162,189,211,224,227,223,215,205,197,194
MA11,2005/07/09,200,212,226,237,243,241,226,203,175,146,124,112,113,127,149,175,199,217,225,224,217,207,197,192
MA11,2005/07/10,194,203,217,231,242,246,239,222,198,172,148,131,126,133,149,172,197,218,230,233,228,218,207,197
MA11,2005/07/11,194,198,208,221,234,242,241,231,213,189,165,147,135,135,145,163,186,207,222,229,226,218,206,195
MA11,2005/07/12,188,187,192,203,216,228,233,230,218,200,179,160,146,142,146,160,179,199,217,227,228,222,210,195
MA11,2005/07/13,184,178,177,183,193,204,213,216,211,200,185,169,155,147,146,154,169,188,205,217,222,220,209,195
MA11,2005/07/14,182,172,166,166,172,181,191,199,201,198,189,179,168,159,156,159,169,183,200,213,220,221,214,201
MA11,2005/07/15,187,173,161,155,155,160,168,177,184,188,188,184,178,171,167,166,171,180,193,207,217,221,219,209
MA11,2005/07/16,195,179,164,152,146,145,149,158,168,178,185,189,190,189,187,184,184,189,197,209,220,227,228,222
MA11,2005/07/17,211,196,179,161,147,139,136,141,149,161,175,188,197,202,204,202,200,200,203,210,220,229,234,234
MA11,2005/07/18,228,217,199,178,157,141,130,127,131,143,160,179,197,210,219,222,221,218,215,216,222,231,238,244
MA11,2005/07/19,244,238,225,205,180,157,136,122,117,123,138,159,182,205,222,232,236,233,227,223,222,226,234,242
MA11,2005/07/20,249,250,243,227,203,174,146,122,107,103,111,129,154,182,207,225,235,237,232,225,220,219,223,232
MA11,2005/07/21,244,253,254,247,230,203,171,139,113,097,094,105,127,156,185,211,228,236,235,227,218,213,212,218
MA11,2005/07/22,231,245,255,258,249,229,199,163,130,105,091,092,107,131,162,192,216,230,234,228,218,207,200,202
MA11,2005/07/23,212,228,244,255,256,247,225,193,157,125,103,094,100,119,146,176,203,222,230,227,218,205,193,188
MA11,2005/07/24,193,206,224,242,253,254,243,220,188,154,127,110,107,117,138,165,193,215,227,229,222,208,192,180
MA11,2005/07/25,177,184,199,218,236,247,247,235,212,183,155,134,123,126,141,163,190,213,228,234,231,218,200,184
MA11,2005/07/26,173,172,180,195,214,231,241,240,228,209,186,166,153,151,161,179,201,224,243,253,252,243,227,209
MA11,2005/07/27,194,185,186,195,209,226,240,245,242,231,214,197,182,174,175,185,202,221,237,246,249,243,228,209
MA11,2005/07/28,190,174,164,164,172,186,200,212,218,216,209,200,192,185,184,190,202,216,230,242,247,244,233,216
MA11,2005/07/29,198,181,166,158,157,164,175,187,197,204,205,203,200,197,196,198,205,215,226,236,244,245,239,228
MA11,2005/07/30,213,196,179,164,154,152,157,164,175,185,193,199,203,205,206,207,210,215,222,230,237,242,241,235
MA11,2005/07/31,224,211,194,175,159,148,144,146,154,165,178,190,200,208,213,215,215,215,218,223,230,236,239,237
MA11,2005/08/01,233,225,211,193,172,155,142,136,137,146,160,176,192,207,216,221,222,221,218,218,221,226,232,237
MA11,2005/08/02,239,237,229,213,193,172,151,135,129,131,143,161,182,200,216,226,229,226,220,215,213,216,221,229
MA11,2005/08/03,237,242,240,229,211,189,165,142,127,122,128,144,166,189,210,223,229,227,219,211,207,205,207,217
MA11,2005/08/04,228,237,241,237,224,204,177,150,128,116,116,128,148,173,198,217,227,228,222,213,204,198,199,206
MA11,2005/08/05,218,232,242,245,238,223,198,169,142,122,115,120,137,161,189,212,228,233,228,218,206,197,192,196
MA11,2005/08/06,208,223,238,247,247,236,216,188,158,134,121,120,131,153,180,206,226,235,234,224,210,197,189,188
MA11,2005/08/07,195,210,228,242,248,245,231,206,177,150,131,123,129,146,171,198,220,233,235,228,214,198,186,180
MA11,2005/08/08,185,198,214,231,243,246,238,219,191,164,142,129,128,141,162,188,212,228,234,229,216,199,183,173
MA11,2005/08/09,171,180,196,213,229,239,237,225,204,179,157,141,136,143,160,183,207,225,233,233,222,205,188,173
MA11,2005/08/10,166,170,181,197,214,228,234,229,216,197,177,161,152,154,165,184,206,224,235,237,230,214,194,177
MA11,2005/08/11,165,161,167,179,194,210,221,223,217,204,189,175,164,161,168,182,200,218,232,237,233,220,201,182
MA11,2005/08/12,166,157,156,162,173,188,202,210,212,207,198,188,179,174,177,187,202,217,230,238,238,229,213,194
MA11,2005/08/13,176,163,154,154,159,169,182,194,201,204,203,198,194,191,191,196,205,215,227,236,239,235,223,207
MA11,2005/08/14,189,173,159,151,149,154,163,174,185,194,201,205,206,207,208,210,215,222,230,237,242,243,236,224
MA11,2005/08/15,209,192,176,162,152,149,151,157,167,179,192,204,213,220,225,227,229,231,234,240,245,248,247,241
MA11,2005/08/16,231,216,199,179,161,148,139,138,142,154,170,188,206,222,231,237,238,236,234,235,238,242,245,246
MA11,2005/08/17,244,236,222,202,179,158,140,128,124,130,145,165,188,209,226,237,241,237,231,227,225,228,234,241
MA11,2005/08/18,247,248,242,227,203,177,151,128,113,112,121,140,165,192,216,233,241,240,233,223,217,216,220,231
MA11,2005/08/19,244,254,258,251,234,208,177,147,123,109,109,122,144,173,202,225,239,241,233,222,211,203,203,213
MA11,2005/08/20,230,247,261,265,258,239,209,174,142,120,110,115,132,159,190,217,236,242,237,223,207,194,187,191
MA11,2005/08/21,206,227,248,263,267,258,236,205,171,142,124,120,131,154,182,210,233,245,243,230,211,191,177,174
MA11,2005/08/22,183,201,225,247,262,265,254,231,201,170,148,137,139,156,181,209,233,247,249,240,222,198,178,166
MA11,2005/08/23,165,177,199,222,242,254,255,242,219,193,169,153,150,161,181,206,229,245,250,243,227,203,177,158
MA11,2005/08/24,149,152,167,189,212,230,239,236,223,204,184,169,162,166,181,202,223,240,247,244,231,209,184,161
MA11,2005/08/25,144,138,145,161,181,201,216,222,218,208,195,183,175,177,187,203,221,238,248,249,241,224,201,178
MA11,2005/08/26,158,147,144,151,166,185,202,213,217,215,210,204,199,199,205,216,230,244,254,259,254,241,223,202
MA11,2005/08/27,182,167,157,153,158,169,182,195,203,208,208,207,206,207,210,216,224,233,243,248,247,240,227,212
MA11,2005/08/28,195,179,165,154,151,155,163,172,182,191,198,203,207,210,213,217,222,227,233,239,242,239,233,224
MA11,2005/08/29,211,199,184,169,158,153,153,159,167,177,188,199,208,216,221,225,226,226,227,230,234,236,235,233
MA11,2005/08/30,228,218,205,189,173,160,151,148,152,162,176,192,206,218,227,230,231,227,224,223,225,227,231,234
MA11,2005/08/31,235,232,222,208,190,170,153,142,139,144,157,174,193,210,222,229,228,223,216,211,210,212,217,226
MA11,2005/09/01,233,237,234,224,207,185,162,142,131,130,140,158,179,200,217,227,228,222,212,202,196,195,201,212
MA11,2005/09/02,224,234,238,233,220,200,175,150,133,125,129,145,167,192,213,228,232,227,216,203,192,187,189,199
MA11,2005/09/03,215,231,242,246,239,221,196,169,145,131,129,140,161,186,211,231,239,235,224,208,193,183,181,188
MA11,2005/09/04,204,223,240,249,248,236,215,188,161,141,133,137,155,180,205,227,240,239,229,212,193,177,170,173
MA11,2005/09/05,186,206,226,242,250,246,229,205,177,154,141,139,150,171,198,223,239,242,233,216,195,175,162,159
MA11,2005/09/06,168,187,210,231,245,248,239,218,192,169,151,144,151,169,194,219,238,245,240,225,203,180,163,155
MA11,2005/09/07,158,173,195,217,237,248,246,233,214,192,174,163,165,178,200,225,245,256,256,244,223,198,175,160
MA11,2005/09/08,155,161,177,197,218,233,238,231,216,198,180,168,165,172,187,207,226,238,240,231,212,186,162,143
MA11,2005/09/09,133,134,145,163,184,203,215,218,211,199,186,175,170,173,185,202,220,234,239,235,220,198,174,153
MA11,2005/09/10,139,135,140,152,170,188,205,214,215,210,203,196,192,192,199,212,227,239,246,245,236,217,195,175
MA11,2005/09/11,157,145,142,146,156,171,186,199,206,208,207,205,203,203,206,214,224,234,241,243,238,226,209,190
MA11,2005/09/12,171,156,146,143,144,152,163,176,187,196,202,207,211,214,217,222,227,233,239,243,243,237,225,212
MA11,2005/09/13,196,179,166,154,147,147,152,159,170,183,197,209,218,226,231,233,234,235,236,239,242,241,237,230
MA11,2005/09/14,220,207,191,174,159,149,144,145,153,167,184,202,219,233,242,247,246,243,240,238,240,244,246,247
MA11,2005/09/15,245,238,225,206,184,164,149,139,137,145,161,181,203,222,236,242,240,232,222,216,214,215,222,230
MA11,2005/09/16,237,241,236,222,201,176,151,131,120,120,132,151,177,202,221,233,234,224,211,198,189,188,196,209
MA11,2005/09/17,226,239,246,241,225,201,172,145,125,117,122,139,163,190,215,232,236,227,210,192,177,169,172,186
MA11,2005/09/18,206,228,245,251,245,228,201,171,146,130,128,139,160,187,214,235,243,237,219,196,174,157,152,162
MA11,2005/09/19,182,209,235,252,257,248,228,200,172,151,142,147,164,189,217,241,252,249,234,210,183,159,145,146
MA11,2005/09/20,161,187,216,241,256,259,248,226,200,177,163,161,172,193,219,243,258,259,247,225,196,166,145,137
MA11,2005/09/21,143,162,189,217,240,253,252,238,218,198,182,176,180,196,219,241,257,262,254,235,207,176,150,133
MA11,2005/09/22,130,141,162,187,212,231,239,235,222,207,193,185,185,195,213,233,251,259,256,243,220,191,163,142
MA11,2005/09/23,131,132,145,166,189,211,225,228,224,215,204,196,194,200,213,232,247,256,256,248,230,206,180,157
MA11,2005/09/24,142,135,138,151,168,188,204,214,216,214,209,204,203,206,215,228,240,251,255,252,241,224,203,183
MA11,2005/09/25,166,155,151,155,166,180,196,208,215,218,219,218,218,220,226,234,242,248,253,254,247,236,221,205
MA11,2005/09/26,189,175,165,160,161,169,178,188,198,206,211,216,218,219,223,226,230,234,236,238,237,232,223,211
MA11,2005/09/27,199,186,173,162,156,154,156,163,173,183,193,202,209,213,216,218,217,216,217,219,219,219,217,214
MA11,2005/09/28,208,199,187,173,161,152,148,149,156,167,181,195,207,215,220,221,219,214,210,209,209,211,214,216
MA11,2005/09/29,217,214,206,193,177,162,150,145,147,155,170,187,203,216,224,225,219,210,201,195,193,195,202,211
MA11,2005/09/30,218,222,220,209,193,174,155,142,137,142,155,174,193,210,222,226,220,208,195,184,178,178,187,199
MA11,2005/10/01,212,224,228,223,211,192,170,151,140,139,149,167,189,211,227,233,230,217,199,184,173,169,176,189
MA11,2005/10/02,208,226,238,241,233,215,192,170,153,145,151,168,190,213,233,243,241,228,209,188,171,161,163,176
MA11,2005/10/03,195,217,235,244,242,229,207,182,161,149,148,160,180,204,226,240,243,231,210,185,163,149,144,152
MA11,2005/10/04,173,198,222,238,245,240,223,201,178,161,156,163,181,203,227,245,250,241,220,194,168,148,138,140
MA11,2005/10/05,155,179,205,228,242,244,234,216,193,174,164,164,176,197,220,239,248,243,226,200,171,146,129,124
MA11,2005/10/06,134,155,181,208,229,240,238,225,207,189,177,173,179,194,215,235,247,247,233,209,180,151,130,119
MA11,2005/10/07,120,135,159,185,210,227,232,227,215,201,189,183,186,197,215,235,248,250,242,222,196,167,141,124
MA11,2005/10/08,121,129,146,169,194,216,228,232,227,218,208,201,199,204,215,231,244,250,246,231,208,181,154,132
MA11,2005/10/09,120,119,128,144,164,184,201,209,211,208,203,199,196,199,208,221,233,240,240,232,216,194,169,146
MA11,2005/10/10,130,121,121,128,142,159,176,189,198,201,202,202,201,204,210,218,227,233,236,234,225,209,190,170
MA11,2005/10/11,152,139,131,130,135,145,158,172,184,194,201,207,211,213,215,219,222,225,228,228,225,218,206,192
MA11,2005/10/12,177,162,150,140,135,136,141,151,164,177,190,202,210,215,218,219,218,217,217,218,218,218,215,209
MA11,2005/10/13,201,189,174,159,146,138,135,139,148,161,178,195,209,219,224,223,217,211,205,203,204,209,215,219
MA11,2005/10/14,220,217,206,190,172,157,145,141,144,155,172,193,212,225,233,233,224,211,198,190,188,193,204,217
MA11,2005/10/15,228,234,231,219,202,180,161,148,144,149,164,185,207,226,239,241,230,212,194,179,170,172,183,202
MA11,2005/10/16,223,239,246,244,231,210,186,165,153,152,163,182,204,225,241,245,235,215,189,165,148,142,149,168
MA11,2005/10/17,193,218,236,243,239,223,200,178,161,154,159,175,195,218,237,246,241,222,195,165,138,125,126,140
MA11,2005/10/18,164,194,220,237,244,238,221,199,180,168,166,177,195,216,236,248,247,232,206,173,141,118,109,116
MA11,2005/10/19,136,165,195,220,237,241,231,215,196,180,175,179,193,213,233,248,252,241,219,189,154,126,109,105
MA11,2005/10/20,118,143,172,201,224,236,236,226,211,196,187,186,195,212,232,248,255,251,233,205,172,141,116,105
MA11,2005/10/21,109,126,151,178,204,223,230,227,219,207,198,195,200,212,230,246,255,255,245,225,197,168,141,123
MA11,2005/10/22,117,124,143,168,192,213,228,232,230,224,217,213,214,221,235,250,260,264,259,245,225,200,174,152
MA11,2005/10/23,140,140,149,167,189,210,226,235,238,236,231,227,225,225,234,246,255,261,260,252,236,215,192,171
MA11,2005/10/24,155,147,146,152,167,183,198,210,216,217,216,214,212,214,220,227,234,239,241,237,227,214,198,180
MA11,2005/10/25,164,153,147,147,153,164,177,189,198,204,208,209,210,211,212,215,218,220,222,221,217,211,200,188
MA11,2005/10/26,175,163,153,147,146,149,157,168,179,189,198,204,206,207,208,207,205,204,204,204,204,203,201,196
MA11,2005/10/27,189,180,170,159,152,148,149,157,168,179,192,203,208,212,212,208,202,196,192,191,192,196,200,203
MA11,2005/10/28,203,200,191,180,169,159,154,156,163,176,191,205,215,221,221,215,206,195,186,182,182,188,196,205
MA11,2005/10/29,213,217,213,203,189,175,165,160,163,174,190,207,222,232,235,229,216,200,186,175,172,177,187,200
MA11,2005/10/30,215,225,227,222,209,192,177,166,162,169,183,201,218,231,237,233,218,198,177,159,151,154,163,180
MA11,2005/10/31,201,218,229,231,223,207,189,174,166,166,178,195,214,231,240,238,225,203,178,155,140,136,143,160
MA11,2005/11/01,183,207,225,234,232,220,202,184,171,166,171,186,204,224,237,239,228,206,178,150,128,118,119,133
MA11,2005/11/02,157,184,209,226,232,226,212,195,180,170,171,182,199,220,236,243,236,217,189,157,130,112,106,114
MA11,2005/11/03,135,164,192,217,232,234,227,214,198,185,181,187,201,220,238,249,248,233,206,174,142,119,106,107
MA11,2005/11/04,122,147,177,206,227,238,238,230,217,205,197,198,207,224,242,255,258,248,226,195,162,133,112,105
MA11,2005/11/05,112,131,156,185,211,229,236,234,225,214,207,204,208,221,237,250,258,255,239,214,182,150,124,109
MA11,2005/11/06,107,117,136,160,185,208,223,229,226,220,214,210,210,218,232,246,255,258,250,233,209,181,154,135
MA11,2005/11/07,125,125,136,154,176,199,217,229,234,233,231,229,227,229,237,246,254,258,255,244,226,202,176,152
MA11,2005/11/08,136,129,129,139,153,171,190,207,217,224,225,225,226,228,231,235,239,244,246,242,233,218,197,177
MA11,2005/11/09,160,147,140,141,147,159,175,190,205,214,220,223,223,222,223,221,222,224,226,228,228,222,213,200
MA11,2005/11/10,184,170,158,150,148,152,160,173,187,201,213,220,222,221,219,214,209,208,208,210,215,219,219,216
MA11,2005/11/11,208,197,184,172,163,159,161,169,182,198,213,225,232,233,229,219,207,197,191,189,194,203,212,220
MA11,2005/11/12,223,219,210,197,184,176,171,172,181,195,212,228,238,243,239,225,207,189,174,167,169,178,192,208
MA11,2005/11/13,219,225,224,214,201,186,174,169,173,184,201,219,233,243,243,232,212,188,166,151,145,151,168,191
MA11,2005/11/14,212,228,237,235,224,210,196,185,184,190,203,220,236,247,251,243,224,199,171,146,134,134,146,168
MA11,2005/11/15,195,220,238,246,243,232,218,205,197,196,205,221,238,254,262,257,241,215,183,152,131,121,125,143
MA11,2005/11/16,172,202,228,246,252,246,235,221,209,204,208,219,235,251,263,265,253,229,198,165,136,118,113,124
MA11,2005/11/17,148,178,208,232,247,250,244,234,222,214,212,217,230,246,260,266,259,242,214,180,148,123,109,110
MA11,2005/11/18,125,151,181,210,232,243,244,237,227,218,214,215,224,238,254,265,265,253,231,201,168,139,118,109
MA11,2005/11/19,115,134,160,187,212,230,238,238,231,222,215,213,217,228,242,255,261,256,240,216,187,158,133,118
MA11,2005/11/20,116,126,146,169,194,216,229,233,230,223,216,212,212,219,231,243,250,251,242,225,202,175,150,131
MA11,2005/11/21,120,122,135,153,174,197,213,223,225,221,216,212,211,215,224,234,243,249,246,236,219,197,174,153
MA11,2005/11/22,140,136,139,150,167,186,204,217,224,224,221,217,213,212,216,223,230,235,235,230,220,204,186,168
MA11,2005/11/23,153,142,139,145,155,170,187,202,213,217,217,215,212,209,210,213,217,222,225,224,220,212,201,188
MA11,2005/11/24,176,165,158,156,162,172,185,200,213,222,225,225,224,220,216,214,212,212,213,214,213,212,208,201
MA11,2005/11/25,193,182,174,168,166,170,179,191,205,217,224,228,226,221,215,209,203,198,198,200,204,208,210,208
MA11,2005/11/26,205,200,193,183,176,174,177,185,196,209,221,228,229,227,219,210,199,189,182,181,185,193,201,208
MA11,2005/11/27,214,214,210,201,193,187,184,188,198,211,225,235,240,239,232,219,203,186,173,167,168,177,190,203
MA11,2005/11/28,215,223,225,218,208,199,191,189,193,203,216,229,236,238,234,221,202,181,163,150,149,157,173,193
MA11,2005/11/29,213,230,241,243,237,227,218,211,211,217,228,242,253,257,254,243,222,196,171,152,142,143,155,176
MA11,2005/11/30,198,220,238,244,242,235,222,211,205,205,213,226,239,249,250,240,221,193,162,136,117,110,117,135
MA11,2005/12/01,161,190,215,231,238,235,225,215,205,201,206,216,230,246,253,249,234,208,176,146,121,106,106,119
MA11,2005/12/02,143,174,206,231,246,249,245,236,225,217,216,222,235,250,260,263,255,233,202,167,136,112,102,105
MA11,2005/12/03,122,148,180,209,232,245,247,243,234,226,222,224,234,249,262,270,268,252,226,193,158,129,109,101
MA11,2005/12/04,108,126,153,182,208,228,240,241,236,230,224,222,227,239,254,268,273,267,250,222,191,160,134,120
MA11,2005/12/05,118,131,153,178,204,229,245,253,255,250,244,238,237,244,256,269,278,279,268,249,222,191,162,140
MA11,2005/12/06,128,128,140,158,182,205,225,237,241,239,234,227,222,223,229,239,249,255,253,243,225,201,174,149
MA11,2005/12/07,131,124,127,138,155,176,198,214,222,227,225,218,212,208,210,216,223,230,235,234,226,213,194,173
MA11,2005/12/08,154,142,137,139,149,165,183,200,214,222,225,221,214,208,203,202,206,212,218,223,225,221,213,200
MA11,2005/12/09,185,173,164,161,164,174,188,204,218,229,235,233,227,218,208,198,194,193,196,203,210,215,217,215
MA11,2005/12/10,208,199,189,180,176,181,189,201,214,227,237,238,233,226,214,198,186,177,175,180,189,200,209,215
MA11,2005/12/11,218,216,209,201,194,192,195,203,213,226,238,243,243,237,224,207,186,168,158,157,163,175,190,205
MA11,2005/12/12,218,224,226,221,213,207,206,209,217,230,242,250,255,254,244,226,203,180,161,151,152,162,178,197
MA11,2005/12/13,215,228,236,237,232,225,220,218,220,228,238,248,256,258,252,236,212,184,157,136,127,130,142,162
MA11,2005/12/14,185,208,225,233,232,228,220,213,211,215,224,234,244,252,252,241,222,194,162,135,117,109,116,133
MA11,2005/12/15,158,186,210,226,233,234,228,220,214,213,218,227,238,250,256,251,237,212,179,147,122,107,105,116
MA11,2005/12/16,139,168,197,219,234,239,237,229,220,216,217,222,232,245,255,257,249,230,201,167,136,114,103,106
MA11,2005/12/17,122,147,177,204,223,235,236,231,223,218,215,218,227,241,256,264,263,251,227,195,165,138,119,113
MA11,2005/12/18,122,142,169,196,219,235,241,236,229,222,214,210,215,227,242,254,258,254,240,214,185,158,133,119
MA11,2005/12/19,119,130,152,178,203,224,236,237,232,225,216,211,212,218,231,245,253,253,244,224,199,171,145,127
MA11,2005/12/20,120,123,139,161,185,208,223,229,227,220,212,204,201,205,215,227,237,242,239,227,208,185,161,141
MA11,2005/12/21,130,129,137,153,175,197,215,226,228,224,217,208,203,204,211,221,232,240,243,239,229,213,194,177
MA11,2005/12/22,165,160,164,175,192,213,233,247,254,253,246,237,229,225,225,230,235,240,244,242,236,227,212,195
MA11,2005/12/23,181,173,170,174,185,201,218,231,239,242,237,226,215,208,203,204,207,212,217,222,223,219,210,199
MA11,2005/12/24,187,180,175,175,181,193,207,221,232,238,237,229,218,207,197,190,188,188,191,195,200,202,201,196
MA11,2005/12/25,190,185,180,176,176,183,194,207,220,229,233,229,221,212,203,193,187,182,180,186,195,203,209,211
MA11,2005/12/26,211,209,204,199,196,198,205,214,224,234,238,236,230,219,206,192,178,165,159,159,166,176,189,201
MA11,2005/12/27,211,216,217,215,210,206,207,210,217,228,236,239,237,231,219,202,183,165,151,144,146,156,170,186
MA11,2005/12/28,203,217,224,224,220,216,212,210,214,222,232,238,241,238,229,212,190,165,142,127,121,127,139,158
MA11,2005/12/29,181,202,217,225,225,221,216,210,209,214,223,231,238,240,236,222,199,171,141,117,103,100,108,126
MA11,2005/12/30,151,179,203,218,226,227,222,215,210,210,215,224,235,243,246,239,221,195,163,131,110,100,100,113
MA11,2005/12/31,136,164,191,213,228,236,235,226,218,214,214,221,231,242,252,251,238,215,182,145,113,091,080,083
