MA11,2004/01/01,188,183,177,173,174,181,191,202,213,222,224,220,213,203,191,179,167,160,159,163,171,180,187,192
MA11,2004/01/02,196,195,192,188,185,187,193,201,211,222,228,228,225,217,205,191,174,159,150,149,154,164,174,185
MA11,2004/01/03,195,201,204,203,200,199,200,204,212,221,227,231,232,226,215,200,181,161,145,135,134,142,155,168
MA11,2004/01/04,184,197,204,205,203,199,196,194,197,204,211,217,221,220,214,201,181,157,136,120,113,116,127,144
MA11,2004/01/05,164,183,197,203,204,202,197,192,191,196,203,211,220,224,223,214,195,170,145,122,108,104,111,127
MA11,2004/01/06,150,174,194,208,214,214,208,201,196,196,200,208,217,226,231,226,211,187,158,131,109,098,097,110
MA11,2004/01/07,132,158,183,201,212,216,212,204,197,193,193,200,210,223,233,234,225,205,178,148,121,103,097,104
MA11,2004/01/08,124,151,177,198,214,222,220,212,203,195,191,193,203,216,228,234,230,217,194,163,133,108,093,090
MA11,2004/01/09,101,124,152,178,200,213,216,211,202,194,187,187,194,208,224,237,239,231,211,183,153,124,102,094
MA11,2004/01/10,099,116,142,170,194,213,221,218,211,201,192,188,192,204,221,236,245,244,231,209,181,150,123,105
MA11,2004/01/11,101,113,134,160,187,208,221,223,216,206,194,184,183,189,202,218,230,233,227,213,191,163,135,115
MA11,2004/01/12,107,109,123,145,170,194,211,218,217,208,197,186,179,181,190,204,219,229,231,224,210,191,168,147
MA11,2004/01/13,132,128,138,154,176,202,222,235,240,234,222,210,200,196,200,209,222,234,242,243,237,223,204,181
MA11,2004/01/14,162,152,151,159,176,197,215,228,233,230,219,204,189,177,173,177,184,193,205,210,211,207,196,182
MA11,2004/01/15,168,158,154,156,166,183,202,219,228,229,223,210,194,180,170,166,167,172,180,190,197,201,199,193
MA11,2004/01/16,184,177,170,167,172,183,197,211,222,226,225,215,200,185,169,157,150,146,149,157,166,176,184,188
MA11,2004/01/17,189,188,184,180,179,184,193,204,215,223,225,219,208,193,175,159,144,133,128,131,138,151,165,178
MA11,2004/01/18,188,195,197,195,193,192,195,201,210,218,223,224,218,207,190,171,149,130,116,110,113,123,139,158
MA11,2004/01/19,178,195,206,210,211,210,208,210,216,224,234,240,242,238,227,209,186,160,137,121,114,118,131,151
MA11,2004/01/20,174,197,217,228,232,231,226,220,218,221,227,235,242,244,240,227,205,175,144,118,101,095,100,116
MA11,2004/01/21,141,170,197,217,228,231,228,221,215,213,217,226,237,249,254,249,235,210,179,147,120,103,098,106
MA11,2004/01/22,128,157,187,213,231,241,242,236,227,221,221,226,237,252,265,270,263,243,213,178,144,117,102,102
MA11,2004/01/23,115,139,169,198,221,236,240,234,223,211,203,202,210,226,243,254,255,245,224,194,160,128,106,096
MA11,2004/01/24,101,118,145,173,199,219,227,224,215,202,192,186,189,202,220,238,249,250,238,215,186,154,128,112
MA11,2004/01/25,108,119,141,167,192,214,227,229,221,208,194,183,179,185,200,218,234,242,240,226,203,175,148,127
MA11,2004/01/26,117,120,134,155,180,202,217,223,217,206,191,175,165,164,173,189,206,219,224,219,205,184,161,139
MA11,2004/01/27,127,125,134,152,173,195,213,222,220,211,197,180,166,160,163,173,188,203,213,216,210,199,183,164
MA11,2004/01/28,151,146,149,160,178,199,216,226,228,222,209,193,177,165,161,166,176,190,200,206,208,203,192,181
MA11,2004/01/29,170,163,164,170,182,198,213,223,227,224,215,201,183,169,159,154,157,164,174,182,188,190,188,183
MA11,2004/01/30,177,174,172,174,182,194,207,216,222,223,217,206,191,177,163,153,148,149,154,161,170,176,181,183
MA11,2004/01/31,184,184,184,185,188,195,204,213,218,220,220,213,201,187,172,159,147,139,137,140,147,157,167,174
MA11,2004/02/01,181,187,189,190,191,194,199,203,207,211,214,212,205,196,182,168,152,137,127,125,128,137,149,162
MA11,2004/02/02,175,186,194,197,197,198,199,200,203,208,213,216,216,212,203,191,174,155,140,132,130,136,149,166
MA11,2004/02/03,183,200,213,219,220,218,215,211,210,213,219,226,229,230,226,214,196,173,149,130,120,119,128,144
MA11,2004/02/04,165,188,205,216,221,220,214,209,204,204,209,216,224,231,232,226,212,188,161,136,117,109,112,125
MA11,2004/02/05,146,172,194,211,220,222,217,208,200,197,199,207,217,229,237,238,227,207,179,149,124,106,101,109
MA11,2004/02/06,128,154,181,202,216,221,217,208,196,187,186,191,201,216,229,236,233,219,193,164,135,113,100,102
MA11,2004/02/07,118,144,171,198,217,226,224,214,200,189,182,183,192,207,224,237,240,233,212,183,152,123,103,096
MA11,2004/02/08,104,124,153,181,204,218,220,212,197,182,171,167,172,186,205,223,235,236,223,199,169,139,114,100
MA11,2004/02/09,101,116,140,169,195,213,220,215,201,183,166,157,155,164,181,201,218,226,221,206,182,154,128,109
MA11,2004/02/10,102,110,130,154,179,201,212,210,198,180,162,148,140,144,157,175,195,209,214,207,192,171,147,127
MA11,2004/02/11,117,118,130,150,175,197,212,216,209,192,172,155,142,139,147,162,180,198,211,213,207,192,174,157
MA11,2004/02/12,144,140,146,160,178,199,216,223,219,205,185,165,148,136,135,143,156,172,186,195,197,192,182,169
MA11,2004/02/13,158,153,154,163,177,194,209,218,219,209,193,172,152,137,129,128,135,146,159,171,180,185,185,180
MA11,2004/02/14,177,175,175,180,190,203,216,227,231,227,216,200,182,165,152,146,144,149,157,168,179,189,196,200
MA11,2004/02/15,205,208,208,210,214,221,229,236,241,241,234,222,206,186,167,151,138,131,131,135,145,158,171,181
MA11,2004/02/16,192,201,206,208,210,211,214,218,222,224,223,218,208,195,178,160,142,125,114,110,112,122,137,154
MA11,2004/02/17,173,190,202,209,212,212,212,213,215,220,225,229,229,225,215,198,177,154,132,118,111,114,125,143
MA11,2004/02/18,165,186,203,213,218,218,213,208,205,206,212,220,225,228,226,214,195,170,142,118,102,097,102,116
MA11,2004/02/19,139,165,189,205,213,214,209,199,191,188,192,201,213,224,230,228,215,192,162,131,105,090,087,097
MA11,2004/02/20,117,143,171,193,205,209,204,192,179,169,168,175,188,206,221,228,224,209,181,149,119,097,085,088
MA11,2004/02/21,105,131,159,185,203,211,208,197,180,166,159,163,174,193,216,233,239,232,212,182,150,123,105,101
MA11,2004/02/22,111,133,160,186,208,221,221,211,193,174,162,159,166,185,209,232,248,251,241,221,194,168,146,136
MA11,2004/02/23,141,158,182,210,235,248,248,237,216,193,175,162,159,169,189,212,230,239,236,221,198,172,149,133
MA11,2004/02/24,130,141,160,183,206,222,227,222,207,183,161,146,137,142,159,181,203,220,225,220,206,186,166,151
MA11,2004/02/25,144,150,166,186,207,224,233,231,218,197,175,155,142,138,147,165,186,204,215,217,210,197,181,167
MA11,2004/02/26,160,163,174,191,210,228,240,242,233,216,194,173,156,146,146,157,171,187,201,208,207,199,187,175
MA11,2004/02/27,168,168,173,184,200,215,227,230,224,211,193,174,155,141,135,139,148,160,172,181,187,187,183,177
MA11,2004/02/28,173,172,176,184,195,207,217,222,220,211,198,182,165,150,141,139,140,146,157,167,175,181,183,183
MA11,2004/02/29,184,186,189,194,202,212,221,226,226,223,216,204,191,177,166,158,151,149,152,158,164,172,179,184
MA11,2004/03/01,189,194,198,201,204,208,213,216,217,217,214,208,199,186,174,162,150,141,135,136,144,155,166,178
MA11,2004/03/02,189,197,202,205,206,207,208,209,210,211,213,213,211,204,195,183,167,151,139,131,129,136,150,166
MA11,2004/03/03,182,196,206,211,212,211,207,203,202,202,205,210,213,211,206,194,177,158,140,127,121,123,134,152
MA11,2004/03/04,172,192,209,217,219,216,209,202,198,198,203,212,220,225,225,217,199,177,154,133,118,115,121,136
MA11,2004/03/05,160,183,203,214,217,213,204,192,183,178,181,190,203,214,221,221,209,188,161,134,112,102,103,116
MA11,2004/03/06,140,168,192,211,219,218,210,199,188,182,183,191,206,225,241,248,243,227,199,168,139,118,111,117
MA11,2004/03/07,137,166,193,214,226,226,216,199,180,165,159,164,178,198,218,233,237,229,208,180,150,125,111,110
MA11,2004/03/08,123,148,176,201,218,222,214,196,174,153,141,140,150,168,193,215,229,230,218,196,169,142,122,114
MA11,2004/03/09,121,141,167,194,214,223,220,203,179,155,138,129,133,148,173,199,220,231,228,214,192,167,144,131
MA11,2004/03/10,132,146,167,192,214,228,227,215,192,164,141,126,122,131,152,178,203,221,228,223,210,191,171,157
MA11,2004/03/11,154,160,177,199,221,238,243,234,215,190,163,139,124,122,134,155,178,199,213,217,211,200,185,171
MA11,2004/03/12,164,166,176,192,212,228,235,231,215,192,166,143,124,116,119,132,150,167,184,196,199,196,191,183
MA11,2004/03/13,178,178,182,193,209,223,232,234,224,207,186,163,141,123,116,119,127,140,154,167,177,183,184,184
MA11,2004/03/14,183,184,188,195,205,217,225,228,224,213,197,178,157,139,127,121,122,127,135,146,158,167,175,182
MA11,2004/03/15,186,190,194,197,202,209,215,219,220,215,206,193,177,160,144,133,124,120,121,125,135,146,157,170
MA11,2004/03/16,182,191,196,200,200,201,204,206,206,207,206,201,192,180,166,151,135,121,114,111,115,125,139,155
MA11,2004/03/17,173,187,197,201,201,198,196,194,194,197,202,206,208,204,196,183,165,146,130,119,116,121,133,151
MA11,2004/03/18,172,192,206,211,210,204,195,186,181,182,189,199,207,212,212,204,187,164,139,119,107,104,111,127
MA11,2004/03/19,150,174,193,204,206,200,188,174,163,160,166,178,193,207,216,217,206,185,160,134,115,106,107,120
MA11,2004/03/20,141,166,188,203,209,204,191,173,156,147,148,159,176,196,213,223,221,206,181,154,129,113,109,118
MA11,2004/03/21,137,162,186,204,213,210,196,174,152,135,130,137,153,176,199,217,222,215,197,171,144,123,112,115
MA11,2004/03/22,131,154,179,199,212,213,202,181,156,134,122,122,135,157,184,208,222,223,212,192,169,147,132,130
MA11,2004/03/23,140,160,184,205,219,224,216,195,168,142,122,114,119,136,161,187,207,216,212,198,178,157,140,132
MA11,2004/03/24,136,152,173,195,211,218,213,196,171,144,122,108,106,117,138,165,189,204,209,203,189,172,156,147
MA11,2004/03/25,148,159,176,196,213,223,223,210,187,161,136,117,109,113,128,152,176,194,205,206,199,187,175,165
MA11,2004/03/26,164,171,183,200,216,227,230,220,202,179,155,136,124,120,128,144,163,182,196,202,201,194,185,177
MA11,2004/03/27,173,176,185,196,209,220,224,219,206,186,165,145,128,120,119,128,143,160,174,185,190,189,184,179
MA11,2004/03/28,177,179,184,192,203,213,218,217,208,193,176,157,140,128,122,124,132,143,155,167,175,178,179,179
MA11,2004/03/29,178,180,184,189,196,203,208,210,205,197,185,171,156,142,133,129,129,134,143,153,162,171,177,181
MA11,2004/03/30,186,190,193,196,199,203,206,208,206,201,195,187,177,166,155,147,141,138,139,145,155,166,177,188
MA11,2004/03/31,197,204,209,212,213,213,213,212,211,210,207,202,196,189,178,165,153,143,136,135,141,151,164,179
MA11,2004/04/01,192,202,207,207,204,198,194,191,190,191,196,200,201,198,191,180,165,148,134,127,127,134,147,166
MA11,2004/04/02,184,200,210,213,208,201,195,190,186,189,198,208,217,223,223,215,201,180,159,143,134,135,146,164
MA11,2004/04/03,185,203,215,220,216,205,192,180,170,168,174,187,202,215,221,219,207,185,160,137,122,117,123,140
MA11,2004/04/04,164,186,203,212,209,199,182,163,147,139,144,157,175,196,214,222,218,203,179,153,132,120,120,133
MA11,2004/04/05,156,182,204,218,219,209,190,166,143,128,127,136,156,181,206,222,228,220,200,175,151,132,124,130
MA11,2004/04/06,149,174,198,216,222,214,195,168,140,118,109,113,129,155,185,210,226,228,217,197,174,154,141,140
MA11,2004/04/07,153,174,200,221,231,228,211,183,152,125,107,103,112,133,162,192,216,228,227,215,198,179,165,159
MA11,2004/04/08,165,181,203,223,237,239,227,202,169,137,113,098,098,111,134,163,191,209,217,215,205,190,175,167
MA11,2004/04/09,168,178,195,214,229,235,228,209,180,148,120,101,092,096,113,137,163,187,203,210,209,200,190,183
MA11,2004/04/10,181,186,198,214,227,237,237,224,200,172,146,121,103,099,104,119,140,160,177,190,196,195,191,187
MA11,2004/04/11,186,189,196,207,220,230,234,228,212,191,168,144,125,112,109,115,127,142,159,175,187,193,195,197
MA11,2004/04/12,199,200,204,210,218,226,233,232,224,211,195,176,156,141,131,127,129,136,145,157,170,181,189,194
MA11,2004/04/13,199,202,204,205,207,210,214,215,212,206,197,184,169,154,139,128,122,121,125,132,144,158,169,181
MA11,2004/04/14,192,199,201,201,200,198,198,199,200,202,202,199,193,184,171,157,145,135,131,132,139,151,165,180
MA11,2004/04/15,195,204,208,207,201,193,188,184,184,188,195,201,204,203,196,183,166,150,137,129,130,139,153,170
MA11,2004/04/16,189,204,211,211,204,193,182,173,169,172,183,196,207,216,218,211,196,177,158,145,141,145,155,173
MA11,2004/04/17,195,212,223,225,217,202,185,169,158,157,166,180,197,211,219,218,207,188,167,148,136,133,140,155
MA11,2004/04/18,176,195,209,213,206,190,168,147,129,122,127,143,165,188,205,214,212,199,180,160,146,139,140,152
MA11,2004/04/19,173,194,211,219,215,202,180,154,130,116,116,129,151,178,202,218,223,216,201,182,167,157,155,163
MA11,2004/04/20,182,205,224,235,238,227,207,181,153,133,126,131,148,173,200,222,235,234,224,207,189,174,165,167
MA11,2004/04/21,180,200,221,234,239,231,211,184,155,130,114,112,122,144,172,198,219,228,224,211,197,183,172,171
MA11,2004/04/22,180,196,215,231,239,237,222,197,168,140,121,113,118,135,161,189,212,227,231,225,215,203,191,187
MA11,2004/04/23,192,204,221,236,246,248,238,217,189,160,136,123,120,129,149,174,198,217,227,226,220,209,197,191
MA11,2004/04/24,192,198,210,223,234,238,233,217,193,166,141,123,113,114,125,145,167,188,201,206,205,199,190,184
MA11,2004/04/25,184,188,196,207,217,223,223,212,192,169,146,126,112,109,114,128,146,165,181,194,199,198,195,191
MA11,2004/04/26,190,193,196,201,209,215,217,211,197,179,160,142,127,117,115,122,134,148,164,177,187,191,191,189
MA11,2004/04/27,189,191,194,200,207,213,217,217,211,200,188,174,160,150,146,145,151,162,174,187,202,211,214,216
MA11,2004/04/28,217,218,218,219,222,225,227,228,225,220,212,202,189,176,163,154,151,152,157,167,178,190,198,205
MA11,2004/04/29,208,209,207,204,200,198,198,198,198,197,195,191,184,174,163,151,142,136,136,142,154,167,180,193
MA11,2004/04/30,202,205,204,200,193,187,183,182,183,187,193,196,196,191,183,171,156,144,135,135,142,155,171,187
MA11,2004/05/01,200,208,209,202,190,178,169,161,160,165,175,186,195,198,195,185,170,153,137,128,129,137,152,171
MA11,2004/05/02,187,198,201,195,183,166,149,136,130,132,144,161,178,192,198,195,184,167,147,133,126,131,146,165
MA11,2004/05/03,187,204,212,210,197,177,155,135,122,121,132,151,174,197,214,222,217,202,182,163,152,150,159,177
MA11,2004/05/04,199,219,232,234,224,203,176,150,129,120,124,141,166,195,220,235,240,232,216,197,179,169,170,182
MA11,2004/05/05,201,222,237,242,234,215,187,154,124,104,098,107,128,157,188,214,229,231,223,208,191,178,172,178
MA11,2004/05/06,192,212,230,240,237,222,196,161,125,098,083,082,097,121,152,183,208,222,224,216,204,191,182,183
MA11,2004/05/07,193,210,228,242,245,238,217,186,151,118,094,083,086,103,129,157,185,206,215,216,210,199,190,186
MA11,2004/05/08,190,201,217,232,240,238,225,201,168,135,106,087,081,087,104,128,154,178,194,203,205,201,194,191
MA11,2004/05/09,191,197,209,224,235,240,236,219,194,165,136,112,097,092,101,117,138,160,179,193,201,203,201,199
MA11,2004/05/10,198,201,208,217,228,236,238,231,215,194,170,147,129,118,117,124,138,155,172,189,202,209,213,213
MA11,2004/05/11,212,212,213,218,225,232,236,234,226,213,197,178,159,143,133,130,134,143,155,170,183,193,200,203
MA11,2004/05/12,203,201,198,197,197,199,204,207,206,203,196,185,172,158,145,136,133,136,143,154,168,182,193,201
MA11,2004/05/13,206,205,202,196,191,190,191,193,198,202,203,202,196,187,175,164,155,150,151,158,169,183,197,208
MA11,2004/05/14,216,218,214,204,193,183,177,176,179,185,193,200,202,199,190,179,166,155,148,149,156,167,181,195
MA11,2004/05/15,205,208,206,196,180,165,153,144,144,153,166,179,190,195,196,191,180,166,156,152,155,164,179,195
MA11,2004/05/16,208,217,218,209,193,175,156,143,138,143,157,175,193,208,216,215,207,194,181,172,169,174,184,200
MA11,2004/05/17,217,228,231,225,209,189,165,144,132,131,141,159,182,203,219,227,224,214,202,189,182,181,189,202
MA11,2004/05/18,219,233,240,237,224,202,176,149,129,120,123,139,162,187,210,225,229,223,212,200,190,185,188,199
MA11,2004/05/19,213,229,240,241,232,213,186,157,131,115,112,122,142,169,195,216,229,229,222,211,199,190,188,195
MA11,2004/05/20,208,225,238,245,240,226,201,171,142,120,109,111,126,149,176,202,220,227,226,218,207,198,194,196
MA11,2004/05/21,207,222,237,248,250,241,222,196,166,140,127,126,133,152,179,204,227,241,243,239,230,219,211,209
MA11,2004/05/22,213,225,237,247,251,246,230,205,175,148,126,114,115,127,148,174,197,216,226,225,219,212,204,200
MA11,2004/05/23,202,209,221,232,240,240,230,210,184,156,132,116,109,115,131,152,177,198,210,216,216,211,205,201
MA11,2004/05/24,200,205,214,224,234,239,234,221,200,175,152,132,121,119,128,143,164,185,201,213,216,214,209,204
MA11,2004/05/25,201,203,208,215,224,231,231,223,208,188,166,146,130,122,123,132,147,165,183,197,204,207,204,199
MA11,2004/05/26,195,194,196,201,207,213,216,214,205,192,176,159,143,131,126,128,137,152,168,183,195,203,205,202
MA11,2004/05/27,198,194,191,191,193,197,201,202,200,194,184,172,157,144,135,130,132,141,153,169,184,195,201,203
MA11,2004/05/28,200,196,190,185,184,185,188,192,194,195,194,189,180,169,157,148,144,145,152,164,179,195,206,213
MA11,2004/05/29,213,210,202,193,184,179,178,181,185,191,197,201,199,193,183,172,162,156,157,164,177,192,205,215
MA11,2004/05/30,219,216,207,194,180,167,159,157,161,170,182,193,202,204,200,191,179,168,162,162,171,185,201,216
MA11,2004/05/31,224,226,219,204,185,166,151,143,144,152,168,188,206,216,220,213,201,189,177,171,173,182,196,211
MA11,2004/06/01,223,228,223,208,186,160,136,118,110,113,128,149,174,195,209,215,211,199,186,175,170,175,185,200
MA11,2004/06/02,216,226,226,216,195,167,137,111,093,088,097,118,145,173,198,215,221,217,206,192,183,182,187,200
MA11,2004/06/03,217,231,237,232,215,188,155,122,095,079,078,092,115,145,176,201,217,222,217,207,197,190,190,198
MA11,2004/06/04,213,230,242,243,234,214,183,146,112,087,075,078,093,119,150,181,204,218,222,218,210,202,197,199
MA11,2004/06/05,209,224,239,248,246,233,210,177,140,109,087,077,083,101,127,157,186,206,218,220,216,210,203,201
MA11,2004/06/06,206,217,230,242,248,245,230,203,170,137,108,090,085,092,110,136,163,187,205,214,216,213,206,200
MA11,2004/06/07,200,206,217,231,242,247,241,226,201,171,142,119,105,103,113,130,153,177,197,210,217,219,214,208
MA11,2004/06/08,204,204,210,219,230,239,241,234,219,197,172,147,129,119,120,129,145,163,182,199,210,215,213,207
MA11,2004/06/09,200,195,194,198,206,214,221,222,217,204,187,168,150,136,129,130,140,154,172,189,202,211,212,208
MA11,2004/06/10,203,196,189,186,188,194,202,208,210,208,200,188,173,159,149,145,147,155,168,183,198,208,212,210
MA11,2004/06/11,205,196,185,176,170,169,173,179,186,191,191,188,181,172,161,154,151,153,161,174,188,200,210,213
MA11,2004/06/12,211,204,193,181,170,163,161,165,174,182,191,197,197,194,188,180,174,171,173,181,193,206,216,222
MA11,2004/06/13,222,216,204,188,171,156,146,144,149,159,173,186,195,200,199,194,188,181,178,181,188,200,211,220
MA11,2004/06/14,225,223,212,195,175,155,139,129,129,137,152,170,187,199,205,205,200,193,187,184,186,195,206,218
MA11,2004/06/15,227,229,223,209,189,166,143,127,119,121,134,153,174,193,205,211,210,203,194,187,185,189,198,209
MA11,2004/06/16,221,229,228,218,200,175,149,125,110,105,112,129,153,176,196,208,212,208,201,192,186,185,190,200
MA11,2004/06/17,213,223,227,222,209,188,161,133,111,099,099,112,133,158,183,203,213,215,210,202,194,190,191,199
MA11,2004/06/18,212,225,234,235,226,209,183,154,127,108,101,106,124,148,174,198,214,221,219,211,203,196,193,197
MA11,2004/06/19,207,221,232,238,235,222,200,172,142,117,103,101,113,133,159,186,207,220,223,219,211,204,198,197
MA11,2004/06/20,204,216,228,238,241,234,217,192,163,135,115,107,111,127,151,177,201,217,226,226,220,212,204,200
MA11,2004/06/21,203,212,224,236,244,242,230,210,183,156,132,117,114,123,142,166,192,213,227,232,231,226,219,213
MA11,2004/06/22,212,216,226,239,249,252,246,230,207,181,155,136,125,126,137,155,178,201,218,226,226,220,210,202
MA11,2004/06/23,197,199,205,215,225,233,234,226,209,188,165,145,131,126,130,144,163,184,204,216,222,220,212,204
MA11,2004/06/24,198,194,195,202,211,221,227,225,217,203,184,165,150,140,138,146,160,178,198,213,223,225,219,210
MA11,2004/06/25,202,195,191,192,198,207,215,219,218,211,199,186,172,159,152,153,161,175,193,209,222,229,227,220
MA11,2004/06/26,211,200,191,186,186,190,198,205,210,211,208,201,190,179,170,165,166,174,186,200,215,225,228,223
MA11,2004/06/27,214,202,187,175,168,165,169,177,185,193,199,200,197,191,182,174,170,172,178,190,205,218,224,225
MA11,2004/06/28,219,207,191,173,160,150,148,152,160,172,187,198,205,207,203,197,191,188,189,196,208,221,232,236
MA11,2004/06/29,234,225,209,189,168,151,140,135,140,153,169,188,205,216,220,220,213,207,203,203,209,221,233,241
MA11,2004/06/30,246,242,228,208,182,157,137,123,119,126,142,164,188,209,224,232,231,225,217,213,212,219,229,239
MA11,2004/07/01,248,251,243,226,202,173,143,120,105,104,114,134,162,191,214,230,237,236,230,221,216,216,223,233
MA11,2004/07/02,246,255,256,246,227,199,166,134,109,096,097,110,134,164,194,219,235,242,240,232,224,219,220,228
MA11,2004/07/03,241,254,262,262,250,228,197,162,129,105,093,097,113,138,169,198,221,235,238,233,226,219,214,216
MA11,2004/07/04,226,240,254,261,259,246,221,188,152,120,099,090,097,114,140,170,197,216,226,227,222,215,207,203
MA11,2004/07/05,209,222,237,252,259,255,241,217,184,151,124,106,102,113,133,159,187,210,226,232,229,221,211,202
MA11,2004/07/06,202,210,222,236,250,255,250,235,210,181,153,130,119,120,133,153,178,201,219,229,229,223,213,202
MA11,2004/07/07,195,195,202,214,229,240,245,239,223,200,176,153,137,131,137,151,171,193,211,224,229,226,215,202
MA11,2004/07/08,191,184,185,192,204,217,228,231,225,212,195,176,160,150,150,157,172,191,209,222,230,231,223,211
MA11,2004/07/09,198,186,178,178,184,195,207,215,217,212,204,193,179,169,164,166,176,191,206,220,229,232,228,218
MA11,2004/07/10,205,190,178,170,169,175,183,193,202,205,204,201,194,187,183,182,185,195,207,221,233,239,240,234
MA11,2004/07/11,223,210,194,179,171,170,173,182,191,199,205,208,209,206,202,199,199,203,210,220,231,239,242,238
MA11,2004/07/12,231,219,203,186,170,160,156,159,167,176,188,198,204,208,208,205,203,203,205,210,219,228,234,236
MA11,2004/07/13,232,224,211,193,174,159,149,145,150,159,173,189,202,212,217,216,215,213,210,210,214,222,230,234
MA11,2004/07/14,236,232,221,205,184,163,145,133,128,133,147,165,184,201,213,220,220,216,212,209,210,216,222,230
MA11,2004/07/15,236,238,233,221,201,178,154,134,122,121,130,148,170,193,211,222,226,224,218,212,209,211,216,225
MA11,2004/07/16,234,242,243,235,220,197,171,146,126,118,121,135,157,182,205,223,232,234,228,221,215,211,213,221
MA11,2004/07/17,232,244,250,248,238,219,194,165,140,124,120,130,149,174,200,222,236,241,239,231,223,217,215,220
MA11,2004/07/18,230,243,255,259,254,240,216,186,157,135,123,124,137,160,187,211,230,240,239,232,222,213,207,207
MA11,2004/07/19,216,230,244,254,255,247,228,202,171,144,125,118,124,142,168,195,219,234,238,233,224,214,206,203
MA11,2004/07/20,208,220,234,247,255,254,240,218,191,162,138,125,124,136,158,184,210,229,237,236,227,215,203,196
MA11,2004/07/21,196,204,216,231,245,251,245,229,205,178,154,136,129,135,152,175,201,222,234,237,231,219,204,193
MA11,2004/07/22,187,190,201,215,229,240,242,234,217,194,169,149,138,137,148,167,190,213,229,236,234,223,208,194
MA11,2004/07/23,184,181,185,195,209,224,232,232,223,206,187,168,154,147,151,164,183,204,223,234,237,230,216,200
MA11,2004/07/24,186,177,175,180,191,204,216,223,222,215,201,186,173,165,163,170,184,202,219,232,238,234,223,208
MA11,2004/07/25,192,179,170,167,172,182,194,204,210,211,207,200,190,182,177,179,186,199,213,226,235,237,229,215
MA11,2004/07/26,198,181,166,157,154,158,166,177,187,195,200,201,199,195,191,190,192,199,209,220,231,237,233,222
MA11,2004/07/27,208,190,172,156,144,141,143,149,160,173,185,195,202,205,205,205,204,206,211,218,227,235,236,232
MA11,2004/07/28,222,207,188,168,149,134,127,128,135,147,164,181,197,209,217,220,219,217,217,220,227,234,241,243
MA11,2004/07/29,240,232,216,194,170,147,130,120,118,125,141,162,184,205,220,228,230,228,223,220,221,226,233,241
MA11,2004/07/30,246,245,236,218,194,166,139,118,107,106,115,135,160,186,210,226,234,234,229,222,218,218,223,232
MA11,2004/07/31,243,250,249,239,220,193,161,131,108,096,097,111,133,162,191,215,230,235,231,224,217,212,213,220
MA11,2004/08/01,233,247,256,256,245,224,194,159,128,106,096,100,117,142,173,201,222,233,233,225,214,203,198,202
MA11,2004/08/02,213,230,246,257,257,246,222,189,154,125,107,101,110,132,160,191,216,231,235,229,217,202,191,187
MA11,2004/08/03,195,209,228,245,256,255,241,216,184,151,127,114,114,129,152,180,206,225,232,230,218,202,187,176
MA11,2004/08/04,175,186,203,223,240,247,244,229,203,174,148,129,123,131,149,174,199,219,231,232,223,206,187,171
MA11,2004/08/05,164,167,180,197,216,232,237,231,214,192,170,151,142,143,154,175,199,219,233,237,231,217,198,179
MA11,2004/08/06,166,161,166,179,196,213,225,227,220,206,187,171,159,155,163,179,197,216,231,238,236,224,206,187
MA11,2004/08/07,170,159,157,162,174,191,205,214,214,209,199,187,177,173,177,186,200,216,231,239,241,235,221,202
MA11,2004/08/08,185,169,160,158,164,175,188,198,206,207,203,198,192,187,188,194,204,216,228,237,242,238,228,214
MA11,2004/08/09,198,181,168,158,156,161,169,179,189,195,200,201,200,200,201,204,210,217,226,234,240,241,235,224
MA11,2004/08/10,211,197,182,169,158,155,158,164,173,184,193,201,207,211,214,216,218,221,226,231,237,240,239,234
MA11,2004/08/11,225,214,200,183,168,156,150,151,157,168,181,194,206,215,221,224,225,223,222,223,228,232,235,235
MA11,2004/08/12,232,226,214,197,179,162,149,140,140,149,162,179,195,210,221,227,228,225,221,219,220,224,229,234
MA11,2004/08/13,238,238,231,217,199,178,158,142,135,136,148,166,187,206,223,232,235,232,226,220,217,218,223,231
MA11,2004/08/14,240,246,245,236,220,199,174,152,135,130,136,152,174,197,218,233,239,237,230,221,214,211,214,223
MA11,2004/08/15,235,246,252,249,237,217,191,164,142,128,127,138,158,184,209,228,239,239,231,220,209,201,200,207
MA11,2004/08/16,221,236,248,252,247,232,208,179,151,131,123,127,144,169,195,218,233,236,229,217,202,190,184,188
MA11,2004/08/17,200,216,233,243,245,237,216,187,157,132,117,116,127,150,179,206,226,235,231,219,205,190,179,178
MA11,2004/08/18,187,204,224,241,250,248,235,212,182,153,132,124,129,147,173,200,224,238,238,228,213,194,178,171
MA11,2004/08/19,174,187,207,226,242,250,246,228,203,175,153,140,139,151,174,201,226,243,248,243,230,210,192,180
MA11,2004/08/20,179,188,205,225,245,259,263,255,236,211,188,169,160,164,178,199,222,240,248,246,233,212,190,174
MA11,2004/08/21,165,166,176,193,213,231,241,240,230,213,195,179,168,167,178,195,216,234,244,247,237,218,196,175
MA11,2004/08/22,159,153,156,167,184,202,217,223,222,214,202,189,180,177,182,195,212,228,240,246,241,225,205,182
MA11,2004/08/23,163,151,146,149,159,174,190,202,209,211,208,201,196,194,196,204,216,228,241,249,249,239,224,205
MA11,2004/08/24,186,170,159,155,157,166,178,190,202,211,217,220,220,218,220,224,230,238,246,254,256,251,240,226
MA11,2004/08/25,208,190,173,158,151,151,155,163,175,187,200,211,219,225,229,232,234,236,240,246,250,250,247,239
MA11,2004/08/26,226,211,193,174,158,149,144,144,151,164,180,198,214,227,235,240,241,238,238,240,243,247,249,249
MA11,2004/08/27,245,236,222,202,179,159,143,134,133,140,155,175,196,215,231,240,241,237,230,225,225,227,233,241
MA11,2004/08/28,246,245,237,221,198,174,150,131,119,119,130,150,176,202,222,236,241,236,227,218,211,211,217,227
MA11,2004/08/29,239,249,251,243,225,200,170,142,121,112,115,130,153,181,207,227,237,234,224,212,201,194,197,208
MA11,2004/08/30,225,243,256,259,251,231,201,170,142,124,119,127,146,174,203,226,240,241,233,218,201,189,185,193
MA11,2004/08/31,210,233,255,269,272,262,241,214,184,156,140,141,153,175,201,226,241,244,236,220,199,180,168,168
MA11,2004/09/01,180,204,228,249,260,258,243,219,188,161,143,137,145,164,189,217,236,245,242,227,206,183,165,157
MA11,2004/09/02,160,176,200,225,244,253,247,231,207,181,160,150,152,166,190,215,236,249,248,236,216,191,168,153
MA11,2004/09/03,148,158,177,200,222,238,242,234,217,196,177,164,162,171,189,212,233,246,250,243,225,200,175,155
MA11,2004/09/04,144,145,158,178,199,218,229,229,220,206,190,178,173,176,189,208,227,240,247,244,232,213,188,165
MA11,2004/09/05,150,144,149,162,180,199,214,221,219,211,201,192,188,188,197,211,225,238,246,247,238,221,200,179
MA11,2004/09/06,162,151,148,152,164,179,193,204,209,208,204,200,197,198,203,213,224,234,242,245,240,229,213,195
MA11,2004/09/07,178,164,156,152,156,165,176,188,197,202,205,205,206,208,212,217,224,232,238,244,246,241,232,219
MA11,2004/09/08,204,191,180,171,168,169,171,177,185,194,201,206,210,212,215,219,222,224,227,230,232,231,227,218
MA11,2004/09/09,208,196,182,168,156,149,147,149,156,166,179,189,199,208,213,217,217,215,215,217,219,221,222,220
MA11,2004/09/10,217,210,198,183,168,155,146,143,146,156,171,187,201,213,222,225,224,219,214,211,211,213,216,221
MA11,2004/09/11,222,221,215,201,182,164,147,136,132,137,151,169,189,206,219,225,224,217,209,202,199,200,205,214
MA11,2004/09/12,223,229,228,218,201,181,158,139,128,127,138,157,179,201,219,229,229,221,210,198,190,188,194,206
MA11,2004/09/13,219,231,237,235,223,202,177,153,134,126,131,148,172,198,220,234,237,230,217,202,190,183,186,198
MA11,2004/09/14,214,232,247,252,245,229,203,175,152,137,134,146,167,193,218,236,243,238,222,203,186,173,170,178
MA11,2004/09/15,194,216,236,248,250,240,218,190,162,140,132,136,152,178,204,227,240,237,223,203,180,162,153,155
MA11,2004/09/16,170,192,216,236,247,246,232,207,179,156,141,140,151,173,200,224,240,243,231,211,186,163,147,143
MA11,2004/09/17,152,172,198,223,241,250,244,228,204,180,163,156,161,178,202,227,246,252,245,227,200,173,151,140
MA11,2004/09/18,141,155,177,203,226,242,246,238,221,201,184,173,174,185,204,228,248,258,255,241,218,190,164,145
MA11,2004/09/19,139,146,162,184,207,227,239,239,231,216,201,189,185,191,204,223,241,252,254,245,225,198,170,147
MA11,2004/09/20,134,131,138,154,174,195,212,221,221,216,207,198,194,197,206,221,236,246,251,247,234,213,188,165
MA11,2004/09/21,147,136,136,144,158,176,194,207,214,218,217,214,213,213,218,228,238,247,253,253,246,231,210,189
MA11,2004/09/22,169,154,146,143,147,158,170,183,195,204,211,214,216,218,221,225,231,236,240,243,240,231,219,203
MA11,2004/09/23,184,168,154,142,137,138,143,153,164,177,189,199,208,214,218,220,221,222,223,225,227,225,220,212
MA11,2004/09/24,200,187,172,155,142,134,130,132,139,152,169,186,201,213,221,223,222,218,214,214,216,219,222,224
MA11,2004/09/25,223,216,204,187,168,151,138,131,132,141,158,177,197,214,225,229,225,216,206,200,198,201,209,219
MA11,2004/09/26,227,230,226,213,192,170,149,133,127,130,143,163,186,208,225,233,230,219,205,193,186,186,194,209
MA11,2004/09/27,225,238,242,237,223,199,173,151,135,131,139,157,181,205,225,237,237,225,208,190,176,170,176,191
MA11,2004/09/28,212,234,249,254,246,227,202,175,152,141,142,155,176,201,225,240,242,232,212,188,166,152,150,161
MA11,2004/09/29,183,209,232,246,248,237,216,190,166,149,143,151,170,194,218,237,245,238,219,195,169,150,142,148
MA11,2004/09/30,167,196,226,250,263,263,252,232,209,189,180,183,193,210,231,251,261,257,242,216,187,162,145,142
MA11,2004/10/01,154,177,204,230,248,255,248,232,211,190,176,172,180,197,220,240,253,253,240,218,190,161,140,130
MA11,2004/10/02,133,150,175,202,227,242,244,236,222,205,192,187,190,201,219,239,252,256,248,229,203,174,149,132
MA11,2004/10/03,127,137,155,178,202,220,231,231,222,211,200,192,191,198,214,232,245,252,249,236,215,189,164,145
MA11,2004/10/04,134,135,145,164,185,205,220,225,223,215,207,202,200,203,214,228,239,246,247,239,223,202,178,157
MA11,2004/10/05,143,137,140,151,167,186,201,211,214,214,211,207,205,207,214,225,235,242,244,241,232,217,198,180
MA11,2004/10/06,166,156,153,156,165,179,195,207,216,220,221,220,220,220,223,228,234,239,241,240,233,222,208,192
MA11,2004/10/07,177,164,155,151,153,158,167,179,189,197,204,209,212,214,217,220,222,223,224,224,222,218,211,200
MA11,2004/10/08,190,178,166,157,153,152,155,163,172,184,195,204,211,216,219,220,218,215,214,215,215,215,213,211
MA11,2004/10/09,206,199,188,176,166,158,155,158,166,178,194,208,220,228,232,232,227,221,217,217,217,221,227,230
MA11,2004/10/10,231,230,220,206,191,174,162,157,158,168,184,201,217,229,234,234,227,215,205,197,193,197,204,213
MA11,2004/10/11,222,228,224,214,198,178,160,147,144,149,164,184,204,220,230,232,224,210,196,183,176,175,183,197
MA11,2004/10/12,214,226,232,228,215,195,173,154,142,142,152,171,195,216,230,236,228,212,193,174,161,159,166,182
MA11,2004/10/13,203,224,239,243,237,220,197,173,155,148,152,169,192,214,232,242,238,220,197,172,153,143,145,158
MA11,2004/10/14,181,207,230,244,248,238,217,193,172,158,157,170,192,216,237,249,249,235,211,182,156,138,133,141
MA11,2004/10/15,161,189,217,239,250,248,234,213,191,172,164,169,184,207,230,246,250,238,214,184,153,128,116,117
MA11,2004/10/16,130,155,185,212,233,240,235,222,202,184,173,173,183,201,223,241,249,243,225,195,162,133,112,103
MA11,2004/10/17,110,129,155,185,210,227,232,226,213,198,186,181,185,199,219,237,246,246,233,207,176,143,116,100
MA11,2004/10/18,098,107,127,153,180,201,213,217,213,202,192,187,188,196,211,228,241,245,238,221,195,165,135,113
MA11,2004/10/19,102,104,115,135,158,181,198,208,213,210,206,203,202,207,219,232,244,250,249,238,220,195,168,144
MA11,2004/10/20,127,119,119,128,145,164,181,197,206,210,213,214,214,217,224,234,243,250,255,252,243,229,213,194
MA11,2004/10/21,177,163,156,156,163,174,187,200,212,221,227,231,232,232,233,235,237,241,242,241,237,229,216,201
MA11,2004/10/22,186,170,157,148,145,147,154,165,177,189,202,211,217,222,224,223,220,217,216,216,216,215,212,206
MA11,2004/10/23,197,185,170,156,146,139,137,142,152,165,181,196,206,212,213,209,201,193,188,187,188,193,198,201
MA11,2004/10/24,201,197,186,171,156,144,135,134,141,153,168,186,201,211,216,212,201,187,176,169,170,177,188,201
MA11,2004/10/25,212,217,213,203,187,168,152,144,143,151,167,186,205,220,228,226,213,194,176,161,156,160,172,189
MA11,2004/10/26,208,222,228,224,211,193,174,160,153,155,167,187,208,226,238,239,227,208,183,160,147,145,153,172
MA11,2004/10/27,196,218,231,236,231,216,195,177,164,160,167,183,202,221,235,238,229,208,180,152,131,121,124,140
MA11,2004/10/28,165,193,215,229,232,223,207,189,173,164,166,178,196,217,234,241,235,217,188,157,130,113,108,118
MA11,2004/10/29,140,169,197,218,229,228,216,200,183,171,168,175,190,209,228,239,238,224,199,168,137,114,102,104
MA11,2004/10/30,121,147,176,202,221,227,223,212,196,183,178,179,190,208,226,239,243,234,214,184,153,126,108,103
MA11,2004/10/31,113,134,161,189,212,226,229,224,213,201,192,191,198,212,230,244,251,248,232,208,179,151,128,115
MA11,2004/11/01,117,131,153,179,205,224,233,233,226,216,208,205,207,217,231,246,256,257,247,229,203,175,150,133
MA11,2004/11/02,128,134,149,171,194,214,228,233,231,225,218,213,212,218,229,241,249,253,248,234,214,190,166,146
MA11,2004/11/03,135,133,141,156,175,194,211,222,226,224,220,216,214,216,224,232,240,245,244,237,224,207,186,167
MA11,2004/11/04,153,145,144,152,165,180,196,209,215,218,217,214,212,212,215,219,224,227,227,223,215,203,188,172
MA11,2004/11/05,157,146,140,141,147,158,171,186,197,205,208,210,209,210,211,212,214,217,218,218,215,210,202,191
MA11,2004/11/06,179,168,159,154,154,158,167,180,193,204,213,218,219,220,218,215,213,211,209,210,211,211,209,205
MA11,2004/11/07,197,188,177,166,157,154,157,165,177,189,201,210,214,215,212,206,199,191,185,184,186,190,195,197
MA11,2004/11/08,198,194,184,172,160,151,146,149,158,173,188,203,212,216,214,206,194,182,172,167,168,175,186,196
MA11,2004/11/09,204,207,204,194,179,164,153,149,153,165,181,198,211,218,218,209,193,175,157,145,143,149,161,178
MA11,2004/11/10,194,206,210,205,193,176,160,150,148,154,170,189,206,218,222,214,197,175,151,132,123,125,138,157
MA11,2004/11/11,181,202,216,221,214,199,182,168,159,159,171,190,211,227,235,232,216,192,164,138,121,117,125,143
MA11,2004/11/12,170,198,222,235,237,228,212,196,183,177,182,197,215,234,246,247,234,210,178,146,121,106,102,112
MA11,2004/11/13,136,167,195,218,230,229,220,205,189,179,177,186,202,221,238,244,236,215,184,149,117,095,085,089
MA11,2004/11/14,110,139,171,201,223,233,232,223,212,200,194,197,209,226,244,254,253,238,212,177,142,112,094,089
MA11,2004/11/15,099,123,153,184,211,229,238,238,230,220,212,211,218,232,249,264,269,261,241,211,175,139,113,097
MA11,2004/11/16,093,104,125,151,179,202,216,223,223,217,212,209,210,219,233,246,253,253,241,219,190,158,129,107
MA11,2004/11/17,095,096,109,130,153,178,196,209,215,214,210,207,206,209,217,227,238,244,239,226,207,182,154,130
MA11,2004/11/18,113,105,107,119,136,156,176,193,203,208,208,206,205,205,208,215,223,230,233,229,217,203,184,163
MA11,2004/11/19,145,133,127,130,139,152,170,187,201,211,216,217,216,214,213,213,217,222,225,226,224,218,208,193
MA11,2004/11/20,178,163,152,146,146,152,162,177,192,205,213,218,219,216,211,205,201,200,201,205,210,211,210,205
MA11,2004/11/21,196,185,173,162,155,155,160,170,183,196,208,216,218,217,211,200,190,181,176,177,184,192,200,205
MA11,2004/11/22,205,201,192,180,169,162,160,165,175,189,203,215,221,222,217,205,188,171,160,156,159,168,180,192
MA11,2004/11/23,201,205,202,192,181,170,162,161,167,179,194,207,217,221,217,204,186,163,143,132,130,138,153,171
MA11,2004/11/24,189,202,207,205,196,185,175,169,170,177,190,205,218,227,227,217,198,172,146,127,118,119,132,153
MA11,2004/11/25,176,197,211,216,213,205,192,181,176,177,188,202,217,229,235,228,210,184,154,127,110,105,112,130
MA11,2004/11/26,156,182,205,218,222,217,205,194,187,185,191,204,220,236,245,245,233,210,180,152,131,120,123,135
MA11,2004/11/27,157,186,212,231,240,237,227,216,205,200,202,208,221,235,246,250,242,222,194,162,132,112,102,108
MA11,2004/11/28,126,152,180,204,219,226,224,214,203,195,192,196,206,220,235,243,241,227,202,172,142,117,102,101
MA11,2004/11/29,112,135,163,189,211,225,228,222,214,206,200,200,208,221,235,245,249,240,220,194,164,136,115,107
MA11,2004/11/30,110,125,149,176,200,219,227,226,218,209,203,200,203,212,224,236,241,238,225,203,174,146,123,108
MA11,2004/12/01,105,113,132,155,179,200,214,218,214,208,201,196,196,202,213,224,233,233,225,209,186,160,135,117
MA11,2004/12/02,108,109,121,139,160,182,199,207,208,205,198,192,190,192,200,211,219,223,220,210,193,171,149,130
MA11,2004/12/03,116,112,118,129,147,168,187,201,208,208,205,199,195,196,199,206,215,220,222,218,208,194,177,160
MA11,2004/12/04,146,137,135,141,152,169,187,202,213,218,218,214,210,206,204,206,210,214,218,218,215,209,199,186
MA11,2004/12/05,174,165,162,164,172,189,210,228,243,251,252,249,243,236,231,227,224,224,225,227,227,224,219,211
MA11,2004/12/06,200,188,178,171,170,174,183,195,208,218,223,223,218,210,200,190,183,178,176,177,182,186,190,192
MA11,2004/12/07,188,182,175,165,158,158,163,173,187,201,212,217,217,212,202,190,177,166,160,159,164,174,185,194
MA11,2004/12/08,201,203,199,190,180,173,171,174,184,197,209,218,221,218,209,193,174,156,141,134,136,145,160,177
MA11,2004/12/09,192,203,207,202,192,181,173,171,176,186,201,213,221,222,214,197,175,150,128,115,110,116,133,155
MA11,2004/12/10,178,199,211,215,211,202,193,186,185,192,205,219,231,238,236,223,200,171,142,118,105,104,115,136
MA11,2004/12/11,163,189,212,224,226,220,210,200,193,193,200,212,226,236,238,229,209,179,145,114,090,079,083,099
MA11,2004/12/12,124,154,184,207,220,224,219,210,202,197,199,209,222,237,246,246,233,208,176,141,109,089,082,089
MA11,2004/12/13,109,139,172,201,222,235,237,231,223,215,210,213,224,237,250,256,250,232,202,166,130,100,081,076
MA11,2004/12/14,085,106,135,166,193,213,223,223,218,210,204,203,209,222,238,250,252,243,223,193,157,123,096,081
MA11,2004/12/15,080,093,115,143,171,196,212,218,217,212,204,199,200,209,223,238,248,247,237,217,190,158,128,107
MA11,2004/12/16,098,100,115,137,163,190,212,224,229,228,222,215,213,216,224,237,248,253,251,237,217,193,165,139
MA11,2004/12/17,122,115,119,133,150,172,193,208,218,221,216,209,202,197,199,206,216,225,230,229,220,205,184,163
MA11,2004/12/18,145,134,132,138,151,169,189,206,218,224,222,215,207,199,194,195,201,208,216,221,220,214,203,188
MA11,2004/12/19,171,157,149,148,155,168,184,200,213,221,222,217,209,198,188,181,179,180,185,193,199,201,200,194
MA11,2004/12/20,185,176,169,164,165,173,185,199,214,225,231,230,224,214,202,191,182,177,178,186,194,201,206,208
MA11,2004/12/21,208,204,198,190,185,186,192,202,214,225,232,234,230,220,206,190,174,162,155,155,162,174,185,196
MA11,2004/12/22,204,207,207,203,199,197,197,202,211,223,233,237,237,231,219,203,183,163,148,141,144,155,171,188
MA11,2004/12/23,203,215,222,221,217,213,209,208,212,221,230,238,242,240,232,217,195,170,148,132,125,130,144,162
MA11,2004/12/24,182,201,213,219,219,214,208,203,202,208,216,225,233,238,234,223,203,177,151,128,113,112,121,139
MA11,2004/12/25,163,187,207,219,223,221,215,207,204,205,210,220,231,239,241,236,220,195,166,139,118,109,112,125
MA11,2004/12/26,147,174,199,217,227,229,226,219,211,207,210,217,227,238,245,245,233,210,181,151,124,107,101,108
MA11,2004/12/27,128,155,181,203,219,226,224,217,208,202,200,203,214,228,240,246,242,225,200,169,139,115,102,100
MA11,2004/12/28,112,136,164,190,211,222,223,218,209,201,196,196,204,217,231,242,242,231,210,182,151,124,105,098
MA11,2004/12/29,104,122,147,174,200,217,223,221,214,207,199,197,202,213,229,243,250,248,235,213,186,157,134,117
MA11,2004/12/30,112,123,146,170,193,214,224,225,220,209,199,191,189,196,208,221,231,233,224,207,182,156,132,112
MA11,2004/12/31,104,109,124,147,172,195,211,218,216,209,199,191,188,193,204,218,232,241,240,232,216,195,173,153
