MA11,1990/01/01,111,118,137,159,184,208,223,228,224,213,201,190,184,187,198,214,228,235,234,224,205,180,153,131
MA11,1990/01/02,119,118,129,148,170,192,211,220,220,213,201,186,174,171,176,188,202,214,220,218,209,191,170,149
MA11,1990/01/03,135,130,135,147,166,188,208,222,226,223,212,197,182,172,170,175,185,198,208,213,213,204,190,174
MA11,1990/01/04,159,151,150,155,169,187,204,217,225,225,216,202,185,170,160,157,160,168,179,188,194,195,190,181
MA11,1990/01/05,171,162,158,161,169,181,197,210,220,223,219,206,190,173,157,146,141,143,150,161,172,181,186,187
MA11,1990/01/06,185,182,180,180,183,192,204,216,228,235,236,229,215,198,179,160,146,136,134,140,150,162,176,185
MA11,1990/01/07,191,196,195,193,194,196,201,209,217,222,225,222,213,200,181,160,139,120,109,106,112,126,142,159
MA11,1990/01/08,174,186,193,196,195,195,196,199,204,212,218,221,219,211,197,177,151,124,103,089,087,094,109,130
MA11,1990/01/09,153,175,192,200,202,203,201,199,201,206,213,221,224,225,220,205,181,152,121,097,084,082,091,111
MA11,1990/01/10,136,163,187,204,212,212,209,205,201,204,212,220,231,243,245,238,223,197,166,136,110,096,098,112
MA11,1990/01/11,135,164,190,210,223,227,223,214,205,202,203,210,221,233,243,245,235,214,183,147,114,091,080,083
MA11,1990/01/12,099,126,156,183,202,212,213,206,196,188,185,190,201,217,235,247,247,235,212,180,146,117,098,092
MA11,1990/01/13,102,124,152,182,206,221,227,220,208,197,188,185,191,202,219,236,244,239,223,196,163,132,106,091
MA11,1990/01/14,093,108,133,162,188,208,217,213,202,189,175,166,168,179,195,215,231,235,230,213,189,160,132,112
MA11,1990/01/15,104,112,133,159,183,205,219,220,210,195,179,165,160,164,176,194,211,220,222,213,194,172,147,126
MA11,1990/01/16,116,119,133,155,179,202,218,223,218,206,189,171,160,158,167,181,197,210,216,214,205,189,170,151
MA11,1990/01/17,139,136,143,158,178,199,217,224,221,210,193,175,159,149,150,157,168,181,190,193,190,183,170,155
MA11,1990/01/18,144,140,143,152,168,187,204,215,216,210,196,178,162,150,144,145,153,162,171,178,182,181,176,167
MA11,1990/01/19,159,153,152,157,167,182,198,210,214,212,202,187,171,157,146,141,142,145,153,161,169,174,175,173
MA11,1990/01/20,171,170,170,174,179,188,199,208,215,216,209,197,183,167,154,145,137,134,136,140,147,155,161,166
MA11,1990/01/21,170,174,177,179,182,187,194,202,209,212,211,204,194,182,170,156,145,135,129,129,134,145,156,166
MA11,1990/01/22,176,185,191,194,195,196,199,203,209,215,218,217,212,204,193,180,164,149,137,131,131,137,148,161
MA11,1990/01/23,177,192,201,206,208,208,207,205,207,213,218,219,220,215,207,194,175,155,136,121,116,120,130,147
MA11,1990/01/24,168,189,205,216,221,221,218,214,212,214,219,225,229,231,229,218,200,177,152,131,117,114,120,133
MA11,1990/01/25,154,177,197,211,218,217,211,202,196,194,198,205,214,222,224,218,203,180,150,122,101,090,090,100
MA11,1990/01/26,120,147,173,193,205,209,204,195,186,180,180,187,198,210,220,223,214,194,165,133,106,087,079,084
MA11,1990/01/27,102,130,159,184,201,210,207,197,184,174,171,174,184,201,216,225,225,212,186,155,124,098,083,080
MA11,1990/01/28,092,116,144,171,193,206,207,197,183,169,159,156,163,179,199,215,223,217,199,172,141,110,087,078
MA11,1990/01/29,083,103,130,157,183,202,209,203,189,173,160,152,155,171,192,214,231,237,228,209,181,152,127,111
MA11,1990/01/30,110,122,143,169,195,214,223,219,205,186,166,151,145,150,166,187,206,218,220,208,188,163,136,117
MA11,1990/01/31,109,114,131,154,178,200,213,214,204,186,164,144,131,129,140,159,180,198,208,206,195,177,156,137
MA11,1990/02/01,127,127,138,156,178,199,214,219,214,198,176,154,135,125,128,139,156,174,189,195,193,184,171,155
MA11,1990/02/02,145,143,148,160,177,195,209,216,213,201,183,160,137,121,113,115,124,137,151,162,168,169,165,158
MA11,1990/02/03,152,149,152,161,173,189,203,211,213,208,195,177,155,135,122,116,116,123,135,146,157,165,169,170
MA11,1990/02/04,170,170,172,176,183,195,206,215,220,217,208,195,177,156,138,124,114,109,111,118,128,141,152,160
MA11,1990/02/05,167,173,177,180,184,190,197,203,207,208,206,199,187,171,153,135,116,102,093,091,097,108,122,138
MA11,1990/02/06,153,166,175,179,181,183,184,187,191,195,199,199,194,187,174,157,135,112,094,084,081,088,103,121
MA11,1990/02/07,143,162,176,184,187,187,184,182,182,185,191,197,201,202,197,185,164,138,111,089,078,076,085,104
MA11,1990/02/08,128,153,173,186,191,190,185,178,174,173,179,189,200,208,211,207,192,166,135,106,084,074,075,089
MA11,1990/02/09,112,141,166,184,193,194,187,177,167,161,162,171,184,198,210,213,206,186,156,123,094,074,066,074
MA11,1990/02/10,095,122,151,174,188,192,186,173,158,147,144,150,164,183,202,215,217,206,183,152,121,096,082,083
MA11,1990/02/11,098,124,154,181,201,209,206,193,176,161,152,152,161,178,201,221,230,228,213,187,156,128,109,101
MA11,1990/02/12,108,128,155,182,204,216,216,204,184,164,150,143,145,159,180,202,218,223,215,195,169,142,119,105
MA11,1990/02/13,106,118,141,168,191,206,209,200,181,158,139,127,125,133,151,174,194,206,207,196,177,154,132,117
MA11,1990/02/14,113,122,141,165,188,205,210,204,187,164,143,127,118,120,133,152,172,187,194,191,179,163,145,130
MA11,1990/02/15,124,127,140,160,181,199,209,208,196,175,153,135,122,118,125,140,157,174,185,188,184,174,160,148
MA11,1990/02/16,142,143,152,167,186,203,214,216,208,191,171,151,134,124,125,133,145,159,171,179,180,175,167,160
MA11,1990/02/17,155,154,160,170,184,198,208,211,205,192,176,157,139,126,121,122,128,137,147,154,159,160,158,155
MA11,1990/02/18,153,153,157,164,174,184,194,200,198,189,176,160,143,129,119,114,113,118,124,131,138,144,148,151
MA11,1990/02/19,153,155,159,163,169,177,184,189,191,186,178,167,153,139,127,118,112,111,111,115,122,131,140,150
MA11,1990/02/20,159,167,173,177,181,185,189,193,195,195,192,187,179,168,157,146,134,123,116,113,116,125,135,149
MA11,1990/02/21,163,175,184,189,190,190,190,189,190,192,194,194,190,184,174,160,142,125,111,102,100,105,116,132
MA11,1990/02/22,150,168,181,188,190,188,184,181,179,180,186,193,197,198,193,181,164,142,120,103,094,093,102,119
MA11,1990/02/23,141,164,183,194,198,196,188,180,173,172,177,187,197,205,208,203,188,166,140,116,099,092,096,112
MA11,1990/02/24,136,163,187,205,213,211,203,190,179,173,176,187,202,217,227,230,220,199,170,140,115,100,096,105
MA11,1990/02/25,126,153,179,199,211,212,202,186,168,155,152,160,175,195,215,226,226,212,186,155,126,104,094,097
MA11,1990/02/26,113,140,167,191,208,211,201,184,161,141,132,133,146,169,193,213,223,218,201,174,144,118,101,097
MA11,1990/02/27,109,130,157,184,204,212,206,188,164,140,122,116,123,141,168,196,214,220,212,191,164,137,114,105
MA11,1990/02/28,109,126,151,177,198,210,207,192,168,139,115,101,099,112,136,163,187,203,206,195,176,153,132,120
MA11,1990/03/01,120,131,150,174,197,211,214,204,182,153,126,106,095,098,114,139,165,185,197,197,187,171,153,141
MA11,1990/03/02,138,145,160,179,199,216,223,218,202,177,149,124,105,098,105,121,142,163,180,188,188,180,169,159
MA11,1990/03/03,155,157,167,182,199,214,223,222,210,190,166,141,119,105,103,109,123,141,159,172,181,183,180,177
MA11,1990/03/04,175,177,183,194,207,221,231,234,227,214,196,175,153,134,123,120,123,131,143,156,168,175,179,182
MA11,1990/03/05,184,186,191,196,204,214,223,227,225,218,207,192,175,156,140,128,122,121,125,133,143,155,166,175
MA11,1990/03/06,183,190,194,197,202,207,213,216,217,215,212,206,195,181,166,150,135,123,117,118,124,135,149,164
MA11,1990/03/07,177,189,196,199,201,202,202,203,206,208,211,214,212,205,195,180,162,141,123,113,114,122,135,152
MA11,1990/03/08,171,187,198,203,201,197,192,187,186,188,194,202,207,209,206,194,174,150,128,110,102,104,113,130
MA11,1990/03/09,153,174,189,195,194,187,177,167,161,161,168,179,192,201,206,204,190,168,142,118,102,095,101,117
MA11,1990/03/10,141,165,185,195,197,189,175,161,148,142,147,159,176,193,207,213,207,189,164,137,115,103,101,113
MA11,1990/03/11,136,162,184,199,204,197,183,164,145,134,134,143,160,182,202,217,220,209,189,162,137,120,113,119
MA11,1990/03/12,139,166,192,212,222,219,206,185,163,146,141,147,163,186,210,232,244,242,225,199,173,150,135,134
MA11,1990/03/13,147,168,192,212,225,225,213,191,164,140,126,123,131,150,174,198,214,219,212,195,172,148,132,127
MA11,1990/03/14,135,153,175,196,212,216,207,188,161,134,115,106,109,124,147,173,193,204,205,195,178,160,144,136
MA11,1990/03/15,140,154,175,198,216,225,221,206,183,158,136,123,119,127,145,169,191,206,213,209,197,182,166,155
MA11,1990/03/16,154,162,176,195,212,221,220,207,185,159,135,116,106,107,118,138,159,176,187,190,184,174,163,154
MA11,1990/03/17,151,156,168,183,200,211,214,207,190,167,144,125,112,108,114,127,144,161,174,182,181,177,171,164
MA11,1990/03/18,162,165,172,184,199,210,216,213,200,181,161,142,127,118,117,125,136,150,164,173,179,180,178,176
MA11,1990/03/19,175,177,182,188,198,208,214,213,206,192,175,158,142,128,122,122,126,135,145,155,163,169,172,174
MA11,1990/03/20,177,182,186,190,197,204,210,212,209,201,189,175,160,147,135,129,126,127,132,139,148,157,164,171
MA11,1990/03/21,178,184,187,189,191,194,197,198,198,195,190,182,172,160,148,137,127,121,118,121,128,138,150,161
MA11,1990/03/22,172,181,185,186,185,184,182,182,182,183,185,184,179,172,162,151,136,123,113,109,112,122,135,152
MA11,1990/03/23,169,182,190,191,188,183,176,172,170,173,179,186,190,189,183,172,155,137,120,108,105,111,125,143
MA11,1990/03/24,164,183,196,201,199,191,181,171,166,168,179,193,207,215,217,211,196,173,151,131,119,119,128,145
MA11,1990/03/25,169,190,206,214,210,198,182,164,151,147,154,170,189,205,214,215,204,184,158,133,114,106,110,126
MA11,1990/03/26,150,175,195,206,205,194,175,152,132,122,124,138,161,185,206,218,217,203,180,153,130,115,112,122
MA11,1990/03/27,143,168,192,207,210,201,181,154,127,108,102,111,131,159,188,210,220,216,199,175,151,132,123,127
MA11,1990/03/28,143,167,191,209,218,213,195,167,136,109,094,094,108,134,165,194,215,222,215,200,179,159,147,145
MA11,1990/03/29,156,176,200,219,232,232,218,193,159,126,103,092,096,114,141,173,200,217,221,214,199,182,168,162
MA11,1990/03/30,166,180,198,217,231,234,225,203,172,137,108,087,079,087,106,134,162,185,197,199,193,181,170,162
MA11,1990/03/31,162,172,188,205,221,230,226,213,188,157,128,102,086,084,094,113,138,162,180,191,193,188,181,176
MA11,1990/04/01,176,182,193,208,223,234,237,230,213,189,163,137,116,104,103,112,128,146,164,177,184,187,186,184
MA11,1990/04/02,184,186,193,203,214,224,230,227,217,201,181,161,140,122,113,112,117,128,141,155,168,176,179,182
MA11,1990/04/03,184,186,189,192,198,206,211,213,210,202,192,178,162,145,131,122,119,121,127,138,150,162,172,181
MA11,1990/04/04,189,193,194,195,197,201,206,208,210,209,206,202,194,182,169,156,145,138,137,141,152,165,177,189
MA11,1990/04/05,200,205,206,204,201,198,196,195,196,200,205,207,207,202,191,177,161,146,135,132,137,147,160,177
MA11,1990/04/06,193,203,205,202,195,188,179,173,172,175,184,195,203,206,202,191,175,156,139,128,126,132,146,164
MA11,1990/04/07,182,196,202,200,191,177,163,152,145,147,157,170,185,197,203,201,190,172,153,137,130,132,143,162
MA11,1990/04/08,184,203,215,216,209,195,177,161,149,147,154,170,190,206,219,226,221,206,186,164,149,143,146,162
MA11,1990/04/09,183,202,217,222,214,198,178,154,135,125,127,140,160,183,204,217,220,211,193,173,155,145,144,154
MA11,1990/04/10,174,195,212,220,217,204,181,155,131,115,111,119,137,162,185,204,212,209,196,178,160,145,140,146
MA11,1990/04/11,162,182,200,213,214,203,182,154,126,105,095,097,111,134,160,184,200,203,198,185,167,151,142,143
MA11,1990/04/12,154,173,192,206,211,205,188,161,132,108,092,088,096,117,144,169,190,202,201,194,182,166,155,154
MA11,1990/04/13,160,175,194,210,219,218,205,181,153,126,105,096,097,111,133,159,183,199,206,204,196,184,173,170
MA11,1990/04/14,173,184,201,217,227,230,223,204,178,151,128,113,109,117,134,158,181,199,210,215,212,203,194,189
MA11,1990/04/15,190,196,208,222,233,239,235,221,199,174,149,130,119,119,128,145,165,182,196,204,204,199,192,187
MA11,1990/04/16,184,187,195,206,217,224,225,215,198,177,155,135,120,114,117,128,144,160,174,186,191,191,189,187
MA11,1990/04/17,185,187,191,199,207,215,218,213,202,186,168,149,133,122,119,124,133,145,159,171,181,186,189,189
MA11,1990/04/18,190,191,192,195,200,205,210,211,205,194,180,165,150,137,129,126,128,135,144,154,166,175,181,186
MA11,1990/04/19,189,190,190,189,190,192,194,196,195,191,185,177,166,154,143,134,130,129,133,142,153,164,175,184
MA11,1990/04/20,190,193,192,188,183,181,180,181,183,185,187,186,181,172,162,150,140,133,130,133,142,154,169,182
MA11,1990/04/21,194,200,199,194,186,177,170,167,169,175,183,190,193,191,183,171,158,143,133,129,134,145,160,177
MA11,1990/04/22,192,201,204,198,185,171,158,148,147,153,167,183,196,204,204,198,184,166,150,140,139,146,161,180
MA11,1990/04/23,200,217,224,220,208,191,170,153,145,147,160,181,203,221,232,233,222,203,183,167,157,156,165,183
MA11,1990/04/24,204,220,229,227,215,192,164,139,120,114,123,143,168,194,214,224,222,210,191,173,160,153,157,170
MA11,1990/04/25,189,208,222,224,214,192,162,129,101,086,085,098,123,154,184,205,215,213,201,184,168,157,156,165
MA11,1990/04/26,182,202,219,227,223,206,177,142,108,083,071,074,093,122,155,185,207,215,212,202,188,175,169,172
MA11,1990/04/27,184,201,218,229,230,220,196,162,125,092,069,061,069,090,120,151,179,197,203,201,192,180,172,172
MA11,1990/04/28,179,193,211,226,234,231,215,188,153,119,090,073,070,080,102,130,159,183,197,202,200,192,184,181
MA11,1990/04/29,184,194,208,223,233,237,231,214,186,155,126,102,088,088,100,120,144,168,188,200,203,199,192,186
MA11,1990/04/30,185,189,199,211,223,232,232,222,204,179,152,127,109,099,100,110,128,149,169,186,197,200,199,196
MA11,1990/05/01,194,195,200,208,218,227,232,231,222,207,188,166,146,130,122,123,132,145,161,177,190,197,198,196
MA11,1990/05/02,193,191,189,191,195,200,207,208,205,199,188,173,156,140,126,120,120,126,136,150,165,177,184,186
MA11,1990/05/03,186,184,179,176,175,176,180,184,187,187,186,180,171,159,145,134,127,125,129,140,154,167,179,186
MA11,1990/05/04,189,187,182,175,168,164,164,167,172,179,186,190,190,186,176,165,154,146,144,149,160,173,187,199
MA11,1990/05/05,205,206,201,191,178,167,161,158,161,169,180,191,198,201,197,187,174,163,152,149,155,165,178,192
MA11,1990/05/06,201,204,200,188,172,155,140,131,129,134,146,162,177,188,192,189,180,168,155,147,147,153,166,182
MA11,1990/05/07,196,204,204,195,179,159,139,124,115,116,127,146,166,184,197,201,197,186,174,163,158,160,170,186
MA11,1990/05/08,202,215,220,214,199,178,155,133,119,115,123,141,162,186,206,218,220,213,199,186,177,174,179,191
MA11,1990/05/09,207,222,229,226,214,192,167,141,119,107,108,121,142,166,190,207,215,213,203,190,178,172,172,181
MA11,1990/05/10,196,212,225,227,219,201,176,147,121,104,098,105,123,147,172,195,209,212,208,197,186,177,172,175
MA11,1990/05/11,188,203,217,225,223,210,187,157,129,107,094,095,108,130,156,182,202,212,213,207,197,186,180,181
MA11,1990/05/12,189,203,217,228,230,222,204,177,147,121,103,098,103,119,143,169,191,207,213,211,204,195,187,185
MA11,1990/05/13,189,200,212,224,231,228,214,191,163,136,114,101,100,110,128,152,177,195,207,210,206,199,192,187
MA11,1990/05/14,188,196,207,220,229,231,224,207,183,156,133,116,109,113,126,147,168,188,203,212,214,210,205,200
MA11,1990/05/15,200,204,212,222,233,239,237,226,207,183,159,139,125,121,126,139,156,175,191,203,208,207,203,197
MA11,1990/05/16,193,192,195,200,208,216,219,214,201,182,161,141,124,115,114,120,133,149,165,179,189,193,191,187
MA11,1990/05/17,183,180,179,181,187,194,200,201,196,185,171,154,139,126,120,120,127,138,152,167,180,190,193,193
MA11,1990/05/18,190,186,181,178,178,182,187,191,192,190,184,174,161,148,138,133,133,138,148,162,177,190,197,201
MA11,1990/05/19,201,196,188,181,175,174,176,180,187,192,194,193,187,177,166,156,150,149,153,162,177,190,201,208
MA11,1990/05/20,210,205,195,182,168,158,155,158,165,175,185,194,197,194,187,176,165,157,155,159,170,184,198,210
MA11,1990/05/21,216,215,207,191,173,156,143,139,144,156,173,190,204,211,211,204,193,181,173,171,177,188,202,216
MA11,1990/05/22,227,230,223,207,184,159,137,123,120,128,146,168,190,207,217,217,210,199,187,179,178,185,197,212
MA11,1990/05/23,226,233,230,217,194,164,135,110,096,097,110,133,161,188,208,218,219,211,199,187,180,181,189,202
MA11,1990/05/24,217,229,232,225,206,177,143,110,086,076,080,099,126,158,188,209,220,221,213,201,192,187,190,199
MA11,1990/05/25,214,230,239,238,227,204,171,134,101,078,070,078,099,130,162,191,211,220,218,210,200,191,189,194
MA11,1990/05/26,205,220,234,240,236,220,193,157,120,089,068,064,074,097,127,158,184,202,209,207,199,191,185,185
MA11,1990/05/27,192,206,221,232,236,230,212,183,148,113,085,070,069,081,103,131,161,184,197,201,197,190,183,179
MA11,1990/05/28,181,190,203,217,228,230,221,202,175,142,112,090,079,081,095,118,143,168,187,196,198,193,184,177
MA11,1990/05/29,174,179,189,201,212,221,221,211,193,169,142,117,100,093,098,113,133,156,177,191,197,196,189,181
MA11,1990/05/30,175,173,176,184,195,205,212,210,200,184,165,143,125,113,109,115,130,148,167,184,195,199,195,188
MA11,1990/05/31,179,172,169,170,176,184,193,197,196,189,178,164,147,134,126,125,132,145,162,179,192,200,201,195
MA11,1990/06/01,188,178,169,163,164,168,175,182,187,188,185,180,171,160,150,144,144,150,162,178,193,205,210,209
MA11,1990/06/02,202,192,180,169,162,160,163,169,176,183,188,191,189,184,176,169,164,164,170,181,194,207,215,217
MA11,1990/06/03,213,205,191,176,162,152,148,149,155,164,175,185,191,192,189,183,176,171,170,176,186,199,210,217
MA11,1990/06/04,218,212,199,183,166,150,140,135,138,148,162,177,191,200,203,201,195,189,185,184,190,201,212,222
MA11,1990/06/05,227,226,217,202,181,161,144,132,128,133,146,165,184,198,209,212,209,202,194,188,189,194,203,214
MA11,1990/06/06,224,227,221,207,188,164,140,122,110,110,120,138,160,181,197,206,207,202,192,184,180,182,188,199
MA11,1990/06/07,210,218,218,210,193,169,144,120,101,093,098,114,137,161,183,200,207,205,198,189,182,180,182,191
MA11,1990/06/08,204,216,222,220,207,186,160,133,109,095,094,105,124,149,175,197,210,215,212,203,193,188,186,192
MA11,1990/06/09,206,219,228,231,224,207,183,155,128,108,099,102,118,141,169,194,212,222,223,217,209,202,197,198
MA11,1990/06/10,207,221,233,239,237,224,201,173,143,117,101,097,104,122,147,174,196,210,216,213,206,197,189,186
MA11,1990/06/11,192,204,218,229,234,229,213,189,159,131,111,100,101,114,135,161,185,205,215,216,211,203,196,191
MA11,1990/06/12,192,200,211,224,234,235,226,208,181,153,130,113,108,114,129,152,176,197,213,219,218,213,204,196
MA11,1990/06/13,193,198,207,218,229,235,234,224,204,178,153,133,121,119,129,145,166,188,205,216,217,213,204,194
MA11,1990/06/14,187,185,188,197,208,217,221,217,204,184,162,141,126,119,122,134,151,172,191,204,211,211,203,193
MA11,1990/06/15,184,177,175,179,188,199,208,210,206,195,178,162,146,135,133,138,150,167,185,201,213,218,215,206
MA11,1990/06/16,197,187,179,176,180,189,200,208,211,208,201,189,175,163,155,154,160,170,184,200,213,220,220,212
MA11,1990/06/17,201,188,173,163,159,161,168,178,186,192,193,189,182,173,164,159,159,165,176,189,202,211,215,212
MA11,1990/06/18,204,190,172,156,143,137,138,146,157,169,180,187,189,186,181,175,170,171,176,185,199,211,219,220
MA11,1990/06/19,215,203,185,164,144,130,122,123,131,146,164,180,193,201,202,198,194,190,190,196,206,217,227,234
MA11,1990/06/20,235,229,212,188,163,141,122,113,114,124,143,165,186,203,213,216,214,209,204,203,207,214,224,232
MA11,1990/06/21,239,238,227,208,182,153,126,106,096,099,113,136,163,189,209,221,224,222,217,211,210,214,222,233
MA11,1990/06/22,244,250,248,236,213,184,151,121,099,089,095,113,138,168,196,216,228,229,223,215,209,208,211,219
MA11,1990/06/23,232,244,249,245,231,206,173,136,105,084,077,084,105,134,165,192,211,220,218,211,203,197,196,201
MA11,1990/06/24,214,228,240,245,241,225,198,163,128,098,080,076,088,112,141,172,198,213,218,214,206,198,192,192
MA11,1990/06/25,202,216,232,244,249,244,227,199,165,132,106,092,094,108,133,163,191,213,223,223,216,206,196,190
MA11,1990/06/26,191,201,216,232,244,248,240,221,194,162,133,112,104,110,129,154,181,205,221,227,222,213,201,190
MA11,1990/06/27,187,191,202,217,233,242,244,235,216,189,162,139,125,122,132,151,175,200,219,228,229,221,208,194
MA11,1990/06/28,184,181,184,194,208,222,230,229,219,203,182,162,145,136,137,150,169,191,211,224,228,222,210,196
MA11,1990/06/29,182,173,169,173,183,196,206,211,210,202,189,174,160,149,146,151,164,182,200,214,223,223,214,199
MA11,1990/06/30,184,172,162,158,162,171,181,190,195,193,189,181,172,163,157,158,165,178,192,207,218,222,218,207
MA11,1990/07/01,193,179,164,154,151,154,161,169,177,183,186,186,183,179,175,173,175,182,193,205,216,223,222,216
MA11,1990/07/02,204,190,174,160,150,146,147,152,161,170,179,187,191,192,191,189,188,190,195,204,214,222,226,224
MA11,1990/07/03,216,204,188,170,155,143,137,137,142,152,164,177,188,194,197,197,195,194,194,198,205,214,220,222
MA11,1990/07/04,220,212,199,182,164,146,133,126,126,134,147,163,180,194,204,207,206,203,200,198,202,210,218,225
MA11,1990/07/05,228,226,216,200,181,160,141,127,120,122,134,152,172,190,205,213,216,213,207,202,201,205,212,220
MA11,1990/07/06,228,232,228,216,199,177,153,132,119,114,122,139,160,183,204,218,225,225,219,211,206,204,208,217
MA11,1990/07/07,227,235,238,231,215,194,168,141,121,110,109,121,142,167,191,211,222,225,220,211,203,199,199,205
MA11,1990/07/08,216,228,236,236,227,209,183,154,127,109,101,107,125,149,175,199,216,223,221,214,205,197,193,196
MA11,1990/07/09,207,221,234,240,237,223,200,172,141,116,103,101,112,133,160,187,209,222,225,220,210,199,192,189
MA11,1990/07/10,196,211,226,238,243,237,220,194,164,135,114,106,110,126,151,178,203,220,227,225,215,203,192,185
MA11,1990/07/11,187,197,213,229,239,241,232,212,184,154,130,115,112,122,142,167,192,212,225,225,218,206,192,180
MA11,1990/07/12,177,183,197,214,228,237,236,223,201,174,149,130,122,125,139,161,185,208,224,229,225,214,199,185
MA11,1990/07/13,177,175,183,197,214,228,235,230,216,196,174,154,141,138,145,162,183,205,222,231,231,222,208,191
MA11,1990/07/14,177,169,171,178,192,209,221,225,220,207,189,172,157,150,152,162,178,198,214,225,228,223,210,193
MA11,1990/07/15,175,161,153,154,163,177,193,204,208,206,198,188,177,170,169,175,187,202,218,230,237,237,226,210
MA11,1990/07/16,191,173,158,149,149,156,169,182,192,199,200,197,192,187,184,186,192,202,215,227,236,239,234,223
MA11,1990/07/17,206,188,169,153,144,145,150,161,174,187,199,205,208,208,207,207,209,214,221,231,239,245,245,238
MA11,1990/07/18,226,209,188,167,149,137,133,137,147,162,178,193,205,213,217,219,219,219,223,228,236,243,248,247
MA11,1990/07/19,242,231,212,190,166,144,129,123,125,136,153,173,193,209,220,225,226,224,222,221,224,230,238,243
MA11,1990/07/20,245,241,229,209,183,156,130,111,102,105,118,139,163,187,206,218,222,221,217,211,209,212,219,228
MA11,1990/07/21,238,243,239,227,206,178,147,119,099,090,096,113,138,167,193,212,222,223,218,211,205,202,206,216
MA11,1990/07/22,229,243,250,246,233,209,178,144,115,095,091,100,121,150,179,205,221,226,223,213,203,196,194,200
MA11,1990/07/23,214,232,246,252,248,233,206,173,139,112,097,096,111,136,166,195,216,227,226,217,204,193,186,187
MA11,1990/07/24,198,214,233,248,253,248,231,204,171,139,117,108,114,133,161,191,216,231,233,227,214,198,185,179
MA11,1990/07/25,183,196,216,234,247,251,243,224,196,166,140,125,123,134,157,184,210,230,237,232,220,203,186,175
MA11,1990/07/26,172,178,193,212,229,241,241,230,211,186,161,144,135,139,156,179,204,225,237,238,228,211,191,174
MA11,1990/07/27,164,164,173,189,207,222,230,228,217,199,179,161,149,148,158,176,198,218,232,237,231,216,197,178
MA11,1990/07/28,164,157,158,168,184,200,212,216,212,202,188,173,163,158,163,176,194,212,227,235,233,222,204,184
MA11,1990/07/29,167,155,150,153,163,176,189,199,202,199,193,185,178,174,175,183,196,210,224,234,236,230,216,199
MA11,1990/07/30,182,167,156,152,156,164,174,183,190,195,195,193,190,188,189,193,201,211,222,232,237,235,226,213
MA11,1990/07/31,198,182,168,158,153,155,160,168,177,184,190,194,196,198,201,203,206,212,219,227,233,235,232,223
MA11,1990/08/01,210,196,181,167,156,150,150,153,160,170,182,191,199,206,210,212,213,214,217,221,227,232,232,228
MA11,1990/08/02,221,210,197,182,165,152,144,141,144,153,165,180,194,205,214,218,218,217,215,215,218,224,228,230
MA11,1990/08/03,230,224,213,197,178,160,144,134,131,135,148,165,183,200,214,221,222,219,214,211,211,214,220,227
MA11,1990/08/04,232,233,227,214,195,173,152,134,123,122,133,149,170,192,210,223,229,225,219,212,207,208,213,221
MA11,1990/08/05,232,239,238,231,215,194,168,143,125,118,121,135,158,182,205,223,232,233,226,215,207,203,204,212
MA11,1990/08/06,226,239,246,246,237,217,191,162,137,122,118,128,147,172,200,222,236,240,235,222,210,200,197,203
MA11,1990/08/07,216,233,248,255,252,238,214,185,156,134,123,125,140,164,192,219,238,246,241,229,214,200,191,192
MA11,1990/08/08,203,221,240,254,259,253,235,207,176,150,133,128,137,157,183,210,232,243,243,232,215,196,181,174
MA11,1990/08/09,180,195,215,235,247,250,240,217,188,160,139,129,130,145,169,197,221,236,239,231,215,194,175,163
MA11,1990/08/10,162,173,193,214,234,246,245,231,209,182,159,145,142,152,174,200,224,242,250,248,238,218,192,172
MA11,1990/08/11,161,163,175,194,215,232,239,233,219,198,177,162,154,157,172,193,214,233,244,243,234,214,190,167
MA11,1990/08/12,151,146,152,166,185,205,219,223,218,206,191,177,170,170,180,196,215,232,243,246,238,221,198,174
MA11,1990/08/13,155,142,138,144,158,176,193,206,210,207,201,192,186,185,190,200,215,229,241,247,245,235,218,197
MA11,1990/08/14,175,158,146,142,147,158,173,187,196,201,202,201,199,198,201,208,217,228,237,245,248,243,231,213
MA11,1990/08/15,193,173,155,142,137,139,148,158,171,183,193,201,206,208,211,215,219,224,230,235,240,240,234,224
MA11,1990/08/16,210,192,172,153,138,129,127,131,141,155,170,185,197,207,213,216,218,218,221,225,229,234,236,235
MA11,1990/08/17,230,220,203,181,159,141,129,123,125,136,153,172,192,208,219,226,227,225,221,219,223,229,234,239
MA11,1990/08/18,242,239,230,212,188,162,139,122,115,118,131,152,175,198,216,226,229,224,215,209,207,208,215,225
MA11,1990/08/19,234,240,239,229,209,183,154,128,111,106,114,132,157,184,207,222,227,223,212,201,192,190,195,206
MA11,1990/08/20,222,237,246,246,236,214,185,154,129,114,112,124,148,176,202,223,232,230,218,203,190,180,179,188
MA11,1990/08/21,205,224,242,250,247,233,209,177,147,125,116,122,140,166,195,219,234,237,227,210,191,175,167,170
MA11,1990/08/22,184,204,228,245,252,248,232,205,176,150,134,132,145,167,195,223,241,247,241,224,203,183,169,165
MA11,1990/08/23,173,191,215,237,252,256,247,228,201,175,157,148,153,172,197,224,245,255,251,238,216,192,174,163
MA11,1990/08/24,163,175,196,218,237,249,248,236,216,194,173,162,162,173,193,218,239,251,252,240,220,195,172,156
MA11,1990/08/25,149,155,171,190,211,228,235,230,218,200,183,172,167,172,189,210,229,244,247,240,224,202,177,158
MA11,1990/08/26,147,146,156,171,190,207,218,221,216,204,192,181,176,179,190,206,224,238,245,244,231,211,189,168
MA11,1990/08/27,152,146,147,157,172,187,201,209,208,204,197,189,185,186,191,203,217,228,237,239,232,218,198,178
MA11,1990/08/28,162,151,146,149,156,167,180,189,194,196,195,193,191,191,194,202,212,221,229,233,231,221,206,189
MA11,1990/08/29,173,158,149,145,145,151,161,169,177,183,187,191,193,195,198,203,209,215,221,226,227,222,213,202
MA11,1990/08/30,189,176,164,154,148,148,151,157,165,174,183,192,199,204,209,211,213,215,217,222,225,225,221,216
MA11,1990/08/31,208,196,183,169,157,149,145,144,150,160,171,185,197,207,214,218,216,214,213,213,215,218,220,221
MA11,1990/09/01,218,211,200,184,167,152,140,134,134,142,155,172,189,204,214,218,217,211,205,201,201,204,210,216
MA11,1990/09/02,220,220,214,201,182,162,143,129,123,127,139,158,179,200,215,223,224,217,206,198,194,195,202,213
MA11,1990/09/03,224,231,232,224,207,184,161,141,128,126,135,153,176,201,222,234,236,227,215,202,193,190,195,206
MA11,1990/09/04,221,236,245,244,232,211,184,157,136,127,130,143,165,192,215,232,237,229,214,196,181,170,170,181
MA11,1990/09/05,199,220,237,244,239,223,198,169,143,126,121,130,150,176,203,225,235,231,216,196,176,159,153,160
MA11,1990/09/06,177,201,225,241,246,238,218,191,163,141,130,132,147,171,197,221,235,234,221,200,175,151,137,135
MA11,1990/09/07,147,170,197,221,236,237,226,204,177,153,138,134,143,163,188,213,230,235,226,207,181,154,133,125
MA11,1990/09/08,129,147,173,200,223,237,236,223,202,180,162,155,158,172,194,218,238,247,243,228,203,173,146,130
MA11,1990/09/09,125,133,154,180,206,226,235,231,218,201,186,176,175,185,201,222,241,252,252,242,220,191,162,138
MA11,1990/09/10,125,123,134,153,176,199,215,219,214,206,194,186,183,186,198,216,233,245,250,244,229,205,177,153
MA11,1990/09/11,134,124,125,135,152,174,193,205,209,209,205,199,197,199,207,219,234,246,253,254,245,228,206,183
MA11,1990/09/12,162,146,137,137,145,159,176,190,201,207,210,211,211,212,216,223,232,241,248,252,249,240,226,207
MA11,1990/09/13,187,169,153,142,140,144,152,163,176,187,197,205,209,213,217,220,224,228,231,234,236,233,227,218
MA11,1990/09/14,205,187,170,154,141,135,135,140,150,164,179,192,202,210,214,216,216,215,215,219,223,227,229,229
MA11,1990/09/15,225,216,204,187,168,153,143,140,144,156,173,191,206,217,223,224,220,213,206,204,205,208,215,223
MA11,1990/09/16,228,228,220,204,183,161,141,128,124,130,146,166,188,206,217,220,216,206,194,185,183,186,194,208
MA11,1990/09/17,222,231,233,225,209,186,162,141,130,130,141,162,186,209,225,232,229,217,200,185,176,175,182,198
MA11,1990/09/18,217,235,246,247,237,219,194,168,148,141,146,163,186,211,231,241,240,228,208,188,171,161,162,175
MA11,1990/09/19,195,219,239,249,248,235,213,187,163,149,148,159,180,206,230,247,252,241,221,198,175,160,156,165
MA11,1990/09/20,185,211,236,256,266,264,251,229,206,188,181,184,195,213,236,254,260,251,233,207,182,161,148,149
MA11,1990/09/21,163,185,211,233,246,249,239,220,197,175,161,160,170,189,213,232,243,241,226,203,176,149,132,127
MA11,1990/09/22,135,154,179,202,221,232,230,218,200,182,168,163,169,185,206,227,240,242,231,211,185,156,133,121
MA11,1990/09/23,121,133,154,178,199,215,221,216,204,190,178,171,173,184,201,222,238,243,238,223,200,172,148,130
MA11,1990/09/24,125,131,147,168,190,208,220,221,215,205,194,187,185,191,203,220,235,242,241,232,214,190,167,147
MA11,1990/09/25,136,135,143,158,176,194,207,213,213,208,202,196,193,195,202,215,227,236,237,232,219,200,179,158
MA11,1990/09/26,143,136,136,144,157,172,186,196,199,199,198,195,193,194,198,207,217,223,226,226,218,203,185,168
MA11,1990/09/27,153,142,137,137,144,154,166,176,184,190,194,196,196,196,200,205,211,216,220,222,219,210,200,187
MA11,1990/09/28,173,162,153,147,147,152,160,169,180,189,197,203,207,210,212,214,216,217,218,222,222,219,213,204
MA11,1990/09/29,194,183,171,161,153,151,153,157,165,176,188,199,208,213,215,215,212,207,205,205,207,209,209,208
MA11,1990/09/30,204,197,185,171,158,148,143,142,147,157,172,188,202,210,215,216,210,202,195,192,194,199,206,213
MA11,1990/10/01,217,217,211,200,184,169,157,150,151,161,176,194,212,226,235,235,226,212,198,189,186,189,198,210
MA11,1990/10/02,221,227,226,216,199,179,159,145,139,142,154,173,193,211,224,227,219,202,183,167,157,158,167,182
MA11,1990/10/03,201,217,224,222,209,188,165,144,131,128,136,153,175,197,213,221,215,198,175,153,137,131,138,155
MA11,1990/10/04,180,204,223,231,226,212,190,166,148,139,141,156,178,202,222,233,231,216,191,164,141,126,126,139
MA11,1990/10/05,162,191,219,237,243,236,217,194,173,158,155,164,181,204,226,241,243,230,206,176,145,122,111,115
MA11,1990/10/06,135,164,194,221,238,241,231,212,191,175,168,171,184,204,228,246,252,243,220,188,156,127,106,101
MA11,1990/10/07,111,134,166,196,219,232,232,221,205,188,178,177,184,200,221,241,252,251,236,210,177,144,118,103
MA11,1990/10/08,103,117,142,171,201,222,232,231,223,211,201,197,200,212,230,250,265,268,257,237,212,180,150,126
MA11,1990/10/09,112,114,128,150,176,199,214,220,219,211,202,196,194,200,212,227,239,246,244,232,211,185,157,130
MA11,1990/10/10,112,105,108,120,139,160,179,193,198,198,195,192,189,192,200,211,222,230,232,227,215,197,174,150
MA11,1990/10/11,129,115,109,111,121,135,151,167,178,184,187,188,187,187,191,197,204,211,215,217,212,202,188,171
MA11,1990/10/12,154,138,125,118,118,125,135,149,163,175,184,189,191,191,192,194,196,198,202,205,206,205,201,193
MA11,1990/10/13,183,170,155,142,134,132,136,144,156,170,184,195,201,203,203,200,196,193,193,195,199,204,208,210
MA11,1990/10/14,209,203,190,175,162,151,146,148,157,170,186,202,213,218,218,212,201,191,184,182,184,190,199,209
MA11,1990/10/15,215,215,209,195,176,159,146,139,142,152,169,187,203,212,215,210,197,181,167,158,156,162,174,189
MA11,1990/10/16,204,215,218,212,198,180,162,149,146,152,167,186,205,219,226,223,209,189,169,153,143,144,156,173
MA11,1990/10/17,194,213,224,226,218,201,182,165,155,155,164,182,202,219,230,230,217,196,172,148,132,127,134,152
MA11,1990/10/18,176,200,219,230,229,219,201,181,166,161,166,181,200,219,234,238,230,211,186,158,134,122,122,135
MA11,1990/10/19,157,184,209,225,232,228,214,196,180,169,168,178,195,215,233,243,238,221,194,164,137,119,112,118
MA11,1990/10/20,136,162,188,210,224,226,218,204,187,174,169,174,187,205,225,238,238,227,203,173,144,121,108,107
MA11,1990/10/21,119,142,169,194,214,224,222,213,199,185,177,176,184,199,218,233,238,232,214,188,159,132,114,107
MA11,1990/10/22,113,131,155,180,203,218,223,220,209,197,187,184,187,199,216,232,239,238,225,202,175,148,125,112
MA11,1990/10/23,111,121,139,162,185,203,213,214,208,198,190,185,186,194,207,222,232,235,227,210,187,162,138,121
MA11,1990/10/24,114,117,128,147,168,186,200,207,206,201,196,191,190,195,205,218,228,233,231,220,202,181,159,140
MA11,1990/10/25,128,126,131,143,160,177,192,203,207,206,204,201,199,199,204,212,221,226,228,223,211,195,177,159
MA11,1990/10/26,146,139,138,144,156,171,186,199,209,215,217,219,221,221,218,220,225,228,231,232,225,215,202,187
MA11,1990/10/27,173,162,154,152,155,160,170,182,192,200,204,206,207,205,203,202,201,201,204,205,205,203,196,187
MA11,1990/10/28,176,165,155,149,146,149,156,166,178,189,199,206,209,208,206,200,194,189,188,189,193,196,196,194
MA11,1990/10/29,188,179,168,157,149,144,143,149,160,173,187,198,205,207,204,197,185,175,168,167,170,178,187,193
MA11,1990/10/30,196,194,185,173,161,150,143,144,151,164,180,196,206,211,210,201,186,171,158,152,154,164,178,193
MA11,1990/10/31,205,212,211,202,190,175,162,156,159,169,186,204,218,228,229,220,202,180,159,145,140,146,161,181
MA11,1990/11/01,202,218,225,223,212,196,179,167,162,167,180,198,216,229,235,229,211,184,156,133,120,120,134,156
MA11,1990/11/02,184,209,227,235,232,219,202,187,176,174,183,198,217,234,243,241,225,199,167,136,112,102,107,126
MA11,1990/11/03,155,188,215,234,240,235,221,205,191,183,185,197,214,233,248,251,243,220,186,151,119,098,093,103
MA11,1990/11/04,126,160,193,221,239,244,238,228,214,203,201,207,220,241,261,273,271,255,229,196,162,133,115,113
MA11,1990/11/05,127,152,185,217,240,253,255,248,235,221,213,214,220,233,250,262,264,255,233,201,166,131,104,090
MA11,1990/11/06,090,105,132,162,191,213,224,226,222,214,206,203,207,218,235,251,259,258,244,221,190,158,128,107
MA11,1990/11/07,097,101,118,143,171,195,213,223,224,218,213,208,208,214,226,240,251,255,250,236,214,186,158,131
MA11,1990/11/08,114,108,113,128,149,171,192,207,213,213,209,204,199,199,205,214,224,233,235,229,217,200,178,155
MA11,1990/11/09,136,123,119,124,137,153,173,191,203,208,209,206,202,202,203,208,215,222,229,233,232,226,216,201
MA11,1990/11/10,186,173,164,162,167,174,188,205,217,224,229,228,225,220,213,210,209,210,212,216,217,218,214,205
MA11,1990/11/11,193,182,169,157,152,153,160,172,187,199,209,213,211,205,198,189,181,176,174,176,182,188,193,194
MA11,1990/11/12,192,186,176,165,154,149,151,159,171,184,197,205,207,204,197,186,173,161,154,153,158,168,178,188
MA11,1990/11/13,196,197,193,184,172,162,157,158,166,178,192,205,211,211,205,192,175,157,142,134,137,146,160,176
MA11,1990/11/14,191,202,206,202,193,181,172,169,172,181,196,211,222,227,223,212,193,170,150,136,131,136,150,168
MA11,1990/11/15,188,206,218,220,214,203,192,184,180,185,196,210,223,232,232,223,203,177,151,129,115,113,123,141
MA11,1990/11/16,164,187,206,216,217,209,197,186,180,179,186,200,216,229,236,232,216,192,164,138,120,112,116,132
MA11,1990/11/17,155,181,205,221,227,224,214,201,190,183,186,196,211,227,238,240,229,207,178,149,123,106,103,111
MA11,1990/11/18,130,157,185,207,221,225,220,209,197,189,188,194,206,222,235,241,236,219,192,161,133,112,101,104
MA11,1990/11/19,119,143,171,197,215,225,225,217,206,195,189,192,201,214,228,238,239,228,205,176,147,124,107,103
MA11,1990/11/20,112,131,155,182,204,218,224,220,212,203,195,195,202,214,230,244,249,244,229,205,176,148,126,116
MA11,1990/11/21,119,131,150,176,200,217,225,227,222,213,203,197,198,206,219,233,240,239,229,209,182,155,131,113
MA11,1990/11/22,108,114,130,150,172,192,207,213,211,205,198,191,189,193,203,214,223,227,223,210,191,167,143,125
MA11,1990/11/23,114,113,123,138,157,177,192,203,206,202,196,191,187,186,191,199,208,214,214,207,193,175,154,134
MA11,1990/11/24,120,114,117,126,140,157,173,186,193,195,193,188,183,180,181,185,191,198,202,201,194,182,167,150
MA11,1990/11/25,136,127,124,127,136,151,166,181,192,198,199,196,190,184,181,180,182,186,191,195,196,193,185,174
MA11,1990/11/26,161,151,144,143,147,157,170,185,197,206,211,209,203,195,187,180,176,174,176,181,185,188,188,184
MA11,1990/11/27,177,169,160,154,151,153,160,171,184,197,205,208,206,199,188,176,164,156,154,157,165,174,182,187
MA11,1990/11/28,188,185,178,171,163,160,163,171,182,195,206,214,216,210,198,183,164,149,139,137,143,155,171,186
MA11,1990/11/29,196,201,200,192,182,176,173,175,182,193,204,215,220,218,209,191,167,143,124,115,115,125,142,163
MA11,1990/11/30,183,199,208,208,201,193,184,180,184,193,206,219,229,233,229,215,192,163,136,119,110,116,135,163
MA11,1990/12/01,192,217,235,243,243,236,226,216,212,212,218,230,241,248,247,236,214,181,146,117,097,090,097,116
MA11,1990/12/02,145,176,204,222,231,230,222,212,204,201,205,214,229,242,249,246,230,200,162,125,095,078,074,084
MA11,1990/12/03,107,138,171,199,216,224,221,212,201,193,191,198,210,225,238,242,234,214,182,143,107,077,060,059
MA11,1990/12/04,074,101,135,166,192,207,212,208,199,190,185,186,194,209,225,236,237,226,203,172,135,101,076,063
MA11,1990/12/05,066,083,110,141,172,194,206,209,203,195,187,182,186,198,213,228,237,235,222,199,168,134,103,082
MA11,1990/12/06,074,081,100,126,154,179,196,204,203,196,187,179,177,183,195,210,223,228,223,210,189,161,132,107
MA11,1990/12/07,092,088,098,116,140,165,186,199,203,199,191,182,175,175,181,193,206,215,218,213,201,184,162,139
MA11,1990/12/08,121,111,111,121,139,160,181,196,204,204,199,189,180,173,173,178,188,197,204,208,206,198,184,168
MA11,1990/12/09,152,140,134,137,148,165,183,200,212,216,213,205,194,183,177,175,178,184,192,198,203,203,199,191
MA11,1990/12/10,181,170,162,159,163,173,188,204,217,225,226,220,210,198,185,175,169,167,170,176,183,188,191,191
MA11,1990/12/11,188,183,177,172,169,173,181,194,208,219,225,223,217,206,194,181,169,161,160,164,173,185,197,206
MA11,1990/12/12,213,215,213,208,204,202,204,210,220,230,237,239,235,225,211,194,174,157,145,140,144,153,165,180
MA11,1990/12/13,192,200,204,202,197,192,190,192,199,208,218,226,227,222,211,194,172,150,132,120,118,124,137,154
MA11,1990/12/14,173,189,199,202,201,196,190,188,190,196,206,216,223,223,218,205,185,161,138,120,111,112,124,143
MA11,1990/12/15,166,187,201,207,209,205,198,192,189,191,198,208,218,225,224,214,197,172,145,121,104,098,104,119
MA11,1990/12/16,141,167,190,206,215,215,209,201,195,193,197,206,219,231,237,235,223,201,173,143,118,104,102,113
MA11,1990/12/17,133,158,184,205,218,222,219,211,201,196,194,199,211,223,233,236,226,206,180,150,123,104,095,100
MA11,1990/12/18,117,142,170,196,213,223,225,220,212,204,199,202,212,226,240,247,245,230,206,177,146,121,105,102
MA11,1990/12/19,111,131,157,182,203,217,221,217,207,198,191,188,193,206,221,232,236,228,209,182,152,123,103,094
MA11,1990/12/20,096,112,135,161,185,203,213,213,206,196,187,181,182,192,206,221,229,228,217,195,167,140,116,101
MA11,1990/12/21,098,107,126,151,174,196,211,215,211,202,191,183,180,185,196,212,224,228,224,209,186,161,136,117
MA11,1990/12/22,109,111,125,145,168,189,206,214,214,207,196,186,179,180,187,201,214,222,225,218,202,181,159,140
MA11,1990/12/23,127,126,133,149,169,190,208,219,222,218,208,195,185,179,180,188,199,209,217,216,209,195,177,159
MA11,1990/12/24,145,137,139,148,163,182,200,214,222,222,214,202,189,178,174,174,179,187,196,203,203,197,187,174
MA11,1990/12/25,160,151,148,152,162,177,193,207,216,220,216,204,191,179,169,163,162,167,175,185,192,194,192,186
MA11,1990/12/26,178,170,165,164,170,181,195,209,221,229,230,223,212,198,184,173,166,163,167,176,187,197,204,207
MA11,1990/12/27,206,203,200,197,197,201,210,222,232,241,245,241,229,214,196,177,160,147,142,145,153,164,177,188
MA11,1990/12/28,196,200,199,197,194,193,197,203,211,221,227,228,223,213,196,174,151,130,115,109,114,126,144,163
MA11,1990/12/29,181,196,205,207,206,203,202,205,209,217,226,232,233,230,218,199,172,143,118,102,095,101,116,138
MA11,1990/12/30,163,187,204,213,216,214,209,205,204,209,217,226,233,237,232,218,195,164,132,104,086,082,090,109
MA11,1990/12/31,136,166,192,212,222,223,220,213,208,207,213,222,233,244,248,243,227,199,163,128,099,081,078,090
