MA11,2013/01/01,206,217,238,263,287,307,316,314,305,292,278,267,264,271,284,299,312,318,313,301,280,254,230,213
MA11,2013/01/02,206,212,229,253,277,298,312,315,308,297,283,269,263,264,273,288,301,310,312,306,292,272,248,229
MA11,2013/01/03,218,216,225,242,263,285,303,311,308,299,285,270,258,253,256,267,279,290,298,299,293,281,264,246
MA11,2013/01/04,232,226,229,239,256,279,297,308,312,308,296,280,264,255,253,256,264,274,283,290,292,287,276,263
MA11,2013/01/05,252,245,242,247,258,275,292,305,312,312,303,288,272,259,249,246,249,254,262,271,279,283,282,278
MA11,2013/01/06,272,267,265,265,270,282,294,306,315,320,316,305,289,273,258,247,239,237,241,249,258,267,275,279
MA11,2013/01/07,281,279,275,273,274,279,288,297,308,316,317,311,300,286,270,253,237,226,222,224,232,246,260,272
MA11,2013/01/08,283,289,291,290,288,288,291,296,304,315,322,323,318,308,294,274,252,232,217,210,212,222,238,256
MA11,2013/01/09,276,291,299,302,300,298,295,294,299,309,317,323,325,323,314,296,271,244,220,203,196,200,213,233
MA11,2013/01/10,258,282,299,308,308,305,299,292,290,295,304,314,324,329,326,315,292,262,232,205,188,182,188,205
MA11,2013/01/11,231,259,283,300,308,308,301,290,282,281,284,294,308,322,330,328,312,285,254,221,194,177,174,185
MA11,2013/01/12,207,237,267,289,305,311,306,295,283,274,274,281,296,315,332,339,333,314,285,251,218,193,180,182
MA11,2013/01/13,198,225,256,283,304,315,314,304,289,275,267,268,277,296,318,334,337,329,307,277,244,213,190,185
MA11,2013/01/14,194,215,245,274,299,317,322,315,305,289,275,270,274,291,315,336,350,354,343,320,291,261,236,221
MA11,2013/01/15,219,233,256,281,305,325,333,329,315,296,277,264,261,268,283,305,322,330,327,313,291,264,236,218
MA11,2013/01/16,213,218,235,258,282,305,319,320,312,297,278,260,249,248,260,279,296,311,317,312,298,279,257,240
MA11,2013/01/17,230,230,242,260,281,304,320,325,321,308,289,270,254,247,249,261,276,290,300,303,298,286,271,254
MA11,2013/01/18,244,242,248,261,279,298,315,324,324,317,302,283,265,253,248,251,259,270,282,289,290,286,276,264
MA11,2013/01/19,255,251,253,260,271,287,303,313,317,314,304,288,271,256,244,241,242,248,256,264,271,274,272,267
MA11,2013/01/20,263,261,260,264,271,281,293,304,310,311,306,296,280,265,252,240,234,233,236,242,250,258,264,266
MA11,2013/01/21,266,267,267,267,271,277,285,294,301,305,305,301,292,280,266,251,239,230,226,228,235,244,256,265
MA11,2013/01/22,273,279,282,283,285,287,291,298,305,313,319,319,316,309,297,282,265,249,237,232,233,241,253,266
MA11,2013/01/23,279,289,294,296,294,292,291,291,294,300,306,310,312,309,302,288,270,249,231,219,216,221,234,252
MA11,2013/01/24,270,286,298,303,302,299,294,291,292,295,303,312,317,322,322,313,296,274,251,232,221,220,230,247
MA11,2013/01/25,268,290,307,318,321,318,312,305,301,301,307,315,326,335,338,332,318,295,268,243,225,216,221,235
MA11,2013/01/26,257,282,305,319,326,326,318,307,297,292,294,304,316,329,340,342,333,314,287,258,233,217,214,224
MA11,2013/01/27,243,269,293,311,323,325,317,304,290,280,279,285,297,314,329,337,335,321,296,267,237,214,203,206
MA11,2013/01/28,222,248,276,301,317,323,319,307,292,278,270,271,282,298,316,331,336,328,308,281,250,223,204,200
MA11,2013/01/29,210,232,260,286,306,317,315,303,284,267,255,251,256,271,292,310,321,322,312,291,264,235,213,202
MA11,2013/01/30,206,223,249,276,299,315,318,308,291,272,256,245,245,255,273,294,311,319,315,301,278,252,227,210
MA11,2013/01/31,206,216,235,260,284,303,311,306,291,272,253,237,231,234,248,268,287,299,303,297,282,261,239,221
MA11,2013/02/01,213,216,230,251,275,296,309,309,299,281,261,242,229,226,234,249,267,285,294,296,290,277,260,245
MA11,2013/02/02,237,236,244,259,281,303,318,325,319,305,287,266,248,238,237,245,259,274,286,294,296,291,280,268
MA11,2013/02/03,258,253,255,262,275,292,306,315,314,305,291,271,251,236,228,227,233,244,256,267,276,279,278,273
MA11,2013/02/04,268,265,265,267,275,290,303,314,319,317,308,295,277,260,248,239,236,239,247,258,270,278,281,279
MA11,2013/02/05,277,276,275,275,279,286,294,304,312,313,310,300,285,268,251,235,224,216,214,219,228,240,252,265
MA11,2013/02/06,275,282,285,286,286,288,293,300,307,314,318,316,309,297,283,264,244,228,217,212,215,226,240,256
MA11,2013/02/07,273,287,296,298,297,295,293,294,298,305,314,321,322,318,309,292,271,248,227,213,210,215,228,246
MA11,2013/02/08,268,289,304,311,311,306,298,291,288,291,300,311,319,324,321,309,287,260,230,205,190,187,194,212
MA11,2013/02/09,236,263,285,299,303,300,291,278,269,266,272,284,300,312,320,318,304,280,250,220,197,185,185,197
MA11,2013/02/10,220,248,276,296,306,307,298,283,268,258,258,270,287,307,324,332,328,312,284,253,225,204,195,200
MA11,2013/02/11,218,245,273,296,312,317,309,293,273,256,248,252,265,284,306,322,327,319,298,269,239,211,195,192
MA11,2013/02/12,204,227,254,280,299,307,303,289,267,246,231,227,235,254,278,302,317,320,310,288,261,236,216,208
MA11,2013/02/13,216,235,261,288,312,326,328,319,299,274,254,243,242,253,274,298,318,327,325,311,288,263,241,227
MA11,2013/02/14,225,235,254,278,300,316,320,312,295,271,247,230,222,226,243,265,287,303,308,302,288,268,249,235
MA11,2013/02/15,230,236,252,273,295,314,323,321,307,287,265,246,232,229,238,256,277,295,306,309,303,290,275,260
MA11,2013/02/16,251,252,261,277,296,313,326,328,319,302,282,261,243,231,231,240,254,269,282,289,289,284,273,262
MA11,2013/02/17,254,253,258,269,283,299,311,316,313,302,285,268,250,235,229,231,238,249,260,270,276,278,273,267
MA11,2013/02/18,264,263,265,273,283,296,308,314,316,310,299,286,270,255,246,243,242,248,256,264,273,278,280,279
MA11,2013/02/19,278,278,279,281,286,293,301,308,312,310,304,296,282,267,255,244,236,233,234,240,249,258,266,271
MA11,2013/02/20,275,278,279,280,283,285,290,296,299,301,301,298,291,282,270,256,241,229,224,224,229,238,249,261
MA11,2013/02/21,272,279,283,284,283,282,282,283,287,290,294,297,296,290,282,268,251,235,223,216,216,223,235,250
MA11,2013/02/22,266,278,287,289,287,283,279,276,277,280,287,295,300,302,299,290,274,253,234,220,213,217,229,246
MA11,2013/02/23,266,285,297,299,297,292,282,274,270,270,275,287,296,303,307,302,288,266,241,220,208,205,212,229
MA11,2013/02/24,251,276,296,307,310,302,289,275,265,260,265,276,289,302,311,313,304,286,260,233,212,201,202,215
MA11,2013/02/25,236,261,283,298,303,299,286,270,255,246,245,256,272,289,305,314,311,296,273,244,217,199,194,201
MA11,2013/02/26,221,246,272,292,302,301,288,270,251,235,229,234,248,268,290,307,312,306,287,260,233,210,198,199
MA11,2013/02/27,216,241,269,293,309,312,303,285,262,243,231,230,241,262,286,310,325,325,314,292,265,241,223,216
MA11,2013/02/28,224,244,270,294,313,320,314,297,272,247,228,220,224,239,263,288,307,316,313,298,276,252,231,220
MA11,2013/03/01,222,236,260,286,308,321,321,308,286,260,239,226,223,232,253,279,303,320,327,321,308,290,271,256
MA11,2013/03/02,251,257,273,294,316,332,336,328,309,283,257,235,222,221,232,251,271,290,303,306,299,286,270,256
MA11,2013/03/03,249,251,262,279,299,316,324,322,308,286,261,238,219,210,214,226,244,262,277,287,289,284,276,266
MA11,2013/03/04,259,259,264,274,291,307,317,320,313,296,276,254,233,217,212,216,226,239,253,266,274,277,277,273
MA11,2013/03/05,270,268,270,275,285,298,308,314,313,304,289,272,251,231,219,214,214,219,228,239,250,259,265,269
MA11,2013/03/06,270,270,271,272,277,285,293,300,303,301,295,285,271,256,240,227,218,213,214,220,229,240,251,261
MA11,2013/03/07,270,276,277,277,277,278,281,286,290,293,295,294,288,277,264,250,235,223,216,216,221,231,246,262
MA11,2013/03/08,276,288,295,295,292,288,284,284,288,293,300,307,309,307,299,285,267,247,232,223,221,227,242,261
MA11,2013/03/09,279,295,306,306,299,291,279,268,265,268,278,293,304,309,308,300,284,262,238,219,209,208,217,235
MA11,2013/03/10,259,282,300,309,309,301,288,274,266,266,275,287,300,314,324,325,313,291,264,239,223,215,218,232
MA11,2013/03/11,252,274,295,305,306,298,279,258,242,232,234,248,266,288,306,315,313,297,273,247,223,208,207,216
MA11,2013/03/12,236,262,286,302,310,304,287,264,240,224,220,226,244,268,292,312,318,310,293,267,241,223,214,218
MA11,2013/03/13,235,259,283,304,316,315,302,280,255,234,222,224,236,259,287,312,326,327,317,296,271,248,234,230
MA11,2013/03/14,239,261,284,303,316,319,309,289,261,232,212,204,208,225,250,276,296,305,300,287,266,245,229,222
MA11,2013/03/15,226,242,263,284,302,310,306,291,267,238,215,202,199,210,232,258,282,297,302,296,281,263,248,238
MA11,2013/03/16,238,248,265,285,303,315,317,307,287,262,238,219,210,213,228,251,273,289,299,298,289,277,262,250
MA11,2013/03/17,248,252,263,280,297,310,315,308,292,271,247,226,212,207,214,230,248,267,282,288,287,280,271,263
MA11,2013/03/18,259,262,271,283,298,312,319,318,309,293,274,255,238,229,229,237,250,266,280,290,295,294,288,283
MA11,2013/03/19,279,278,282,291,301,311,318,318,311,298,283,266,249,234,226,227,233,240,251,262,270,274,273,270
MA11,2013/03/20,270,270,270,274,280,288,296,301,301,296,289,279,267,256,246,241,243,246,253,265,277,286,294,298
MA11,2013/03/21,299,293,287,286,288,289,292,294,295,295,293,286,278,267,254,244,235,230,230,235,244,256,266,273
MA11,2013/03/22,280,284,284,282,279,277,277,278,281,284,287,289,287,281,272,262,250,239,231,231,237,249,262,275
MA11,2013/03/23,287,295,297,294,288,281,275,272,272,275,281,288,291,290,285,275,260,243,230,221,221,229,243,260
MA11,2013/03/24,276,288,294,292,285,276,266,258,255,258,267,279,290,298,300,294,280,261,242,228,221,225,237,255
MA11,2013/03/25,276,294,305,307,300,289,274,260,251,250,259,273,289,303,312,313,302,283,260,239,225,221,227,243
MA11,2013/03/26,264,285,300,305,300,287,268,247,232,224,228,242,261,281,298,306,303,287,265,241,221,210,211,223
MA11,2013/03/27,244,269,289,300,299,287,267,243,221,207,206,216,235,260,284,303,309,301,283,260,237,221,216,224
MA11,2013/03/28,243,268,291,308,313,304,285,259,233,213,203,207,224,249,277,302,317,318,307,289,266,247,236,236
MA11,2013/03/29,250,271,295,315,325,322,306,280,250,223,205,200,209,228,256,284,306,316,315,303,284,263,246,240
MA11,2013/03/30,246,262,283,303,317,320,310,286,256,227,202,189,189,202,225,253,278,296,303,299,287,270,253,244
MA11,2013/03/31,245,256,273,294,311,319,316,300,274,244,216,196,188,192,208,232,258,279,293,298,295,285,272,260
MA11,2013/04/01,256,260,271,287,303,313,315,305,285,259,232,207,190,185,191,207,228,247,264,275,279,276,268,260
MA11,2013/04/02,256,256,263,275,290,303,311,309,298,279,257,234,215,204,202,209,222,237,255,271,281,285,285,283
MA11,2013/04/03,281,280,281,287,297,308,317,320,316,305,291,274,255,239,229,226,230,237,248,262,276,283,287,290
MA11,2013/04/04,289,287,285,284,285,290,295,298,299,296,288,278,264,249,235,225,219,217,221,230,242,254,264,273
MA11,2013/04/05,279,281,278,273,269,267,269,272,276,280,282,281,276,267,254,241,230,222,219,222,230,243,257,272
MA11,2013/04/06,283,289,290,285,276,269,264,263,266,274,283,290,295,294,287,275,262,248,238,236,240,250,267,284
MA11,2013/04/07,301,315,323,323,315,303,290,283,282,288,300,315,328,335,335,326,311,294,277,265,261,263,273,289
MA11,2013/04/08,306,319,326,323,311,295,276,258,248,248,256,273,291,305,313,313,303,285,265,249,238,236,244,260
MA11,2013/04/09,280,298,310,312,304,288,267,245,229,222,228,244,267,291,308,318,316,304,285,267,252,245,247,257
MA11,2013/04/10,275,295,312,321,317,303,281,254,230,216,215,226,247,272,297,313,319,314,299,281,263,250,247,255
MA11,2013/04/11,271,293,313,323,324,313,292,265,236,216,207,210,227,253,280,303,317,317,308,293,274,257,249,251
MA11,2013/04/12,263,282,301,317,323,317,300,274,245,219,203,200,211,233,259,286,305,312,308,297,281,265,254,251
MA11,2013/04/13,257,272,292,309,318,318,305,282,254,227,206,195,198,213,237,264,286,300,304,298,286,271,259,255
MA11,2013/04/14,257,268,286,303,315,320,314,295,270,244,221,206,203,211,229,255,280,299,309,310,303,291,282,276
MA11,2013/04/15,274,278,289,303,316,323,321,307,286,263,239,221,211,211,222,241,262,280,294,300,298,290,281,273
MA11,2013/04/16,270,272,280,291,302,311,313,306,291,271,249,229,216,210,213,225,243,261,278,289,292,290,284,279
MA11,2013/04/17,275,275,280,287,296,307,313,310,302,288,270,253,238,227,224,228,238,253,268,281,289,291,289,286
MA11,2013/04/18,281,280,281,283,288,296,302,304,300,292,280,266,254,243,235,234,238,246,259,272,284,292,295,295
MA11,2013/04/19,293,290,287,285,285,288,292,295,295,293,286,278,268,255,244,237,234,236,241,251,264,274,282,286
MA11,2013/04/20,286,284,280,275,270,269,269,271,274,278,280,279,273,265,254,244,236,230,230,237,248,262,274,284
MA11,2013/04/21,289,291,288,282,274,268,266,266,270,277,285,291,294,292,284,273,260,249,242,242,249,259,273,287
MA11,2013/04/22,297,300,299,290,276,265,254,248,248,254,265,276,285,290,288,279,267,251,237,231,233,240,255,272
MA11,2013/04/23,286,295,296,289,275,257,241,228,222,226,238,254,272,285,291,289,280,263,247,234,228,233,245,264
MA11,2013/04/24,283,297,303,299,285,267,247,227,215,215,225,245,269,290,306,313,310,298,281,265,254,251,258,274
MA11,2013/04/25,294,312,324,323,311,291,265,239,219,209,212,227,250,276,300,316,322,315,299,282,266,255,255,266
MA11,2013/04/26,285,306,322,328,321,304,278,247,221,203,198,208,229,257,286,310,324,327,319,304,287,273,268,273
MA11,2013/04/27,288,307,326,339,339,326,302,270,237,210,195,194,205,229,258,287,310,320,320,311,296,280,269,267
MA11,2013/04/28,276,292,311,328,334,328,311,282,249,217,194,184,186,201,226,254,281,300,308,307,298,285,273,265
MA11,2013/04/29,267,279,295,311,323,325,316,295,266,235,208,188,182,189,205,230,258,281,296,304,303,295,285,278
MA11,2013/04/30,276,281,293,309,324,332,331,318,296,270,243,220,204,200,209,227,249,271,291,303,307,305,299,292
MA11,2013/05/01,286,286,292,302,314,326,331,326,314,294,271,249,230,219,218,225,240,259,276,292,302,305,302,297
MA11,2013/05/02,291,287,286,289,296,307,315,317,312,301,286,268,250,235,226,226,232,244,258,273,287,295,297,297
MA11,2013/05/03,293,287,282,279,279,284,291,297,300,299,293,283,270,256,244,236,234,239,247,259,274,286,293,297
MA11,2013/05/04,297,292,284,275,268,266,269,274,280,286,288,287,281,273,262,251,244,241,243,251,263,276,286,294
MA11,2013/05/05,297,295,287,275,263,253,248,249,254,264,274,281,284,283,276,267,256,248,244,246,255,268,282,293
MA11,2013/05/06,301,302,298,286,270,255,243,237,239,248,262,277,290,297,298,293,283,271,261,258,261,270,284,297
MA11,2013/05/07,309,316,314,303,287,266,246,232,227,233,246,264,282,297,304,303,296,283,270,261,257,261,272,286
MA11,2013/05/08,301,311,313,306,291,270,246,225,212,210,220,239,262,283,299,306,303,293,279,266,258,258,264,278
MA11,2013/05/09,295,309,317,316,304,284,258,231,211,202,205,221,245,270,293,307,311,307,295,281,270,263,265,275
MA11,2013/05/10,291,307,319,323,316,299,273,243,217,199,194,204,225,252,279,300,312,312,304,292,280,270,267,272
MA11,2013/05/11,285,303,318,328,328,315,293,265,236,213,201,203,217,241,268,294,312,319,317,307,295,284,277,278
MA11,2013/05/12,287,301,317,329,333,325,308,281,251,224,205,198,205,223,248,275,297,310,312,306,295,283,273,269
MA11,2013/05/13,273,284,299,312,320,319,307,285,257,229,208,195,194,206,228,254,278,294,303,304,297,286,276,270
MA11,2013/05/14,271,279,291,305,315,319,313,296,273,247,223,206,200,204,218,240,262,282,295,299,296,287,276,269
MA11,2013/05/15,266,270,279,291,303,311,310,300,282,260,237,218,206,204,214,231,252,273,288,297,299,294,286,278
MA11,2013/05/16,273,271,277,287,298,306,310,306,294,277,258,238,223,216,218,228,243,261,277,289,295,295,290,282
MA11,2013/05/17,276,271,271,275,281,289,295,296,290,280,265,250,236,225,222,225,235,249,265,279,289,293,291,286
MA11,2013/05/18,279,273,269,268,271,277,282,286,286,282,276,266,254,243,236,233,237,246,259,274,287,296,300,298
MA11,2013/05/19,293,286,278,272,269,269,274,279,283,286,286,283,278,268,259,252,250,252,259,271,285,298,305,308
MA11,2013/05/20,306,300,290,278,269,264,264,267,272,279,285,290,290,286,279,271,263,259,260,267,279,293,304,311
MA11,2013/05/21,312,309,298,284,269,257,249,248,251,260,273,285,293,296,293,285,275,265,259,259,267,279,293,304
MA11,2013/05/22,311,311,302,288,269,249,234,226,225,233,248,266,284,296,302,301,292,281,270,264,266,275,288,303
MA11,2013/05/23,314,318,314,300,279,255,232,215,208,210,224,245,268,289,304,310,306,296,283,271,266,269,279,294
MA11,2013/05/24,309,320,322,313,294,268,239,213,196,190,197,216,241,269,293,308,312,306,294,280,269,264,268,281
MA11,2013/05/25,297,312,320,317,304,280,249,216,189,173,172,184,207,236,266,289,304,307,300,288,274,265,263,270
MA11,2013/05/26,285,303,316,321,316,298,269,235,202,176,164,167,183,208,239,269,292,304,305,296,284,273,265,265
MA11,2013/05/27,275,291,308,320,322,313,292,261,226,194,172,165,171,189,217,246,273,292,301,299,291,279,269,263
MA11,2013/05/28,267,279,295,310,320,320,308,284,252,220,192,175,172,180,200,227,254,278,293,298,295,286,275,266
MA11,2013/05/29,263,268,280,296,311,318,316,302,278,250,223,201,189,188,200,219,243,267,286,296,298,294,284,274
MA11,2013/05/30,266,265,271,282,296,309,314,309,296,275,251,229,212,205,208,219,237,258,278,293,301,301,294,284
MA11,2013/05/31,274,267,265,268,278,290,299,302,297,286,270,252,235,224,219,222,233,249,267,284,294,298,297,289
MA11,2013/06/01,279,269,260,258,261,268,278,286,288,286,280,269,257,244,235,234,238,248,262,276,290,299,303,299
MA11,2013/06/02,291,280,268,257,252,252,258,266,274,279,282,280,274,265,257,251,250,253,261,274,287,298,305,306
MA11,2013/06/03,302,293,278,263,251,243,241,245,253,264,273,278,281,279,274,266,260,258,260,267,278,289,299,304
MA11,2013/06/04,304,298,285,267,250,235,226,223,228,238,252,266,275,281,281,277,270,264,260,262,269,280,292,302
MA11,2013/06/05,307,305,296,281,261,241,224,214,213,220,235,253,270,284,290,290,285,278,271,268,269,277,288,300
MA11,2013/06/06,310,314,309,297,278,255,232,214,205,207,219,238,260,280,294,300,298,291,282,274,271,274,283,295
MA11,2013/06/07,308,318,319,312,295,272,246,222,205,199,206,224,246,270,291,303,307,304,295,284,278,276,280,291
MA11,2013/06/08,305,318,325,323,312,292,265,237,214,200,200,213,235,261,285,304,314,314,306,295,285,280,280,286
MA11,2013/06/09,300,315,326,331,324,307,283,254,226,206,197,202,220,244,271,295,310,316,312,301,290,280,275,277
MA11,2013/06/10,288,303,318,326,326,316,296,268,239,213,197,195,205,226,253,279,299,311,312,304,294,282,273,271
MA11,2013/06/11,278,291,306,318,323,319,304,279,250,222,201,192,196,211,234,261,284,301,308,304,294,283,272,266
MA11,2013/06/12,268,278,291,305,314,316,308,289,263,236,213,198,195,204,223,248,272,292,304,306,299,288,276,268
MA11,2013/06/13,266,271,281,295,306,313,311,299,278,254,230,211,202,204,216,237,260,281,297,303,301,292,280,269
MA11,2013/06/14,263,264,270,280,294,303,306,301,287,268,247,227,214,210,217,232,252,273,291,301,304,298,288,276
MA11,2013/06/15,266,262,263,270,280,291,297,298,291,279,262,246,232,223,223,232,248,267,285,299,306,306,297,286
MA11,2013/06/16,276,267,263,264,269,279,289,294,294,288,277,265,252,242,237,239,249,264,281,296,307,311,307,297
MA11,2013/06/17,286,275,266,261,261,267,274,282,288,290,287,282,273,264,258,255,257,267,279,294,308,316,317,311
MA11,2013/06/18,301,288,274,263,256,255,259,267,275,283,288,291,289,283,277,271,267,269,277,288,301,313,318,316
MA11,2013/06/19,311,299,282,266,252,244,243,247,255,268,280,291,299,301,297,290,284,280,280,285,295,307,316,320
MA11,2013/06/20,318,309,293,273,253,236,224,220,224,234,250,268,284,295,299,297,292,285,279,279,285,297,308,317
MA11,2013/06/21,322,320,308,289,265,240,220,207,203,209,224,245,269,289,303,309,306,299,290,283,284,291,302,315
MA11,2013/06/22,326,331,327,313,291,263,235,212,198,196,206,227,254,281,303,316,321,316,306,296,288,289,295,307
MA11,2013/06/23,322,333,336,330,312,285,253,221,196,184,186,200,223,253,282,305,318,321,314,303,291,285,285,294
MA11,2013/06/24,310,327,338,340,332,311,281,247,214,191,181,186,203,230,261,289,310,320,319,310,297,285,279,282
MA11,2013/06/25,293,310,327,338,339,327,304,272,237,206,186,180,189,210,238,269,295,312,317,313,302,288,276,272
MA11,2013/06/26,278,292,309,327,337,336,323,299,267,234,209,195,194,207,230,258,285,308,320,321,313,301,287,277
MA11,2013/06/27,274,282,296,314,331,339,336,321,296,267,240,219,210,214,230,252,278,300,316,322,318,307,292,277
MA11,2013/06/28,268,267,274,288,305,318,324,320,304,281,257,236,222,218,225,242,264,287,305,314,315,309,296,280
MA11,2013/06/29,266,258,257,264,278,293,304,307,302,288,272,254,237,228,229,239,255,275,292,304,310,308,298,282
MA11,2013/06/30,267,253,245,244,252,264,277,286,288,285,277,264,252,243,239,243,254,269,285,299,308,310,304,293
MA11,2013/07/01,279,263,249,240,240,245,256,266,274,278,278,273,267,260,255,254,257,266,279,292,304,310,310,302
MA11,2013/07/02,291,276,260,246,237,234,237,245,256,264,271,274,274,272,269,265,265,270,277,287,298,307,311,310
MA11,2013/07/03,304,292,276,260,244,234,230,233,241,253,265,275,282,285,287,285,282,281,283,288,297,307,314,318
MA11,2013/07/04,317,310,296,278,259,242,229,223,226,236,250,265,280,290,295,295,293,289,285,284,289,297,306,315
MA11,2013/07/05,319,317,308,294,274,253,234,221,216,222,236,254,273,290,301,307,305,300,293,288,287,293,302,311
MA11,2013/07/06,321,325,322,310,292,270,246,224,211,209,218,236,258,279,296,306,308,304,296,287,283,283,288,299
MA11,2013/07/07,311,320,323,318,304,282,255,228,208,198,200,214,236,261,283,299,306,305,297,286,277,273,275,283
MA11,2013/07/08,298,312,321,321,312,295,269,241,216,199,194,203,222,248,273,294,306,308,303,293,282,274,272,277
MA11,2013/07/09,289,305,319,327,325,312,291,262,234,211,200,201,216,240,268,293,310,317,314,305,293,283,276,276
MA11,2013/07/10,286,301,316,328,333,327,310,285,255,229,212,206,214,233,259,285,307,319,320,312,298,285,274,270
MA11,2013/07/11,275,287,303,319,329,330,318,297,270,242,221,209,210,224,246,272,296,314,319,314,302,287,273,264
MA11,2013/07/12,263,271,286,303,316,323,319,305,282,256,233,217,211,219,237,261,286,307,318,317,308,294,278,266
MA11,2013/07/13,259,262,272,286,302,314,317,310,293,270,248,229,219,219,231,250,273,295,310,314,309,296,281,265
MA11,2013/07/14,255,252,257,268,282,296,305,304,296,280,262,245,233,229,234,249,268,288,306,315,315,308,292,275
MA11,2013/07/15,263,254,253,259,271,284,296,302,301,292,280,266,253,246,246,254,267,284,301,313,317,313,301,284
MA11,2013/07/16,268,255,247,245,250,260,271,281,285,285,281,274,265,258,254,256,265,277,291,304,312,314,307,293
MA11,2013/07/17,278,262,248,238,236,240,247,257,267,274,279,280,277,273,270,269,271,278,289,302,314,320,319,311
MA11,2013/07/18,298,283,266,250,239,236,238,245,256,269,281,290,294,296,296,294,292,292,296,304,315,324,328,326
MA11,2013/07/19,318,305,287,265,246,233,226,225,231,244,261,277,290,300,304,302,299,295,293,295,302,311,320,325
MA11,2013/07/20,324,316,302,281,258,235,217,207,207,214,230,252,272,291,304,308,308,303,295,291,293,300,310,320
MA11,2013/07/21,327,329,322,306,282,254,229,209,196,197,208,227,253,279,300,313,316,312,302,292,287,289,296,309
MA11,2013/07/22,323,333,335,327,308,282,252,222,200,190,193,208,233,262,290,310,321,322,313,301,290,285,287,297
MA11,2013/07/23,314,331,343,344,334,315,285,251,222,201,194,201,220,248,279,304,321,328,323,310,295,283,277,282
MA11,2013/07/24,296,316,335,346,347,336,312,280,246,218,202,199,211,234,263,292,314,326,326,316,300,283,271,268
MA11,2013/07/25,276,293,314,333,344,343,329,303,271,240,218,207,210,227,252,280,306,322,326,320,306,287,269,258
MA11,2013/07/26,258,270,289,310,327,336,333,316,291,263,238,222,219,229,249,276,301,320,329,327,316,299,278,261
MA11,2013/07/27,254,256,269,288,308,323,329,322,307,285,263,246,237,239,254,274,296,317,329,333,327,311,291,271
MA11,2013/07/28,256,251,256,268,286,304,314,317,310,297,280,264,253,250,257,272,291,309,323,331,328,317,302,282
MA11,2013/07/29,264,252,247,252,265,280,294,302,302,297,288,276,266,262,265,275,289,305,319,329,332,327,314,297
MA11,2013/07/30,280,265,254,250,255,267,279,290,297,298,296,291,285,281,281,285,295,307,320,330,337,336,327,315
MA11,2013/07/31,300,284,269,259,254,257,265,274,284,291,295,296,296,294,293,294,297,303,311,320,328,332,330,323
MA11,2013/08/01,312,299,283,268,257,251,251,256,265,275,285,293,297,300,301,300,300,301,303,309,317,324,326,325
MA11,2013/08/02,320,310,296,280,263,250,242,240,245,255,269,282,293,301,306,306,304,301,299,300,306,312,318,322
MA11,2013/08/03,323,318,308,293,274,255,240,231,231,239,253,270,287,300,309,313,311,307,302,299,301,307,314,322
MA11,2013/08/04,328,330,325,313,295,274,254,237,229,231,243,261,281,299,313,320,320,314,306,299,296,298,305,315
MA11,2013/08/05,326,334,334,327,312,290,265,242,226,220,227,244,266,289,307,318,322,317,307,298,290,288,292,301
MA11,2013/08/06,316,330,338,337,326,306,282,255,232,219,218,230,251,276,300,318,325,322,311,299,287,280,280,289
MA11,2013/08/07,303,320,335,341,338,324,300,272,246,227,219,225,242,267,295,317,330,332,323,308,293,281,275,278
MA11,2013/08/08,291,309,327,340,344,336,318,291,262,238,224,223,235,257,284,309,327,333,326,313,297,281,271,269
MA11,2013/08/09,278,295,315,332,342,342,329,308,280,254,237,230,236,254,279,306,326,337,336,325,307,289,274,266
MA11,2013/08/10,268,281,300,319,334,341,336,319,295,270,249,237,236,248,270,296,319,333,337,329,312,293,274,260
MA11,2013/08/11,256,263,279,298,317,330,334,326,308,285,264,249,243,248,264,286,310,328,336,333,320,300,279,261
MA11,2013/08/12,251,251,261,277,296,313,322,321,312,297,280,265,255,255,266,284,305,323,334,337,327,310,288,267
MA11,2013/08/13,253,248,250,260,276,293,306,312,310,302,289,277,267,264,268,280,297,313,326,332,328,316,298,277
MA11,2013/08/14,258,246,241,244,254,267,282,293,298,299,295,288,281,276,276,282,292,305,318,327,329,324,310,291
MA11,2013/08/15,273,256,245,239,239,247,259,270,281,289,293,294,292,289,288,289,294,302,311,321,327,327,320,307
MA11,2013/08/16,291,274,258,245,237,236,241,250,261,273,285,294,300,301,301,301,302,303,308,316,325,330,330,324
MA11,2013/08/17,314,300,282,264,247,236,231,233,242,255,270,285,298,307,312,312,310,306,304,308,314,322,329,331
MA11,2013/08/18,328,320,306,285,263,243,228,220,221,230,246,266,286,303,314,317,315,308,300,296,297,304,314,323
MA11,2013/08/19,330,332,325,310,287,263,239,220,212,213,226,246,270,292,310,320,321,313,301,291,286,287,295,309
MA11,2013/08/20,325,336,340,332,315,289,261,235,216,209,214,231,256,282,305,321,326,319,305,289,277,271,275,289
MA11,2013/08/21,308,327,341,343,333,314,286,255,229,213,211,222,244,271,298,318,328,326,312,294,276,262,259,267
MA11,2013/08/22,285,309,330,342,344,332,308,279,249,227,216,219,236,261,289,314,329,332,322,304,282,261,249,250
MA11,2013/08/23,262,283,308,330,341,340,327,303,275,248,232,227,236,257,283,310,330,338,333,319,297,274,255,245
MA11,2013/08/24,250,266,289,313,332,340,336,321,298,272,252,243,245,260,282,307,328,340,340,329,309,284,260,244
MA11,2013/08/25,240,249,267,290,313,329,334,326,309,289,270,258,255,264,282,305,327,342,347,340,324,301,276,256
MA11,2013/08/26,244,244,254,273,294,313,324,325,316,302,287,274,268,271,284,302,321,336,344,342,332,313,291,269
MA11,2013/08/27,253,246,249,261,277,295,310,316,314,308,298,288,281,280,287,300,315,329,339,342,336,323,305,285
MA11,2013/08/28,268,255,248,251,260,274,288,297,301,300,296,290,285,283,286,293,304,314,324,330,329,322,309,294
MA11,2013/08/29,277,263,253,247,249,257,267,278,286,292,294,295,293,293,293,296,303,310,319,327,331,329,323,313
MA11,2013/08/30,301,287,275,265,259,258,265,275,284,293,300,305,307,307,306,307,307,308,313,318,323,325,324,320
MA11,2013/08/31,311,301,288,272,258,251,249,252,259,270,282,292,302,308,309,309,307,305,304,308,312,318,323,324
MA11,2013/09/01,323,318,307,292,275,259,250,246,248,257,271,285,300,309,314,315,310,303,296,293,295,300,306,314
MA11,2013/09/02,318,319,314,301,283,265,249,236,233,241,255,272,291,307,316,319,314,304,294,287,283,286,294,306
MA11,2013/09/03,317,325,326,318,303,283,261,242,231,232,242,261,283,302,317,324,322,311,298,286,277,275,281,294
MA11,2013/09/04,310,324,332,330,318,299,275,251,234,227,233,250,273,297,317,328,329,320,304,287,274,267,269,280
MA11,2013/09/05,297,317,333,338,332,316,293,265,242,228,226,237,258,284,307,324,329,321,306,286,267,254,250,258
MA11,2013/09/06,276,297,317,332,334,324,305,278,252,234,227,233,250,274,300,320,329,325,310,288,266,248,239,242
MA11,2013/09/07,256,278,303,323,334,333,319,295,269,248,234,232,244,266,292,316,331,331,320,300,276,252,237,233
MA11,2013/09/08,241,260,286,311,329,337,330,313,291,268,251,245,249,266,290,315,334,341,334,318,293,267,246,234
MA11,2013/09/09,234,247,268,293,315,329,331,322,305,285,267,256,255,266,285,308,329,340,339,326,304,277,252,234
MA11,2013/09/10,228,233,248,270,293,312,322,322,312,297,282,270,264,269,282,302,321,335,339,333,317,293,267,246
MA11,2013/09/11,233,230,238,253,271,292,307,313,312,304,293,283,278,278,285,300,316,330,338,336,326,307,283,262
MA11,2013/09/12,244,233,232,239,252,269,286,297,302,302,297,292,286,283,286,294,305,317,325,330,326,313,296,277
MA11,2013/09/13,257,242,234,232,237,248,261,275,285,292,297,297,295,294,293,295,301,308,316,323,325,321,312,298
MA11,2013/09/14,282,265,251,240,236,238,246,256,268,280,290,298,303,304,303,302,302,303,307,312,318,320,318,313
MA11,2013/09/15,303,290,274,259,245,238,237,241,250,264,280,294,305,313,315,314,310,305,302,304,309,315,322,326
MA11,2013/09/16,325,319,307,290,272,256,246,243,248,261,280,300,320,335,343,343,331,317,305,294,293,299,305,315
MA11,2013/09/17,324,325,321,308,287,266,247,232,227,232,247,270,290,307,320,322,315,301,283,269,263,264,275,291
MA11,2013/09/18,307,321,326,320,303,282,257,235,222,220,229,248,272,295,313,321,318,303,283,264,251,246,253,270
MA11,2013/09/19,292,313,327,331,323,305,282,256,236,226,229,244,266,290,311,325,326,314,293,269,248,235,233,246
MA11,2013/09/20,268,294,317,330,331,320,299,275,251,235,232,240,258,283,307,324,330,323,305,280,254,233,224,229
MA11,2013/09/21,247,274,300,321,331,329,316,294,271,252,242,245,259,281,305,326,337,334,319,294,266,240,222,218
MA11,2013/09/22,228,249,277,303,322,329,323,307,286,265,252,248,255,272,296,317,331,334,324,304,276,247,225,213
MA11,2013/09/23,215,230,253,279,302,317,319,309,292,274,259,251,253,265,284,305,321,329,325,310,286,258,233,215
MA11,2013/09/24,209,216,234,257,281,301,311,310,301,287,274,266,264,270,285,303,319,329,331,322,304,280,255,234
MA11,2013/09/25,222,221,230,246,267,287,301,307,304,297,287,279,276,278,287,302,317,329,335,333,322,303,282,262
MA11,2013/09/26,247,239,240,249,263,281,296,306,310,308,303,296,292,291,296,305,316,326,332,332,325,313,296,277
MA11,2013/09/27,261,249,243,243,251,263,275,286,294,296,296,293,289,287,287,291,298,304,309,311,310,304,294,280
MA11,2013/09/28,266,254,244,239,240,244,253,264,273,281,286,287,286,285,284,284,285,287,291,295,297,296,291,285
MA11,2013/09/29,277,266,255,244,237,235,240,248,258,269,279,286,290,291,291,289,286,284,283,285,288,291,294,293
MA11,2013/09/30,290,284,274,261,250,242,238,241,248,260,273,285,294,299,300,297,291,284,279,278,280,287,295,302
MA11,2013/10/01,307,307,301,290,275,260,251,247,249,259,275,292,306,315,318,316,307,294,284,277,275,280,289,301
MA11,2013/10/02,313,321,320,312,298,280,264,252,249,255,270,290,310,324,333,333,324,309,294,281,276,278,286,300
MA11,2013/10/03,317,330,335,331,319,299,278,259,247,247,257,275,295,313,325,328,319,301,280,261,248,244,251,266
MA11,2013/10/04,287,307,321,326,320,304,283,260,243,236,242,257,278,300,317,324,319,301,278,255,235,224,226,239
MA11,2013/10/05,262,287,308,321,324,315,296,273,251,239,238,249,268,290,311,324,323,309,285,258,234,216,211,219
MA11,2013/10/06,238,265,293,314,324,323,309,287,266,248,240,244,258,279,301,318,323,313,293,265,236,212,199,199
MA11,2013/10/07,214,239,267,292,311,318,314,299,279,261,249,247,256,274,297,317,328,325,310,284,255,227,206,198
MA11,2013/10/08,205,223,249,277,301,316,319,312,298,281,268,262,265,278,298,319,334,337,327,307,279,250,224,208
MA11,2013/10/09,206,216,235,260,286,307,319,320,313,301,288,281,280,287,302,321,337,344,341,326,304,276,246,224
MA11,2013/10/10,213,213,223,242,264,286,302,310,310,304,295,286,281,282,291,304,318,328,331,324,309,287,262,239
MA11,2013/10/11,223,217,219,231,248,268,286,299,306,307,305,300,295,293,297,305,314,324,330,331,323,310,291,270
MA11,2013/10/12,253,240,233,235,245,258,273,287,297,304,307,306,304,300,298,300,303,307,314,318,317,311,301,287
MA11,2013/10/13,272,257,245,238,237,241,250,262,275,287,296,301,302,300,296,292,289,287,289,294,299,302,300,295
MA11,2013/10/14,286,276,262,249,241,236,238,247,258,271,284,295,302,303,301,296,288,281,277,279,285,292,299,304
MA11,2013/10/15,304,299,289,275,261,250,244,245,252,264,281,297,308,315,316,309,297,283,272,268,271,280,294,308
MA11,2013/10/16,321,328,326,318,306,294,285,283,292,307,324,340,351,359,364,355,334,312,292,277,272,275,287,305
MA11,2013/10/17,322,333,337,331,317,299,280,265,259,260,272,289,307,322,330,327,314,291,266,244,231,230,239,258
MA11,2013/10/18,282,304,318,323,316,301,282,264,252,249,257,274,294,314,328,331,320,299,272,243,221,212,215,231
MA11,2013/10/19,256,282,304,317,318,309,292,274,258,248,251,263,282,304,323,332,328,312,287,256,229,211,206,216
MA11,2013/10/20,239,268,296,318,328,326,315,299,281,269,265,272,288,309,330,344,347,335,313,285,256,233,222,225
MA11,2013/10/21,242,267,295,320,337,344,338,324,307,291,283,284,292,309,329,344,351,344,325,299,269,240,220,213
MA11,2013/10/22,219,239,265,290,312,325,326,317,303,288,277,272,276,290,307,324,334,333,320,300,272,244,220,206
MA11,2013/10/23,206,218,239,265,289,306,314,313,302,288,278,271,270,278,293,310,320,324,319,304,280,255,230,213
MA11,2013/10/24,206,210,225,245,268,288,302,305,301,292,282,274,271,276,287,302,315,322,322,313,297,276,253,234
MA11,2013/10/25,223,221,228,243,263,283,299,308,310,306,299,292,287,288,295,305,316,325,328,324,314,299,280,261
MA11,2013/10/26,248,241,242,249,261,277,294,307,314,315,312,307,302,300,301,305,312,318,321,322,317,308,295,279
MA11,2013/10/27,265,255,249,248,254,265,278,292,301,306,307,304,299,295,292,291,292,294,297,299,299,296,290,281
MA11,2013/10/28,271,260,252,246,245,250,259,270,282,291,297,299,296,293,289,283,279,277,277,280,284,287,288,285
MA11,2013/10/29,281,273,263,254,247,245,248,256,269,281,291,298,301,299,295,287,278,271,267,268,273,280,287,291
MA11,2013/10/30,293,291,284,274,264,256,252,256,265,279,293,305,312,314,310,299,286,273,261,255,257,265,275,286
MA11,2013/10/31,296,299,297,288,276,263,253,250,254,264,280,296,307,313,312,302,286,268,250,239,237,243,256,273
MA11,2013/11/01,289,301,306,302,292,276,261,250,247,254,268,286,302,313,316,308,291,268,244,227,218,219,230,249
MA11,2013/11/02,272,293,307,310,303,289,272,258,249,250,260,278,297,313,322,319,304,280,253,227,211,206,213,231
MA11,2013/11/03,258,285,307,319,322,314,297,279,266,259,264,279,298,318,332,335,325,303,273,243,218,204,204,217
MA11,2013/11/04,241,271,299,321,332,330,318,302,285,273,272,279,296,316,334,343,339,320,291,257,226,202,192,196
MA11,2013/11/05,215,242,273,300,318,325,320,307,291,276,269,271,282,301,321,335,337,326,301,268,234,204,185,180
MA11,2013/11/06,190,212,241,271,297,312,318,312,299,285,275,271,276,291,310,328,336,333,317,289,257,226,200,187
MA11,2013/11/07,187,201,225,253,280,302,315,317,311,301,291,284,285,295,311,326,338,344,340,321,293,262,233,211
MA11,2013/11/08,203,206,218,237,260,283,300,309,310,303,293,285,279,280,288,300,312,320,320,310,292,268,242,219
MA11,2013/11/09,203,197,202,215,234,256,274,288,295,295,290,284,276,274,277,284,294,304,310,310,303,289,270,251
MA11,2013/11/10,235,225,223,227,240,259,279,298,310,315,316,312,303,293,288,288,293,300,306,310,310,306,296,283
MA11,2013/11/11,269,256,248,245,248,256,268,283,297,307,313,314,309,301,292,283,279,281,284,290,297,300,299,294
MA11,2013/11/12,285,273,263,255,251,253,261,272,285,296,305,310,309,304,296,285,275,268,266,270,278,287,296,300
MA11,2013/11/13,300,296,288,277,267,261,261,267,277,290,302,311,314,312,304,290,272,255,244,241,245,256,269,282
MA11,2013/11/14,292,296,292,284,273,263,257,256,262,273,286,299,309,311,305,291,271,249,231,219,217,227,243,262
MA11,2013/11/15,281,294,301,299,290,279,269,264,265,272,285,300,313,320,320,310,291,267,241,222,213,215,228,249
MA11,2013/11/16,272,294,309,314,309,299,286,275,269,271,281,296,312,326,332,327,311,285,255,228,210,204,212,232
MA11,2013/11/17,257,283,305,317,320,314,301,288,279,276,282,295,311,327,339,339,328,306,276,245,221,208,207,220
MA11,2013/11/18,245,273,300,320,330,329,320,307,294,287,287,295,310,328,343,349,343,325,299,267,238,217,208,214
MA11,2013/11/19,233,260,288,312,328,333,328,316,303,292,287,290,301,318,334,345,345,333,310,280,250,224,208,204
MA11,2013/11/20,216,239,267,293,313,324,324,317,305,292,284,283,289,303,320,334,340,334,317,292,264,236,216,206
MA11,2013/11/21,209,224,248,275,299,316,322,319,309,295,284,279,282,292,306,320,330,331,321,301,275,248,225,210
MA11,2013/11/22,206,215,233,257,282,302,314,316,310,300,290,282,279,285,296,310,321,326,323,310,290,266,243,225
MA11,2013/11/23,216,217,229,248,270,291,307,315,313,306,296,287,282,283,289,299,310,316,317,310,297,278,257,239
MA11,2013/11/24,227,223,228,241,259,280,297,308,312,309,301,292,285,280,281,287,294,300,304,302,296,284,269,252
MA11,2013/11/25,239,231,231,238,251,267,285,300,308,309,306,299,291,286,286,287,291,297,302,306,305,301,293,282
MA11,2013/11/26,270,260,255,255,260,270,285,299,310,316,315,310,304,295,287,282,280,279,281,286,289,289,286,281
MA11,2013/11/27,273,263,254,250,249,253,263,277,291,301,307,306,301,295,286,277,270,265,265,269,275,283,288,291
MA11,2013/11/28,290,286,280,272,267,267,272,281,295,307,317,321,318,311,300,287,273,260,254,253,259,269,280,290
MA11,2013/11/29,297,299,297,291,281,274,273,277,286,300,313,322,326,323,314,300,282,264,251,243,242,248,261,278
MA11,2013/11/30,293,303,306,302,292,283,275,272,276,286,300,313,321,323,317,302,282,258,236,221,216,222,237,259
MA11,2013/12/01,280,299,312,314,309,300,288,278,276,281,293,308,320,328,327,314,293,266,237,213,199,198,210,231
MA11,2013/12/02,257,284,306,317,319,313,301,289,281,279,287,301,317,330,337,333,316,287,255,223,200,189,191,207
MA11,2013/12/03,233,262,291,312,321,321,313,298,286,279,281,290,305,323,335,338,328,304,271,237,206,184,177,184
MA11,2013/12/04,204,234,266,293,313,321,318,307,294,283,278,282,294,312,330,341,338,322,295,261,225,196,178,174
MA11,2013/12/05,186,209,240,271,296,313,318,313,302,289,280,277,284,298,317,333,340,335,316,287,254,222,197,185
MA11,2013/12/06,186,202,227,256,283,306,317,317,312,301,289,281,282,291,305,322,335,338,328,309,281,249,219,199
MA11,2013/12/07,190,195,212,236,262,286,303,311,310,301,290,279,272,273,283,297,312,321,322,312,294,269,242,218
MA11,2013/12/08,203,200,208,224,246,270,290,301,305,301,292,280,270,266,268,275,287,298,306,305,297,281,261,240
MA11,2013/12/09,224,217,217,226,242,262,281,296,305,305,300,290,279,269,265,267,273,283,292,299,300,295,285,271
MA11,2013/12/10,258,249,245,247,258,273,290,308,321,327,327,321,311,302,291,284,283,285,288,294,299,301,299,291
MA11,2013/12/11,280,271,264,260,262,270,281,295,307,315,319,316,308,297,284,272,262,257,260,267,276,285,291,293
MA11,2013/12/12,292,289,283,278,275,276,281,289,301,314,320,320,317,306,292,276,257,243,236,235,242,253,264,275
MA11,2013/12/13,283,287,288,284,280,279,280,284,293,304,315,322,324,320,310,293,271,250,233,226,227,237,252,268
MA11,2013/12/14,282,294,299,298,291,285,280,278,282,291,302,313,321,321,315,301,281,257,234,217,211,216,230,250
MA11,2013/12/15,271,291,304,307,304,298,288,282,280,285,295,307,317,324,324,315,297,270,243,222,210,208,218,236
MA11,2013/12/16,259,283,303,311,314,311,301,291,285,286,293,304,316,327,333,330,315,291,261,232,211,201,203,217
MA11,2013/12/17,240,267,292,308,317,316,307,296,287,283,285,292,305,320,331,333,325,304,274,243,217,200,194,202
MA11,2013/12/18,222,248,277,300,314,318,312,302,290,282,279,283,295,310,324,333,331,316,291,260,230,206,194,194
MA11,2013/12/19,208,232,261,287,308,318,317,308,296,285,279,279,288,302,318,331,336,328,309,282,253,227,209,202
MA11,2013/12/20,210,231,258,286,310,326,331,327,317,306,297,293,297,309,325,339,346,343,331,308,280,253,232,219
MA11,2013/12/21,219,232,254,279,304,323,333,331,320,308,296,287,286,292,304,319,331,334,328,312,288,263,239,221
MA11,2013/12/22,214,220,236,258,282,303,317,319,313,302,289,278,271,273,282,295,308,315,315,305,288,267,245,227
MA11,2013/12/23,216,216,226,243,265,287,303,311,309,301,289,276,267,265,268,278,290,299,303,301,291,276,258,239
MA11,2013/12/24,225,221,226,238,257,279,297,309,313,309,299,286,275,268,265,268,276,284,291,294,290,281,268,253
MA11,2013/12/25,240,233,232,238,250,267,285,298,305,306,298,286,274,264,257,255,256,262,269,275,279,277,271,263
MA11,2013/12/26,253,245,242,243,251,263,277,291,302,307,305,297,287,275,265,258,255,256,261,268,277,282,284,285
MA11,2013/12/27,283,279,276,273,273,281,292,303,315,324,326,324,315,303,289,275,264,258,256,258,266,276,285,293
MA11,2013/12/28,296,296,294,289,284,284,288,296,307,319,326,327,322,313,299,281,263,248,239,237,242,253,267,280
MA11,2013/12/29,292,301,303,300,294,289,287,290,297,307,318,324,325,319,307,290,269,246,227,217,215,224,239,258
MA11,2013/12/30,278,295,305,307,304,298,292,289,291,299,310,319,327,329,323,307,285,256,230,211,200,201,213,233
MA11,2013/12/31,257,283,302,312,314,309,300,292,288,290,298,309,322,332,333,325,305,276,245,216,197,189,194,211
