MA11,2014/01/01,237,266,294,314,324,324,316,305,295,290,294,304,318,333,342,342,329,304,271,239,210,191,185,192
MA11,2014/01/02,212,241,272,299,317,324,320,308,293,282,278,281,294,312,328,337,334,318,290,255,219,190,174,172
MA11,2014/01/03,184,209,240,270,294,308,311,303,290,277,268,265,273,291,312,329,337,333,315,287,253,222,197,184
MA11,2014/01/04,188,206,234,263,289,309,320,317,305,290,276,266,267,277,296,316,330,333,325,305,277,246,218,199
MA11,2014/01/05,194,203,223,249,275,299,313,315,307,295,277,261,253,256,269,288,305,317,317,307,288,264,237,216
MA11,2014/01/06,205,207,220,240,266,290,306,313,311,301,284,265,252,247,252,265,281,294,302,302,292,277,256,235
MA11,2014/01/07,221,215,221,235,254,275,294,304,306,300,287,269,251,240,238,243,254,268,280,286,287,281,268,253
MA11,2014/01/08,241,236,236,244,258,278,295,308,316,314,304,289,273,258,248,245,249,257,267,277,284,287,284,277
MA11,2014/01/09,271,266,265,267,275,290,305,316,324,326,321,310,296,279,265,254,246,244,249,255,264,272,274,274
MA11,2014/01/10,272,269,267,265,267,275,285,295,304,310,311,305,295,281,265,249,236,228,224,227,235,245,255,262
MA11,2014/01/11,267,272,273,270,269,271,276,282,290,299,304,303,298,288,273,257,239,222,210,206,210,221,234,247
MA11,2014/01/12,260,271,277,278,276,275,275,277,283,292,300,305,307,305,298,285,265,243,223,210,207,214,227,244
MA11,2014/01/13,261,277,288,291,289,285,280,276,277,283,290,298,305,308,306,294,275,251,226,206,196,197,206,222
MA11,2014/01/14,244,264,280,289,291,286,278,270,266,267,274,283,293,302,306,301,285,261,233,207,189,182,186,200
MA11,2014/01/15,223,250,272,286,291,290,282,272,265,262,266,276,289,303,312,313,304,283,255,226,202,187,184,194
MA11,2014/01/16,215,241,267,287,297,299,292,281,269,263,261,267,280,296,311,319,315,299,275,245,217,197,186,190
MA11,2014/01/17,206,231,260,284,299,306,303,291,278,267,261,262,272,287,304,317,320,311,291,264,235,210,193,189
MA11,2014/01/18,200,222,250,276,296,308,308,299,285,272,262,258,264,279,298,315,324,322,309,285,258,232,212,201
MA11,2014/01/19,205,223,247,273,297,312,316,309,295,279,266,257,256,266,282,300,313,316,308,290,266,240,217,202
MA11,2014/01/20,199,209,230,255,279,298,307,306,295,280,265,253,248,253,268,287,303,313,314,304,286,264,242,224
MA11,2014/01/21,217,221,237,259,283,304,317,318,310,296,279,263,254,253,261,275,291,303,308,304,293,276,256,238
MA11,2014/01/22,227,225,234,251,272,292,307,312,308,297,281,263,249,242,245,255,268,281,290,292,287,276,262,246
MA11,2014/01/23,235,230,233,243,259,279,295,304,305,297,283,265,248,237,234,237,245,256,266,273,276,273,265,254
MA11,2014/01/24,245,239,239,244,256,272,289,300,305,302,292,277,260,245,235,232,234,241,250,259,267,271,271,268
MA11,2014/01/25,264,261,260,260,266,277,289,300,307,309,304,292,277,262,248,237,231,230,234,241,252,263,271,276
MA11,2014/01/26,280,281,280,279,280,285,292,301,309,314,314,308,296,280,264,248,235,225,219,221,229,239,251,262
MA11,2014/01/27,271,278,281,281,279,278,279,283,290,298,303,305,300,290,277,259,238,219,204,197,199,209,224,243
MA11,2014/01/28,262,278,289,292,289,285,281,280,284,292,302,311,316,314,305,289,266,240,217,198,189,191,202,223
MA11,2014/01/29,246,268,285,294,294,289,281,274,271,272,280,292,303,309,310,301,281,254,224,197,180,175,180,197
MA11,2014/01/30,224,253,278,296,302,300,293,281,271,269,274,287,303,318,330,331,319,295,265,234,209,194,192,203
MA11,2014/01/31,225,252,279,302,316,315,306,291,275,264,261,266,279,298,316,326,323,306,278,243,210,185,172,174
MA11,2014/02/01,191,217,249,277,296,305,301,289,271,254,243,244,255,275,300,320,327,322,303,274,243,213,192,186
MA11,2014/02/02,194,216,245,274,299,314,316,306,290,270,254,246,251,267,292,317,333,337,329,309,280,250,225,210
MA11,2014/02/03,211,224,247,275,300,318,324,318,302,280,259,245,239,246,266,290,312,326,327,317,297,270,245,228
MA11,2014/02/04,221,228,245,268,293,314,325,322,310,290,268,247,234,232,243,262,283,300,308,307,297,280,260,243
MA11,2014/02/05,232,233,245,263,284,303,316,320,312,296,275,254,236,225,226,237,252,270,284,290,288,279,264,250
MA11,2014/02/06,241,238,244,256,272,291,305,311,309,299,281,262,242,227,220,222,231,243,256,266,272,271,265,258
MA11,2014/02/07,252,250,252,259,272,287,300,309,311,305,294,278,259,242,231,224,224,229,237,247,255,260,262,261
MA11,2014/02/08,258,256,257,260,268,279,289,298,305,305,299,290,277,263,250,238,231,230,234,241,250,259,267,274
MA11,2014/02/09,278,281,283,284,287,292,300,308,314,317,318,314,305,292,279,265,251,239,234,233,238,247,258,268
MA11,2014/02/10,277,283,286,285,283,282,282,284,289,293,297,300,297,291,281,266,249,232,217,210,212,219,231,246
MA11,2014/02/11,260,273,280,281,278,274,269,268,270,273,281,289,292,292,288,276,259,238,217,202,196,198,210,227
MA11,2014/02/12,246,265,278,283,282,278,271,264,261,263,271,282,291,298,301,295,281,259,234,213,200,196,203,219
MA11,2014/02/13,242,264,282,292,294,288,277,265,256,253,258,269,281,292,300,301,290,270,244,218,197,187,187,199
MA11,2014/02/14,220,244,267,283,288,285,274,260,247,239,240,249,263,280,294,300,296,281,257,229,204,187,181,190
MA11,2014/02/15,210,238,265,286,298,299,292,278,263,253,250,257,271,290,310,327,333,326,306,278,250,229,217,216
MA11,2014/02/16,231,254,280,304,318,321,313,296,276,260,250,252,261,277,298,316,324,320,304,279,252,227,210,205
MA11,2014/02/17,213,232,258,283,301,310,306,292,273,253,238,233,237,250,272,293,309,313,305,288,264,238,218,209
MA11,2014/02/18,212,227,251,277,298,310,312,301,281,260,242,231,229,238,257,278,297,309,309,296,277,254,233,219
MA11,2014/02/19,217,227,246,270,291,307,313,306,289,267,245,229,223,227,241,261,281,296,301,297,285,267,248,233
MA11,2014/02/20,227,231,244,263,284,302,312,309,296,275,253,235,222,218,226,242,258,275,286,289,285,273,258,244
MA11,2014/02/21,236,235,244,259,277,295,307,309,301,284,264,243,226,216,217,226,239,254,267,275,278,273,263,253
MA11,2014/02/22,246,243,246,254,268,284,296,302,299,288,271,252,232,218,212,213,219,230,240,251,260,263,262,258
MA11,2014/02/23,255,252,252,256,265,276,287,296,297,292,282,266,248,232,220,213,210,212,219,228,238,247,254,257
MA11,2014/02/24,260,261,260,261,264,269,277,284,288,289,286,278,265,250,234,221,210,205,204,208,218,230,242,253
MA11,2014/02/25,262,268,270,270,269,269,271,275,280,285,288,288,283,272,258,241,225,209,197,194,198,208,223,240
MA11,2014/02/26,256,269,275,275,271,266,262,261,262,267,276,283,285,282,274,258,237,215,195,182,178,183,197,217
MA11,2014/02/27,240,260,274,279,276,269,260,252,249,252,262,275,287,294,295,287,269,246,220,198,187,185,194,214
MA11,2014/02/28,239,264,285,296,297,289,276,260,248,244,250,263,280,296,306,306,295,273,244,214,192,181,182,195
MA11,2014/03/01,219,247,272,289,295,291,277,257,239,227,226,239,258,281,302,313,311,298,273,241,214,196,189,196
MA11,2014/03/02,215,242,270,292,305,305,292,272,249,229,221,226,241,265,291,312,321,316,298,271,242,217,203,202
MA11,2014/03/03,215,239,265,289,306,310,301,281,254,229,212,208,216,235,262,288,304,309,300,280,254,229,209,202
MA11,2014/03/04,208,226,250,275,295,304,300,284,259,231,208,195,194,208,231,258,282,297,300,289,270,249,229,217
MA11,2014/03/05,218,230,250,274,296,311,314,304,284,258,234,216,209,214,231,255,280,300,310,309,298,283,266,252
MA11,2014/03/06,246,251,264,282,302,317,323,318,303,279,253,231,215,209,215,232,251,270,285,290,286,276,261,248
MA11,2014/03/07,243,245,253,268,285,300,310,311,302,284,264,242,224,213,212,220,234,250,265,275,278,276,269,260
MA11,2014/03/08,255,253,256,266,279,292,303,308,303,293,278,261,242,226,218,218,224,234,247,260,268,271,270,266
MA11,2014/03/09,263,262,262,267,276,286,295,301,302,297,289,277,262,248,238,231,229,234,242,252,262,269,273,276
MA11,2014/03/10,278,279,279,279,283,288,293,300,303,302,299,293,283,270,258,246,236,231,230,235,243,252,260,267
MA11,2014/03/11,273,276,275,274,273,272,273,276,279,281,283,282,278,271,261,249,237,225,218,217,221,232,245,258
MA11,2014/03/12,270,279,282,280,276,270,267,265,267,272,278,283,286,285,279,269,254,238,224,215,215,222,234,251
MA11,2014/03/13,269,282,289,291,287,280,272,266,265,268,276,287,297,303,306,300,287,269,251,238,234,238,250,268
MA11,2014/03/14,288,304,314,317,312,302,289,276,267,265,272,284,297,308,313,312,302,282,259,237,222,218,223,239
MA11,2014/03/15,261,282,297,305,304,294,278,261,247,241,245,256,273,290,303,308,303,287,264,240,219,208,208,221
MA11,2014/03/16,242,267,286,299,303,295,280,260,241,231,231,242,259,279,297,309,311,301,280,255,232,214,208,214
MA11,2014/03/17,233,258,281,296,303,299,282,261,238,220,213,218,233,255,279,298,308,305,290,269,244,224,213,215
MA11,2014/03/18,229,253,277,297,310,310,298,277,252,231,220,218,229,251,277,302,319,322,315,298,275,252,235,228
MA11,2014/03/19,235,253,275,297,311,314,304,284,257,231,211,203,206,221,245,271,291,302,303,292,274,253,235,226
MA11,2014/03/20,228,242,263,285,303,313,310,295,271,245,222,208,206,217,237,264,291,310,319,318,308,294,280,269
MA11,2014/03/21,268,276,291,310,330,342,343,333,311,284,259,239,227,227,237,256,277,294,307,310,304,293,278,265
MA11,2014/03/22,259,261,269,284,299,312,318,313,298,276,251,228,212,205,209,221,237,255,271,281,284,280,272,264
MA11,2014/03/23,259,256,259,269,283,297,306,306,297,281,261,240,223,209,205,210,220,234,249,261,270,274,273,270
MA11,2014/03/24,266,264,265,269,277,288,297,301,299,290,276,260,242,226,215,211,213,220,230,242,254,264,271,275
MA11,2014/03/25,277,277,275,274,278,283,290,296,298,297,292,282,269,254,239,228,221,219,222,230,241,253,265,275
MA11,2014/03/26,283,286,285,281,277,276,277,280,284,288,290,289,284,273,260,246,231,220,215,216,223,235,251,267
MA11,2014/03/27,281,290,292,288,282,274,269,266,267,274,283,290,293,291,284,271,253,234,220,213,213,221,235,253
MA11,2014/03/28,272,286,293,291,282,269,256,246,242,246,257,272,285,293,294,287,270,249,228,213,206,208,219,238
MA11,2014/03/29,261,281,294,297,290,276,257,239,228,227,237,254,274,292,304,306,297,278,255,232,218,215,221,237
MA11,2014/03/30,260,284,303,312,309,295,274,250,232,224,228,244,269,295,316,331,333,322,304,282,262,249,248,259
MA11,2014/03/31,278,301,320,331,333,322,300,273,246,226,221,229,248,274,299,318,327,322,306,284,261,241,232,236
MA11,2014/04/01,252,273,295,311,317,312,294,266,235,210,195,194,208,231,259,286,303,308,300,284,264,244,231,230
MA11,2014/04/02,241,260,283,303,314,314,302,279,248,218,196,187,192,210,236,265,289,302,303,294,278,259,245,239
MA11,2014/04/03,243,258,278,298,313,319,312,295,268,239,214,198,194,204,225,251,277,296,305,303,295,280,267,259
MA11,2014/04/04,260,270,288,306,323,335,335,325,305,279,253,233,222,224,237,258,281,300,313,317,312,301,287,275
MA11,2014/04/05,271,273,282,295,309,320,324,316,300,279,255,233,217,209,213,228,245,264,280,290,293,288,279,273
MA11,2014/04/06,268,268,274,284,296,309,316,315,307,292,274,255,237,226,222,227,239,252,267,280,287,287,284,279
MA11,2014/04/07,274,272,271,275,282,291,299,301,297,289,277,261,246,232,224,222,226,234,246,259,270,277,279,279
MA11,2014/04/08,277,274,273,274,277,282,288,292,292,288,283,275,264,252,241,233,230,231,236,245,256,266,272,276
MA11,2014/04/09,278,278,275,272,269,269,271,274,276,278,278,276,271,263,253,243,235,230,230,236,247,258,270,280
MA11,2014/04/10,286,289,288,283,277,272,270,270,272,277,284,290,291,289,280,269,255,242,234,234,239,249,262,275
MA11,2014/04/11,286,292,292,287,278,269,260,254,253,259,267,276,284,288,286,278,266,251,237,230,230,236,250,266
MA11,2014/04/12,282,293,298,293,283,270,255,244,239,242,253,268,282,292,296,293,283,266,248,235,229,231,242,259
MA11,2014/04/13,278,293,301,299,289,273,255,237,226,224,232,247,266,285,297,302,296,282,262,244,233,229,236,253
MA11,2014/04/14,274,293,306,309,302,286,265,243,225,216,220,234,255,279,298,309,310,299,281,262,244,235,236,249
MA11,2014/04/15,269,290,307,314,311,296,274,248,224,210,208,219,239,265,290,309,318,314,300,282,264,248,243,251
MA11,2014/04/16,267,288,308,318,320,309,287,260,232,209,200,203,218,243,271,296,313,317,310,295,276,258,248,248
MA11,2014/04/17,260,279,299,315,322,316,298,272,241,215,197,192,201,221,247,275,298,311,311,302,286,268,254,250
MA11,2014/04/18,255,270,290,308,319,321,308,284,254,224,201,189,189,202,225,252,278,297,305,303,294,279,264,256
MA11,2014/04/19,256,266,283,300,314,320,314,296,269,239,212,193,185,189,205,228,252,273,287,292,289,279,266,257
MA11,2014/04/20,254,257,267,282,296,306,307,297,277,252,226,204,189,184,191,207,228,249,267,280,285,283,275,268
MA11,2014/04/21,263,262,268,278,290,302,308,305,294,276,255,234,216,205,202,210,223,240,257,273,285,289,287,284
MA11,2014/04/22,280,276,275,279,285,295,303,306,301,291,277,260,243,228,218,216,221,231,243,258,271,281,285,286
MA11,2014/04/23,284,280,276,273,273,276,282,287,289,288,283,272,259,245,232,223,219,220,226,237,251,263,273,279
MA11,2014/04/24,282,280,273,265,258,255,257,261,265,271,275,274,269,259,246,234,225,218,217,222,233,247,260,271
MA11,2014/04/25,280,282,277,268,256,245,240,239,243,253,263,272,277,276,268,257,243,230,222,221,227,238,252,268
MA11,2014/04/26,281,287,286,276,261,245,230,221,220,227,242,258,271,279,281,273,261,245,232,224,224,231,244,262
MA11,2014/04/27,279,291,294,287,273,253,231,213,205,208,221,240,261,279,291,293,286,271,254,240,234,235,244,261
MA11,2014/04/28,281,297,305,304,292,270,244,219,201,196,203,222,246,271,291,301,300,290,274,258,244,238,241,255
MA11,2014/04/29,275,294,307,310,302,284,256,226,201,185,184,197,220,248,275,293,302,300,287,271,256,245,243,252
MA11,2014/04/30,269,290,306,315,313,299,276,246,215,192,181,185,203,230,259,284,301,305,298,286,271,257,251,255
MA11,2014/05/01,268,287,306,320,323,315,296,267,235,208,191,188,197,219,248,276,297,309,310,301,288,274,262,260
MA11,2014/05/02,267,281,300,315,324,322,309,285,256,226,203,191,191,205,229,255,280,298,304,302,292,279,267,261
MA11,2014/05/03,263,273,287,304,317,321,314,296,271,243,219,202,194,200,217,240,265,285,297,299,294,284,272,264
MA11,2014/05/04,261,265,275,287,300,308,308,296,277,253,229,209,196,194,203,219,242,263,279,288,289,283,274,265
MA11,2014/05/05,261,261,266,277,289,299,303,298,286,268,247,228,214,206,208,218,235,255,273,286,292,291,285,278
MA11,2014/05/06,272,268,269,273,280,289,295,296,290,277,262,246,231,220,216,219,228,242,258,271,281,285,283,278
MA11,2014/05/07,272,266,263,263,265,271,277,280,279,274,266,254,242,231,223,220,223,231,243,256,268,276,279,278
MA11,2014/05/08,274,269,263,258,256,257,261,266,270,271,269,265,258,250,241,234,233,235,241,252,265,277,286,289
MA11,2014/05/09,289,285,278,269,261,256,256,259,262,268,273,274,274,270,261,251,243,240,240,247,259,272,284,292
MA11,2014/05/10,294,292,285,273,260,251,243,241,244,251,259,268,275,276,272,264,254,244,238,238,246,258,271,283
MA11,2014/05/11,290,292,287,274,258,243,229,222,222,228,239,253,266,275,278,274,264,252,241,235,237,246,260,275
MA11,2014/05/12,288,295,294,283,267,248,229,215,208,212,224,243,264,281,292,294,289,277,263,252,248,253,264,280
MA11,2014/05/13,297,308,311,306,290,268,244,222,209,207,215,233,257,280,299,310,309,299,285,269,259,256,262,276
MA11,2014/05/14,294,310,320,317,304,284,256,229,208,197,200,215,238,265,291,308,315,312,299,285,271,262,262,272
MA11,2014/05/15,289,309,323,328,322,304,277,248,220,200,195,204,224,252,283,308,324,328,323,309,294,282,277,281
MA11,2014/05/16,294,312,329,339,338,326,302,270,238,212,197,195,208,231,260,290,312,322,324,317,303,289,278,275
MA11,2014/05/17,283,298,315,330,336,330,312,283,250,219,195,184,187,203,227,256,282,301,309,307,299,286,274,267
MA11,2014/05/18,268,279,294,310,322,325,315,294,265,234,207,188,181,188,206,230,256,280,294,300,297,288,277,267
MA11,2014/05/19,263,267,278,292,307,315,314,302,281,254,227,204,190,187,196,214,237,261,280,291,295,292,284,274
MA11,2014/05/20,267,265,269,278,291,303,308,304,292,272,250,228,210,200,200,210,226,246,266,282,292,295,293,286
MA11,2014/05/21,278,272,270,273,282,292,302,307,304,294,280,264,247,236,229,230,240,254,272,290,303,309,310,306
MA11,2014/05/22,299,291,282,277,277,282,290,297,300,299,293,283,270,256,245,239,239,245,257,271,285,297,303,303
MA11,2014/05/23,298,289,277,265,257,254,257,263,269,275,279,278,273,264,253,243,238,237,243,253,266,280,289,295
MA11,2014/05/24,295,289,277,262,247,237,233,236,243,254,266,276,281,280,275,268,259,253,252,256,267,281,294,304
MA11,2014/05/25,309,307,298,282,262,244,231,225,227,237,253,269,282,290,291,285,276,266,259,258,264,274,285,298
MA11,2014/05/26,308,313,308,293,273,250,230,215,211,217,232,253,275,291,301,303,299,289,279,271,270,276,287,300
MA11,2014/05/27,314,324,324,315,296,271,244,222,208,206,216,236,259,282,301,310,310,303,291,280,273,273,280,294
MA11,2014/05/28,310,323,329,325,311,288,259,231,208,196,199,214,238,265,289,305,311,308,299,285,274,270,271,280
MA11,2014/05/29,296,312,322,326,318,300,273,242,214,195,188,197,217,243,270,293,307,310,304,292,279,270,266,270
MA11,2014/05/30,283,300,315,323,321,309,286,256,225,199,185,185,198,222,250,277,297,306,305,296,283,272,265,264
MA11,2014/05/31,273,288,303,315,320,313,297,272,241,212,192,183,189,207,232,260,284,299,304,300,290,278,268,263
MA11,2014/06/01,267,279,294,307,317,318,309,288,261,232,208,193,190,201,222,247,272,291,300,300,293,282,271,262
MA11,2014/06/02,260,267,278,292,305,310,306,292,269,244,219,200,192,195,208,229,252,273,288,293,290,282,271,262
MA11,2014/06/03,258,259,266,279,291,300,303,295,280,259,238,219,206,202,208,224,244,266,283,293,295,290,280,270
MA11,2014/06/04,262,259,262,269,279,289,294,293,285,271,253,236,220,211,212,220,236,255,272,284,292,291,285,276
MA11,2014/06/05,267,260,257,259,266,275,282,286,284,275,264,251,238,227,223,225,234,248,265,280,290,294,292,284
MA11,2014/06/06,275,267,260,256,257,262,269,274,277,276,271,264,255,246,238,235,239,248,260,275,287,295,298,293
MA11,2014/06/07,285,276,265,256,250,249,253,260,265,270,273,272,268,262,254,249,247,250,258,269,283,295,301,302
MA11,2014/06/08,298,289,276,263,252,244,243,246,252,260,269,276,279,278,273,266,260,256,257,263,274,286,297,302
MA11,2014/06/09,302,296,283,266,250,236,227,224,228,237,250,264,274,280,279,274,267,260,255,255,263,275,287,298
MA11,2014/06/10,304,303,292,276,256,236,221,211,209,216,231,250,268,282,290,290,284,275,266,260,262,271,283,296
MA11,2014/06/11,307,312,307,293,272,248,225,207,198,200,212,233,258,281,297,305,304,297,286,276,272,275,284,299
MA11,2014/06/12,313,324,325,316,298,273,245,219,201,195,201,219,245,273,299,318,325,323,315,304,295,291,295,306
MA11,2014/06/13,322,338,346,345,332,308,278,246,218,201,198,209,230,258,286,309,324,326,319,307,293,285,283,288
MA11,2014/06/14,302,319,332,339,333,316,288,255,222,196,184,186,200,225,255,284,306,317,318,310,298,286,278,278
MA11,2014/06/15,287,304,320,333,337,328,308,278,243,212,191,182,187,205,232,262,289,308,316,313,304,291,278,272
MA11,2014/06/16,276,287,303,319,331,333,322,300,269,237,210,194,191,200,220,245,273,296,310,313,309,298,284,273
MA11,2014/06/17,269,273,285,301,316,326,325,312,290,262,234,213,201,200,212,232,257,281,299,309,310,303,291,277
MA11,2014/06/18,268,266,271,282,297,311,318,316,304,285,262,240,223,216,221,234,253,274,294,307,314,311,301,288
MA11,2014/06/19,275,266,263,267,277,290,301,306,304,294,279,262,245,234,231,237,249,266,284,298,308,311,305,294
MA11,2014/06/20,280,267,256,251,254,263,275,285,289,289,283,273,260,249,242,242,248,259,273,288,299,306,305,298
MA11,2014/06/21,286,273,257,245,240,241,248,257,267,274,277,277,272,265,259,255,255,260,269,282,295,305,311,309
MA11,2014/06/22,302,290,274,257,244,237,237,242,251,262,273,282,285,284,281,276,272,272,275,283,294,305,313,317
MA11,2014/06/23,315,307,292,273,254,237,227,225,231,242,257,272,284,291,292,288,283,278,275,277,283,294,305,313
MA11,2014/06/24,317,315,304,287,266,244,225,215,213,221,235,254,273,287,296,299,295,288,281,278,280,287,297,308
MA11,2014/06/25,318,321,316,303,282,257,233,214,203,204,215,235,257,278,294,301,301,294,285,278,274,277,285,296
MA11,2014/06/26,308,319,320,313,297,273,245,220,201,193,199,215,238,263,285,300,305,302,292,282,274,271,275,285
MA11,2014/06/27,299,313,321,319,309,290,264,234,209,192,189,200,221,247,273,293,305,307,300,289,278,270,268,275
MA11,2014/06/28,288,304,317,323,320,306,282,253,224,201,191,194,209,232,260,286,303,310,307,298,285,275,269,270
MA11,2014/06/29,280,296,312,324,328,320,302,275,245,220,203,198,207,228,255,281,303,315,315,307,295,283,273,268
MA11,2014/06/30,274,286,301,316,324,323,311,289,261,234,212,200,202,215,238,264,288,305,311,307,296,284,271,262
MA11,2014/07/01,263,272,285,301,313,318,313,297,274,247,223,207,202,209,227,251,275,297,308,308,301,288,275,264
MA11,2014/07/02,259,262,272,286,300,310,311,302,284,261,239,220,210,211,223,242,266,287,301,307,304,295,281,268
MA11,2014/07/03,260,258,263,274,287,299,305,302,292,275,256,239,226,222,228,242,261,283,300,310,312,306,294,280
MA11,2014/07/04,268,261,261,265,275,287,296,299,295,285,271,257,244,236,236,243,257,275,293,305,310,308,298,285
MA11,2014/07/05,273,263,256,256,261,271,281,288,289,285,278,268,258,250,246,248,256,270,286,299,308,310,303,291
MA11,2014/07/06,279,265,253,247,246,250,258,266,273,276,275,272,267,261,257,254,257,266,278,290,302,308,307,300
MA11,2014/07/07,289,276,262,249,241,240,243,249,258,267,274,278,279,278,273,269,267,269,275,286,298,308,312,310
MA11,2014/07/08,303,291,275,258,244,234,228,229,236,247,260,272,280,284,284,281,276,273,272,277,287,297,305,309
MA11,2014/07/09,308,300,285,266,245,228,217,211,214,225,241,259,276,289,296,296,293,287,280,279,284,294,305,313
MA11,2014/07/10,317,317,308,291,269,246,224,210,205,210,225,246,268,290,305,312,313,305,296,289,289,295,305,317
MA11,2014/07/11,329,336,333,321,300,273,246,224,208,204,213,231,256,283,305,319,324,319,309,296,288,287,292,304
MA11,2014/07/12,319,332,338,333,316,290,259,227,202,188,187,201,224,252,281,304,316,318,310,298,286,278,277,285
MA11,2014/07/13,300,318,332,336,330,312,283,249,217,194,184,188,204,230,261,290,311,321,319,308,294,281,274,276
MA11,2014/07/14,287,305,323,337,340,331,310,279,244,214,194,188,196,216,244,273,298,313,317,310,296,279,266,259
MA11,2014/07/15,264,279,298,316,329,330,318,295,265,232,207,193,192,204,226,253,281,302,312,310,299,283,265,253
MA11,2014/07/16,250,257,272,292,310,320,320,307,285,258,231,211,203,207,224,247,273,295,309,314,307,293,275,257
MA11,2014/07/17,246,245,253,268,287,304,312,310,296,276,254,233,221,219,227,244,267,288,304,313,311,301,285,266
MA11,2014/07/18,250,241,240,248,263,280,293,299,296,285,270,252,238,232,234,244,261,280,296,308,312,307,295,277
MA11,2014/07/19,260,245,236,236,244,257,270,281,285,282,275,265,254,246,244,248,259,275,290,303,311,311,303,290
MA11,2014/07/20,274,256,242,232,230,237,248,258,268,274,276,275,270,264,261,261,266,276,287,299,308,313,311,304
MA11,2014/07/21,292,276,258,241,231,228,231,239,249,259,268,274,277,278,276,273,273,276,283,291,301,309,311,309
MA11,2014/07/22,303,291,275,256,240,229,224,226,233,244,257,270,281,287,289,288,286,285,286,290,298,307,314,317
MA11,2014/07/23,317,311,298,281,261,242,229,222,223,232,246,262,278,291,298,300,296,292,289,288,291,300,308,316
MA11,2014/07/24,322,322,316,302,283,260,237,222,215,218,230,248,267,286,299,305,304,298,289,283,281,283,290,300
MA11,2014/07/25,311,318,318,308,292,269,243,220,205,200,207,224,246,268,287,298,300,295,285,275,268,266,271,282
MA11,2014/07/26,295,308,315,313,301,281,255,228,205,193,195,208,230,255,279,297,306,306,297,286,275,268,269,278
MA11,2014/07/27,292,308,320,325,321,307,283,254,227,208,202,209,227,253,279,300,312,314,307,294,280,269,264,267
MA11,2014/07/28,280,297,313,324,325,317,298,270,242,217,203,203,215,237,264,288,306,314,310,299,284,268,258,256
MA11,2014/07/29,264,280,298,313,321,319,305,283,255,229,210,203,208,227,252,278,299,310,310,301,287,270,257,250
MA11,2014/07/30,254,267,283,300,313,316,308,290,266,241,220,208,208,221,243,268,292,308,312,307,294,277,261,250
MA11,2014/07/31,249,257,272,288,304,314,313,302,282,259,238,223,218,224,242,265,288,307,316,314,304,288,271,256
MA11,2014/08/01,249,251,261,275,291,305,311,307,293,276,257,240,231,232,243,261,283,303,314,316,311,297,278,262
MA11,2014/08/02,251,246,250,260,274,289,299,301,296,284,269,254,244,242,248,261,279,297,311,319,318,307,291,274
MA11,2014/08/03,259,250,248,252,262,276,288,295,295,289,281,270,260,255,257,265,278,294,308,317,320,314,301,285
MA11,2014/08/04,269,256,247,245,250,259,270,280,287,290,288,283,277,271,268,271,279,290,302,313,320,319,311,297
MA11,2014/08/05,281,266,253,244,240,244,251,261,271,279,285,287,286,284,281,281,283,288,295,306,314,318,316,308
MA11,2014/08/06,296,282,266,251,240,235,237,242,251,263,275,285,292,296,296,294,292,292,294,300,308,316,320,318
MA11,2014/08/07,313,302,285,266,249,235,226,225,230,242,258,275,290,300,305,306,302,295,291,293,298,305,313,318
MA11,2014/08/08,320,316,304,285,263,241,224,213,210,217,233,253,275,293,306,310,308,300,292,287,286,291,301,312
MA11,2014/08/09,321,326,321,307,286,259,232,212,199,198,210,229,254,280,300,313,315,307,295,284,276,275,282,296
MA11,2014/08/10,312,325,331,326,310,285,255,227,205,195,199,214,239,269,297,317,327,325,314,300,287,279,281,292
MA11,2014/08/11,310,331,347,351,344,325,296,263,233,213,205,212,230,258,287,311,326,328,318,302,283,267,259,263
MA11,2014/08/12,278,299,322,337,340,331,309,279,246,218,203,202,213,237,266,295,315,324,320,306,285,264,249,245
MA11,2014/08/13,254,273,296,319,333,335,324,300,270,242,220,211,216,233,258,287,310,323,324,314,295,271,250,237
MA11,2014/08/14,237,250,271,295,315,327,327,314,290,264,242,227,225,235,255,280,305,322,328,323,308,286,263,243
MA11,2014/08/15,233,236,249,270,292,310,319,316,303,284,264,249,241,245,259,280,302,320,331,331,322,304,280,258
MA11,2014/08/16,242,234,239,253,272,291,305,309,305,293,278,265,255,252,260,275,293,310,322,327,323,310,291,270
MA11,2014/08/17,250,236,233,237,249,265,281,291,295,291,283,273,265,261,264,273,286,301,313,322,322,316,302,284
MA11,2014/08/18,265,249,238,234,238,247,260,272,280,284,284,281,277,274,273,277,285,295,304,313,318,317,310,298
MA11,2014/08/19,283,266,252,240,234,237,244,254,264,272,279,283,284,284,282,283,286,290,296,304,311,314,313,307
MA11,2014/08/20,298,286,270,254,242,235,234,238,246,257,268,278,286,291,292,291,289,287,288,294,300,305,309,311
MA11,2014/08/21,308,301,289,272,255,240,231,228,232,242,256,271,284,294,299,299,296,290,285,286,290,296,303,310
MA11,2014/08/22,313,313,306,292,274,254,238,227,225,232,245,263,280,296,306,309,306,298,288,282,283,286,292,303
MA11,2014/08/23,312,319,319,309,291,271,249,230,220,219,229,248,269,289,303,310,309,301,289,278,272,272,278,289
MA11,2014/08/24,303,316,321,318,307,287,262,238,221,214,219,234,257,281,300,312,315,306,292,279,268,263,265,276
MA11,2014/08/25,292,309,322,326,320,304,281,254,231,218,216,227,249,274,297,315,321,316,303,287,272,261,258,266
MA11,2014/08/26,281,301,319,329,329,319,298,271,246,226,218,223,240,265,291,312,323,322,310,292,274,257,248,251
MA11,2014/08/27,263,283,304,320,327,323,307,283,257,234,220,218,229,251,277,301,316,319,311,295,274,255,241,238
MA11,2014/08/28,246,264,286,306,319,322,314,294,270,246,228,221,227,245,269,293,312,320,316,302,282,260,243,234
MA11,2014/08/29,236,249,269,291,309,318,317,304,285,262,243,232,232,243,264,288,309,320,321,311,293,270,249,234
MA11,2014/08/30,230,237,253,273,293,308,314,309,295,276,258,246,241,248,263,283,304,319,324,319,304,283,261,244
MA11,2014/08/31,234,234,245,262,280,298,309,310,303,290,275,262,254,254,264,281,299,315,323,323,313,295,273,253
MA11,2014/09/01,238,233,236,245,260,278,292,299,301,294,284,274,266,264,269,280,293,308,318,322,318,305,287,269
MA11,2014/09/02,251,240,237,240,249,262,276,287,294,294,291,286,280,278,278,282,291,301,311,319,320,312,299,282
MA11,2014/09/03,264,249,238,233,235,242,252,264,273,281,286,287,286,285,283,284,288,293,301,310,314,313,307,296
MA11,2014/09/04,282,266,251,239,232,231,236,245,255,268,279,287,293,295,295,294,292,291,294,300,306,312,313,310
MA11,2014/09/05,302,290,274,257,242,232,228,230,238,250,265,281,294,302,305,304,299,293,289,290,295,302,309,313
MA11,2014/09/06,313,309,297,279,259,241,227,219,220,229,246,266,285,301,311,313,306,296,286,280,280,286,295,307
MA11,2014/09/07,318,322,319,306,284,260,238,220,212,215,228,249,273,296,313,320,316,304,289,275,268,269,277,293
MA11,2014/09/08,311,325,331,327,312,288,260,235,218,212,219,238,262,288,310,323,324,314,297,278,262,253,257,273
MA11,2014/09/09,294,317,334,340,334,315,289,260,235,221,221,233,255,282,309,328,335,328,311,287,264,248,243,252
MA11,2014/09/10,272,298,323,339,343,335,314,285,256,235,226,231,246,270,297,321,334,332,317,294,268,244,231,231
MA11,2014/09/11,245,269,298,322,337,339,327,305,278,254,238,236,246,266,292,316,333,337,327,308,281,253,231,222
MA11,2014/09/12,228,245,271,298,320,331,329,316,294,272,255,247,250,265,286,311,330,338,335,321,297,269,243,226
MA11,2014/09/13,222,230,250,275,299,317,325,321,308,290,274,262,261,269,286,306,326,337,339,331,313,288,261,239
MA11,2014/09/14,227,226,236,254,276,296,310,314,308,296,283,271,266,269,280,297,314,326,333,331,319,299,274,251
MA11,2014/09/15,234,226,227,238,255,273,289,299,300,297,289,280,275,274,279,291,305,316,324,325,320,307,289,270
MA11,2014/09/16,252,239,234,236,244,258,273,285,291,293,291,288,283,281,283,289,298,306,312,317,316,308,297,282
MA11,2014/09/17,266,252,241,234,235,241,251,262,271,279,284,285,284,284,283,284,288,293,298,305,309,307,302,295
MA11,2014/09/18,284,271,258,246,239,239,243,251,261,272,281,290,294,294,293,292,290,288,290,294,299,302,303,303
MA11,2014/09/19,297,289,277,263,250,241,238,240,247,259,272,285,295,300,301,300,295,288,284,282,285,291,297,303
MA11,2014/09/20,306,303,295,283,266,251,239,234,236,246,260,277,293,302,307,306,298,288,278,272,271,275,284,294
MA11,2014/09/21,303,308,306,297,281,262,245,232,227,232,246,264,283,297,306,307,300,287,273,262,256,257,265,279
MA11,2014/09/22,294,307,312,307,295,277,256,237,226,225,235,254,275,294,309,315,310,295,277,261,250,245,251,264
MA11,2014/09/23,282,300,311,314,307,290,267,245,229,221,226,242,263,284,303,313,311,298,278,258,241,231,232,244
MA11,2014/09/24,263,286,305,315,315,304,284,261,239,227,226,236,256,280,301,316,319,308,290,268,246,232,228,236
MA11,2014/09/25,254,279,304,322,329,324,308,285,262,245,237,242,258,280,304,322,329,322,304,281,256,236,225,226
MA11,2014/09/26,240,262,287,309,322,323,313,294,270,251,239,237,248,267,291,312,323,321,307,285,258,233,216,211
MA11,2014/09/27,218,236,261,284,302,312,308,294,275,255,241,235,240,256,278,299,315,318,309,291,266,239,219,209
MA11,2014/09/28,210,223,245,269,291,308,312,306,292,276,262,254,254,263,281,301,317,325,322,308,285,259,236,220
MA11,2014/09/29,213,219,235,257,279,298,310,311,304,293,280,270,267,271,283,302,318,329,330,322,305,282,257,237
MA11,2014/09/30,225,223,231,246,265,284,299,307,307,301,293,285,279,279,286,296,310,320,325,323,312,293,271,250
MA11,2014/10/01,233,224,223,229,243,259,274,286,292,293,290,285,280,278,279,286,295,304,311,314,309,298,281,262
MA11,2014/10/02,245,232,223,223,229,240,253,267,279,286,290,290,288,286,285,287,291,296,303,309,311,308,300,288
MA11,2014/10/03,275,261,247,239,236,239,247,258,271,283,293,299,302,303,300,297,293,291,293,297,303,305,305,301
MA11,2014/10/04,293,282,268,253,241,235,234,238,249,262,277,291,301,305,304,298,289,280,274,274,279,286,292,296
MA11,2014/10/05,297,292,281,265,248,233,223,219,224,238,255,273,289,300,304,301,289,275,264,258,258,266,279,293
MA11,2014/10/06,305,311,309,299,283,264,248,238,238,247,266,289,313,332,341,339,327,307,287,269,260,263,275,292
MA11,2014/10/07,311,325,331,326,311,288,264,243,232,232,243,262,283,302,317,321,310,291,267,243,228,223,231,250
MA11,2014/10/08,274,298,314,320,315,298,275,252,234,227,232,247,269,292,312,321,317,300,273,244,220,206,206,220
MA11,2014/10/09,244,273,299,315,319,312,295,272,251,237,235,245,263,287,309,324,326,315,292,262,233,211,201,206
MA11,2014/10/10,225,253,284,308,322,324,313,295,275,257,248,251,265,285,308,326,333,326,307,280,248,220,201,196
MA11,2014/10/11,207,229,257,286,308,319,317,305,288,269,256,254,261,277,298,318,329,329,317,295,266,237,212,198
MA11,2014/10/12,198,213,237,264,290,309,314,309,298,283,270,264,265,276,293,313,328,333,327,312,287,260,235,215
MA11,2014/10/13,208,214,230,254,279,299,311,314,308,298,286,278,276,280,293,311,326,336,338,328,311,290,267,246
MA11,2014/10/14,235,235,245,266,291,316,331,335,333,325,314,306,300,297,304,315,325,336,340,335,325,308,287,267
MA11,2014/10/15,250,240,239,244,257,274,289,301,307,305,300,294,288,285,288,293,301,308,312,313,308,298,284,268
MA11,2014/10/16,253,241,234,234,240,251,265,279,290,295,298,297,293,290,290,292,295,299,303,307,307,303,296,285
MA11,2014/10/17,274,263,252,246,246,250,258,269,281,290,297,299,297,295,292,289,285,283,284,287,290,292,292,288
MA11,2014/10/18,282,273,262,252,244,240,242,248,258,271,281,290,294,293,291,286,278,271,267,266,271,276,281,285
MA11,2014/10/19,287,283,276,264,252,242,238,239,245,257,272,284,292,296,294,288,277,265,255,251,252,259,268,279
MA11,2014/10/20,287,290,287,278,265,250,240,235,237,246,261,278,291,299,300,295,283,267,252,243,239,244,256,271
MA11,2014/10/21,286,298,302,298,286,270,255,244,239,245,258,276,293,306,312,310,298,279,259,243,235,236,246,261
MA11,2014/10/22,280,298,309,311,303,287,270,254,244,244,254,270,290,308,319,320,309,289,265,242,227,223,228,244
MA11,2014/10/23,266,289,307,315,313,301,284,265,250,242,246,261,280,299,314,319,312,293,267,241,220,208,208,220
MA11,2014/10/24,242,269,293,309,314,308,293,274,256,243,241,250,267,288,307,318,315,300,275,245,219,201,194,200
MA11,2014/10/25,219,245,273,295,309,310,301,285,266,251,245,248,261,280,301,316,319,309,287,258,229,205,191,191
MA11,2014/10/26,204,228,256,282,302,312,310,300,283,266,257,255,263,280,300,317,327,322,306,280,250,223,203,195
MA11,2014/10/27,202,220,245,274,298,315,321,316,304,290,278,271,271,283,301,317,326,327,316,294,267,237,212,198
MA11,2014/10/28,194,203,223,247,272,293,304,306,301,290,279,270,266,272,285,299,312,318,314,301,279,252,226,207
MA11,2014/10/29,198,199,210,228,250,271,287,296,297,291,283,275,268,268,276,287,300,308,310,304,289,269,245,223
MA11,2014/10/30,209,204,205,216,233,251,268,282,288,289,286,280,274,271,273,279,287,295,300,301,294,281,263,243
MA11,2014/10/31,226,215,209,211,220,234,250,266,278,285,288,286,282,277,274,275,277,281,287,292,293,288,278,266
MA11,2014/11/01,252,239,228,223,223,230,242,256,271,282,291,295,293,289,285,280,275,274,276,282,288,292,293,290
MA11,2014/11/02,283,273,261,252,245,243,248,259,272,286,300,309,314,313,308,299,289,280,275,277,284,295,303,310
MA11,2014/11/03,313,309,297,282,268,257,251,254,262,277,294,306,313,315,311,299,282,265,251,245,247,258,273,287
MA11,2014/11/04,298,303,299,288,273,257,244,240,244,253,268,285,298,307,307,297,278,255,233,218,214,221,237,257
MA11,2014/11/05,278,294,301,298,287,272,255,243,240,245,258,277,294,306,312,307,290,265,236,214,201,202,214,235
MA11,2014/11/06,262,286,303,309,305,292,275,260,250,248,258,274,293,311,322,323,310,286,257,227,205,196,200,218
MA11,2014/11/07,245,274,299,314,317,309,294,277,263,254,254,265,281,299,315,320,311,291,261,227,198,178,172,181
MA11,2014/11/08,202,233,262,285,299,300,290,276,261,248,244,251,265,285,304,315,314,300,276,245,212,186,171,171
MA11,2014/11/09,187,214,244,273,294,303,302,292,278,265,257,258,267,283,302,319,325,318,301,275,243,214,194,186
MA11,2014/11/10,191,211,238,265,290,306,310,304,293,279,268,264,266,277,294,309,318,319,307,286,258,229,204,188
MA11,2014/11/11,185,196,217,242,269,289,300,302,295,284,273,266,266,273,286,302,315,320,317,303,281,256,232,212
MA11,2014/11/12,203,205,218,238,262,284,301,308,307,300,291,284,281,283,292,304,315,324,326,319,305,286,264,244
MA11,2014/11/13,230,225,229,242,261,281,299,311,315,311,303,294,287,283,284,290,298,304,307,306,297,283,267,249
MA11,2014/11/14,235,227,224,230,242,256,273,287,295,296,293,286,279,273,271,272,275,281,286,288,286,282,272,260
MA11,2014/11/15,249,239,233,231,235,245,258,271,282,288,289,287,281,275,270,265,262,264,267,270,273,274,270,264
MA11,2014/11/16,257,249,242,236,234,239,247,259,273,282,289,291,288,283,277,269,261,256,255,258,263,268,273,274
MA11,2014/11/17,272,268,261,253,246,244,247,255,267,280,291,297,299,295,288,278,267,256,250,248,252,261,270,278
MA11,2014/11/18,285,288,284,276,266,258,253,255,263,276,288,298,303,302,296,284,268,250,236,230,230,237,250,264
MA11,2014/11/19,277,286,288,283,274,262,253,249,252,261,275,290,299,304,302,289,271,250,229,215,211,216,228,246
MA11,2014/11/20,264,280,289,289,282,270,256,247,244,250,263,279,293,302,304,296,278,253,227,207,196,195,206,225
MA11,2014/11/21,249,272,288,295,293,283,269,257,249,248,256,271,286,301,308,303,288,264,235,208,190,183,189,206
MA11,2014/11/22,231,257,281,297,302,297,284,270,258,251,255,266,283,301,313,315,306,285,254,224,199,183,182,194
MA11,2014/11/23,216,245,274,297,310,312,302,288,274,263,260,266,280,298,314,322,317,299,271,238,207,184,173,176
MA11,2014/11/24,193,219,250,278,299,308,306,297,283,270,263,264,273,290,308,321,324,315,293,262,230,202,183,177
MA11,2014/11/25,187,207,236,266,291,307,313,309,298,284,273,267,271,284,302,318,327,325,310,285,254,224,199,184
MA11,2014/11/26,183,196,218,245,273,295,308,310,304,292,280,271,269,276,289,305,319,324,317,300,276,248,221,200
MA11,2014/11/27,191,195,208,228,253,277,294,302,301,294,284,273,266,267,274,286,299,307,308,299,282,258,233,210
MA11,2014/11/28,196,191,196,210,229,251,272,287,292,292,286,276,268,263,265,272,281,291,298,298,292,279,261,242
MA11,2014/11/29,226,216,215,220,232,250,271,287,298,304,304,298,289,280,276,276,278,284,291,296,298,292,282,268
MA11,2014/11/30,253,242,236,233,236,247,262,278,292,301,305,302,294,285,275,266,262,263,266,273,281,285,285,281
MA11,2014/12/01,273,264,255,249,248,253,263,277,293,308,318,321,318,311,302,289,277,269,266,270,279,288,296,302
MA11,2014/12/02,302,298,292,281,273,271,271,278,289,300,311,319,319,314,303,286,267,251,240,238,242,253,268,281
MA11,2014/12/03,291,296,295,289,281,273,268,269,273,284,298,309,314,313,305,290,268,244,225,214,211,221,238,257
MA11,2014/12/04,276,291,299,297,290,280,272,266,267,275,288,302,314,320,319,308,287,259,234,215,205,207,221,243
MA11,2014/12/05,268,292,308,313,311,302,290,281,277,279,288,302,316,328,332,325,307,279,249,220,200,193,200,218
MA11,2014/12/06,244,273,297,311,315,311,301,288,279,275,279,290,305,319,329,330,317,293,263,230,201,186,184,194
MA11,2014/12/07,217,247,275,298,309,309,302,289,276,268,266,272,285,302,317,324,318,300,272,239,207,184,172,174
MA11,2014/12/08,190,217,248,275,293,301,298,288,275,264,259,261,271,287,305,318,320,309,289,259,226,198,180,173
MA11,2014/12/09,182,203,231,260,283,298,302,295,284,272,263,260,265,278,296,311,318,315,300,276,247,217,194,182
MA11,2014/12/10,182,196,220,246,272,292,301,299,290,278,267,261,259,266,281,297,309,313,306,289,265,239,215,199
MA11,2014/12/11,193,201,219,241,267,291,305,309,306,295,285,277,272,275,285,297,311,320,320,310,292,269,246,226
MA11,2014/12/12,214,214,223,238,259,281,300,308,307,301,291,279,273,272,275,284,295,303,309,306,296,280,261,245
MA11,2014/12/13,232,227,229,240,256,276,294,306,311,310,301,290,282,276,275,278,285,292,298,299,296,287,274,259
MA11,2014/12/14,245,237,235,238,249,263,281,295,303,304,299,289,278,269,263,261,263,267,273,278,279,277,270,260
MA11,2014/12/15,250,242,237,237,243,253,267,280,289,295,294,287,279,269,260,255,251,250,253,258,263,267,268,266
MA11,2014/12/16,262,256,251,248,249,254,264,276,290,301,307,307,302,295,286,277,270,267,266,269,276,287,297,300
MA11,2014/12/17,300,298,293,286,280,279,282,290,301,312,320,323,320,313,302,288,273,258,249,247,251,260,270,281
MA11,2014/12/18,290,295,295,290,283,279,277,278,284,295,305,313,315,311,300,284,265,245,229,218,217,224,237,253
MA11,2014/12/19,269,280,287,286,280,273,265,261,264,272,284,294,301,303,298,285,264,240,217,201,194,198,211,230
MA11,2014/12/20,253,274,289,294,292,286,278,271,268,272,283,296,310,319,320,312,295,269,243,221,207,204,213,230
MA11,2014/12/21,256,282,301,311,313,308,297,286,276,275,281,292,306,322,331,327,312,288,256,227,205,192,191,205
MA11,2014/12/22,229,258,286,306,318,320,314,302,291,284,284,292,306,323,336,340,332,310,280,248,218,196,186,188
MA11,2014/12/23,201,226,257,283,302,311,308,298,286,274,269,271,281,298,315,326,325,313,287,254,220,191,172,167
MA11,2014/12/24,177,200,230,260,286,303,309,304,292,279,269,263,269,284,303,321,331,328,312,287,255,224,200,186
MA11,2014/12/25,187,202,226,254,282,303,315,314,306,294,280,269,267,275,289,306,321,325,319,301,275,244,216,196
MA11,2014/12/26,188,193,210,234,261,285,302,306,302,293,278,264,256,256,265,281,297,308,311,303,285,261,234,212
MA11,2014/12/27,198,195,203,220,242,266,287,297,298,293,281,265,252,245,246,256,269,282,291,292,285,270,251,230
MA11,2014/12/28,214,207,209,218,236,258,278,292,299,299,290,277,262,251,246,248,255,264,275,284,287,282,272,259
MA11,2014/12/29,246,238,235,238,249,266,283,298,308,313,309,298,285,272,261,255,254,258,266,275,283,287,285,280
MA11,2014/12/30,272,265,260,257,260,271,284,296,309,318,318,312,302,287,272,258,248,243,245,251,261,272,279,282
MA11,2014/12/31,283,281,277,272,271,274,281,290,301,312,318,317,312,302,288,272,256,243,237,240,248,261,276,287
