MA11,1995/01/01,139,168,194,213,224,225,220,210,200,196,199,208,223,238,247,246,233,208,174,139,110,091,085,092
MA11,1995/01/02,112,140,170,195,212,219,215,203,191,181,178,184,197,215,232,241,239,223,195,160,126,099,084,082
MA11,1995/01/03,095,120,151,180,202,217,219,211,198,185,176,175,184,202,223,239,245,239,219,190,157,125,101,092
MA11,1995/01/04,098,117,145,173,200,221,229,225,216,202,186,179,181,194,215,236,249,252,244,224,195,164,139,121
MA11,1995/01/05,117,128,149,175,201,223,236,237,227,212,195,181,175,180,195,215,232,241,240,229,208,182,155,134
MA11,1995/01/06,123,126,141,162,186,209,225,230,227,216,199,183,171,168,174,188,203,215,220,217,205,185,163,144
MA11,1995/01/07,132,129,137,153,173,195,213,223,225,218,203,187,172,162,158,163,175,188,198,201,197,188,174,157
MA11,1995/01/08,145,140,143,152,167,186,204,215,219,216,206,190,174,160,152,151,156,166,176,183,187,186,178,168
MA11,1995/01/09,160,155,155,160,169,185,201,213,222,224,218,208,194,180,170,165,164,166,173,182,190,194,193,188
MA11,1995/01/10,184,181,178,178,184,193,206,215,222,227,226,217,204,190,175,162,152,147,147,151,159,169,177,181
MA11,1995/01/11,183,183,182,179,179,183,191,200,209,217,220,218,212,202,189,175,159,146,139,140,145,155,166,176
MA11,1995/01/12,185,192,195,195,193,192,194,199,205,213,220,222,221,215,205,190,171,152,138,131,133,142,155,170
MA11,1995/01/13,186,198,205,208,207,204,202,203,205,212,219,225,228,228,221,207,187,165,143,128,122,125,136,153
MA11,1995/01/14,172,190,204,210,210,206,200,195,194,198,206,215,224,229,228,218,202,178,151,129,114,111,118,134
MA11,1995/01/15,156,180,199,209,212,209,201,194,189,188,192,201,212,222,228,226,213,190,162,134,113,103,104,117
MA11,1995/01/16,140,166,188,205,213,214,207,195,186,182,182,190,203,217,228,231,223,204,176,145,118,099,093,100
MA11,1995/01/17,119,146,175,197,210,214,209,197,185,175,172,177,189,206,222,232,231,218,194,164,134,110,096,096
MA11,1995/01/18,111,137,165,191,210,218,216,206,191,177,170,169,179,196,217,233,240,236,221,195,162,131,108,099
MA11,1995/01/19,107,129,157,184,207,222,225,216,201,185,170,163,167,181,200,218,230,232,221,201,174,146,121,106
MA11,1995/01/20,107,124,147,174,200,218,225,222,209,191,175,163,161,169,186,205,222,230,226,213,192,165,139,120
MA11,1995/01/21,113,120,137,161,187,209,221,221,211,194,176,159,150,152,164,182,201,213,217,213,200,180,156,136
MA11,1995/01/22,125,126,137,157,181,203,219,225,220,205,186,168,154,149,154,167,185,201,212,216,212,201,184,168
MA11,1995/01/23,157,152,157,170,190,212,229,239,238,229,213,193,176,164,160,165,175,187,199,207,210,207,198,186
MA11,1995/01/24,176,168,167,174,187,204,221,233,238,233,220,202,183,166,155,151,152,159,169,178,186,191,190,186
MA11,1995/01/25,182,177,174,175,181,194,209,222,230,231,225,212,195,177,162,150,144,142,145,153,164,175,182,186
MA11,1995/01/26,189,190,189,188,190,195,204,214,223,228,229,223,211,196,180,164,149,138,133,135,142,154,167,179
MA11,1995/01/27,190,197,199,199,197,196,197,202,209,218,223,223,218,207,193,174,153,134,119,111,111,121,136,154
MA11,1995/01/28,173,189,199,202,199,195,191,189,192,199,207,215,219,217,210,194,172,147,123,105,098,101,113,133
MA11,1995/01/29,157,181,199,208,211,208,200,192,189,193,202,213,224,231,233,225,207,180,151,124,106,101,107,124
MA11,1995/01/30,150,178,202,218,225,224,215,201,190,185,190,201,215,228,238,237,226,204,172,140,114,098,095,106
MA11,1995/01/31,128,156,183,205,219,222,214,200,185,175,173,181,196,215,233,242,241,226,199,166,133,109,098,100
MA11,1995/02/01,116,142,170,196,214,221,217,204,186,171,162,163,173,193,217,235,243,236,216,186,153,126,107,100
MA11,1995/02/02,108,129,156,183,206,219,219,206,188,169,153,145,150,166,189,212,228,231,220,199,170,141,117,106
MA11,1995/02/03,107,122,146,172,196,213,218,211,195,174,154,141,137,146,166,189,208,219,219,205,183,157,133,117
MA11,1995/02/04,113,122,142,165,188,208,218,215,201,183,163,144,134,135,149,169,190,205,212,207,194,175,155,139
MA11,1995/02/05,132,135,148,169,191,212,225,227,218,202,183,164,148,142,148,163,181,196,208,211,205,193,177,163
MA11,1995/02/06,155,154,161,175,193,212,227,233,229,216,199,181,163,150,147,153,165,180,192,200,201,196,187,177
MA11,1995/02/07,168,166,169,178,192,208,222,229,229,222,208,192,174,158,149,147,151,160,169,177,184,186,183,177
MA11,1995/02/08,173,170,171,175,183,195,208,217,220,218,210,197,182,168,157,149,145,148,154,162,171,178,181,182
MA11,1995/02/09,183,182,182,184,188,195,204,213,218,219,216,209,199,186,173,162,153,147,148,153,161,171,180,187
MA11,1995/02/10,192,194,195,196,198,200,204,210,214,217,219,217,210,200,187,172,157,143,134,131,135,144,155,167
MA11,1995/02/11,178,186,189,189,188,186,185,186,190,194,200,205,204,200,191,178,160,142,126,116,116,122,135,151
MA11,1995/02/12,169,184,193,196,195,191,186,183,183,188,196,205,211,213,210,200,183,163,141,124,115,117,128,147
MA11,1995/02/13,168,189,204,212,213,209,202,194,189,190,197,209,219,228,232,226,212,189,162,138,122,116,122,137
MA11,1995/02/14,160,186,206,218,221,216,205,193,183,178,182,193,207,221,232,233,224,204,176,147,123,109,107,119
MA11,1995/02/15,141,169,195,212,221,218,206,191,176,166,165,173,188,206,223,233,231,217,191,162,134,114,105,111
MA11,1995/02/16,130,158,185,209,222,224,216,200,181,166,159,162,176,196,218,236,243,236,216,188,158,132,115,112
MA11,1995/02/17,125,149,178,203,221,228,222,206,185,165,151,147,154,171,194,215,229,231,220,197,169,141,121,112
MA11,1995/02/18,117,136,163,190,212,224,222,209,187,164,146,135,136,148,170,194,214,224,222,209,186,161,138,125
MA11,1995/02/19,124,136,158,184,207,224,229,221,202,178,157,141,135,140,156,179,202,218,224,220,206,187,166,150
MA11,1995/02/20,143,147,161,182,205,225,234,230,216,193,169,148,133,130,140,157,177,195,208,212,208,196,181,167
MA11,1995/02/21,158,158,166,182,202,221,234,237,229,211,189,166,148,138,137,146,160,177,192,201,204,200,191,181
MA11,1995/02/22,173,169,171,180,194,211,224,231,228,216,199,178,157,141,132,131,138,148,160,172,181,186,186,182
MA11,1995/02/23,178,176,175,178,187,199,211,220,222,217,206,191,172,154,141,132,129,133,140,149,161,173,181,186
MA11,1995/02/24,189,190,189,189,191,197,204,213,219,220,217,208,194,178,163,148,136,129,128,132,142,154,167,179
MA11,1995/02/25,189,196,198,197,196,196,197,201,206,211,215,215,210,200,186,170,152,136,125,121,123,134,150,166
MA11,1995/02/26,183,197,204,206,204,200,195,193,196,201,210,219,222,220,213,199,179,157,138,125,120,123,136,155
MA11,1995/02/27,177,197,210,215,214,207,197,189,185,186,195,209,219,227,228,220,201,176,149,127,113,110,118,134
MA11,1995/02/28,157,181,200,210,211,204,190,175,164,160,166,181,198,213,222,223,213,191,164,137,116,106,107,120
MA11,1995/03/01,142,169,194,211,217,213,200,182,165,155,155,167,186,206,226,237,235,221,197,167,141,122,115,121
MA11,1995/03/02,139,165,190,209,219,218,204,184,161,143,136,141,155,178,202,221,228,222,203,176,150,128,116,117
MA11,1995/03/03,131,154,180,203,219,223,214,195,170,147,133,131,140,160,187,211,226,229,219,199,174,150,133,128
MA11,1995/03/04,136,155,180,204,223,232,229,213,189,163,144,135,137,151,174,201,221,231,229,215,194,172,152,142
MA11,1995/03/05,144,157,177,201,220,231,231,217,195,169,145,129,123,129,147,172,194,209,214,207,193,176,158,145
MA11,1995/03/06,144,152,167,187,208,222,226,219,202,177,154,134,122,121,131,151,172,189,198,200,192,179,164,152
MA11,1995/03/07,146,149,161,177,195,210,218,216,203,184,162,141,126,119,122,136,154,171,185,192,191,184,175,164
MA11,1995/03/08,158,160,166,177,192,207,216,219,212,197,179,161,144,132,128,134,146,160,173,183,188,187,182,175
MA11,1995/03/09,170,168,170,177,188,199,208,214,213,204,191,176,159,144,136,134,137,145,155,165,174,180,181,180
MA11,1995/03/10,178,177,179,182,188,196,204,209,211,207,199,189,175,162,152,146,143,146,153,161,172,184,191,196
MA11,1995/03/11,200,203,204,205,207,211,216,221,225,225,224,221,213,200,187,176,167,160,158,161,169,179,189,197
MA11,1995/03/12,204,209,209,206,205,203,202,203,205,207,210,212,209,203,194,182,168,154,145,142,146,155,168,182
MA11,1995/03/13,196,205,208,207,203,198,193,189,188,192,198,204,208,208,203,192,175,156,139,128,125,131,144,161
MA11,1995/03/14,179,194,202,203,198,190,179,170,165,167,174,186,196,203,204,198,182,160,138,119,109,110,119,138
MA11,1995/03/15,160,179,193,198,193,183,170,156,146,144,150,164,181,195,205,206,197,178,153,127,109,103,107,122
MA11,1995/03/16,145,169,189,199,199,189,172,153,137,128,131,143,162,183,201,211,211,197,174,147,123,109,106,116
MA11,1995/03/17,138,165,189,205,210,203,186,162,140,125,121,129,148,171,196,217,226,219,200,171,143,122,113,117
MA11,1995/03/18,134,160,185,204,214,212,197,173,147,124,113,114,127,149,177,204,220,223,214,194,170,146,130,127
MA11,1995/03/19,137,159,185,207,223,227,215,192,163,134,116,109,114,131,158,187,210,223,223,211,190,166,147,137
MA11,1995/03/20,139,155,175,197,216,225,219,201,174,143,118,103,099,109,130,157,182,200,208,205,193,176,158,146
MA11,1995/03/21,143,152,168,189,208,221,222,210,187,158,130,109,097,097,110,131,154,175,191,196,192,183,170,159
MA11,1995/03/22,154,157,168,185,205,221,225,218,202,178,151,127,109,101,105,118,135,154,172,184,188,187,180,171
MA11,1995/03/23,166,164,168,179,192,206,215,216,207,191,169,147,127,113,107,111,121,134,150,165,174,179,180,179
MA11,1995/03/24,177,176,176,179,188,198,208,213,211,203,190,173,155,138,127,122,123,129,139,152,164,174,181,185
MA11,1995/03/25,187,188,187,186,188,193,199,205,207,205,199,190,177,162,148,136,128,125,128,135,145,158,169,180
MA11,1995/03/26,189,193,193,190,186,185,187,189,192,197,200,200,196,188,176,162,146,134,128,127,133,144,157,172
MA11,1995/03/27,185,194,197,194,187,179,173,171,173,180,189,197,202,202,196,184,167,149,135,127,125,132,147,165
MA11,1995/03/28,183,198,204,202,194,182,169,159,155,158,169,183,195,204,205,198,183,162,142,127,120,121,132,150
MA11,1995/03/29,169,187,199,201,194,180,162,145,134,132,141,157,176,193,204,205,196,178,156,137,124,120,126,141
MA11,1995/03/30,162,184,200,206,203,189,169,147,128,120,123,137,159,182,201,212,211,198,178,157,140,130,130,142
MA11,1995/03/31,164,189,210,222,223,212,194,171,148,131,127,136,155,180,204,222,228,221,204,184,165,148,142,148
MA11,1995/04/01,164,187,209,224,229,223,206,181,153,131,120,122,137,161,187,210,223,222,212,194,175,157,144,143
MA11,1995/04/02,155,174,195,214,223,222,208,183,154,128,110,105,112,131,157,184,205,214,211,198,181,164,151,147
MA11,1995/04/03,154,171,191,208,220,223,214,194,167,140,119,106,105,118,139,165,190,203,207,201,188,171,157,149
MA11,1995/04/04,151,161,178,196,210,217,214,198,173,147,124,107,101,107,124,147,171,189,198,198,190,177,163,153
MA11,1995/04/05,152,158,169,184,199,210,212,202,182,158,135,116,105,103,112,130,151,170,184,191,189,180,169,161
MA11,1995/04/06,159,161,169,182,194,205,211,206,192,174,154,135,120,114,116,128,145,163,178,188,193,189,182,176
MA11,1995/04/07,173,173,177,185,195,205,212,213,205,192,176,159,143,132,128,131,140,151,163,175,184,187,185,181
MA11,1995/04/08,177,174,174,177,182,188,194,196,193,185,175,162,148,135,126,123,126,132,142,155,167,174,179,180
MA11,1995/04/09,180,178,177,177,177,182,187,190,191,190,187,181,173,162,151,144,140,139,144,153,164,176,186,194
MA11,1995/04/10,199,201,198,191,184,181,181,181,183,187,190,189,186,177,167,156,145,137,134,138,147,158,169,181
MA11,1995/04/11,188,190,189,184,175,168,163,159,161,167,175,182,186,185,179,168,155,141,131,128,133,143,159,176
MA11,1995/04/12,190,200,202,196,187,178,170,166,167,173,185,198,209,216,218,211,197,178,160,148,144,148,161,179
MA11,1995/04/13,197,209,214,210,197,181,164,151,142,143,153,169,187,202,210,208,197,179,159,142,133,132,141,158
MA11,1995/04/14,179,199,210,209,199,180,157,136,121,117,125,142,164,188,207,216,213,199,179,159,144,137,143,160
MA11,1995/04/15,182,205,222,226,219,202,177,149,126,113,112,125,147,173,198,217,224,217,199,178,157,143,138,147
MA11,1995/04/16,166,189,209,221,220,206,181,150,120,099,092,097,116,143,173,200,217,221,212,195,176,159,150,152
MA11,1995/04/17,166,187,209,225,231,224,203,172,139,111,094,090,100,122,152,181,207,220,220,210,194,176,162,158
MA11,1995/04/18,164,180,201,219,230,230,216,190,158,125,101,089,089,103,129,159,187,207,217,217,208,194,181,173
MA11,1995/04/19,175,186,204,224,241,250,246,229,202,172,145,125,117,120,135,157,181,204,221,226,222,212,199,188
MA11,1995/04/20,185,187,196,211,224,233,233,222,200,174,146,121,105,099,103,117,138,158,176,189,194,192,185,177
MA11,1995/04/21,172,171,174,183,195,207,214,211,199,182,161,138,120,109,106,113,125,141,158,173,185,189,189,187
MA11,1995/04/22,183,180,180,184,190,200,209,212,209,199,186,170,153,139,131,128,133,142,155,170,183,193,199,202
MA11,1995/04/23,203,200,196,195,196,201,208,215,220,221,218,210,198,183,168,158,154,153,157,168,181,192,202,208
MA11,1995/04/24,210,205,195,186,181,176,176,179,182,187,191,190,186,178,165,153,143,137,137,142,153,165,177,188
MA11,1995/04/25,196,198,193,183,171,162,156,155,158,167,177,186,192,192,187,176,164,153,146,147,154,165,179,195
MA11,1995/04/26,207,214,215,207,192,176,164,156,155,162,176,190,204,213,213,206,194,179,167,159,158,166,179,194
MA11,1995/04/27,211,220,220,213,198,177,156,137,129,133,144,161,181,196,205,206,198,184,167,153,147,149,158,173
MA11,1995/04/28,191,205,212,210,197,178,153,130,115,110,119,137,159,183,201,210,209,198,182,166,155,151,155,169
MA11,1995/04/29,187,205,216,218,210,193,168,140,117,105,107,120,142,168,191,207,213,208,194,179,164,155,154,164
MA11,1995/04/30,180,199,214,223,220,206,182,154,126,107,100,107,126,152,179,202,215,217,208,194,179,166,160,165
MA11,1995/05/01,178,195,213,223,224,214,193,164,134,110,096,097,109,132,160,185,204,212,209,199,186,172,162,164
MA11,1995/05/02,173,189,208,223,230,226,210,185,157,130,111,103,109,128,153,179,202,216,220,215,203,189,178,174
MA11,1995/05/03,178,189,205,221,230,232,222,200,173,147,124,110,110,120,141,167,192,210,219,219,211,199,188,181
MA11,1995/05/04,180,187,197,209,221,226,220,205,182,156,133,115,106,109,123,144,168,188,201,207,205,196,186,179
MA11,1995/05/05,177,180,188,200,212,220,222,214,196,174,152,132,120,116,122,136,155,174,191,201,202,197,189,181
MA11,1995/05/06,176,174,177,185,194,203,208,205,194,179,160,142,128,120,120,128,143,161,178,192,199,199,194,187
MA11,1995/05/07,181,177,175,177,183,190,196,196,191,181,168,153,139,127,122,123,131,143,157,171,183,189,189,186
MA11,1995/05/08,180,175,172,170,173,178,184,188,188,185,179,169,158,147,137,132,133,140,152,166,180,190,195,196
MA11,1995/05/09,193,187,180,173,169,169,171,175,179,181,182,180,174,166,156,146,140,139,144,155,168,180,190,196
MA11,1995/05/10,197,193,185,175,165,159,157,158,163,171,179,184,186,183,175,164,153,145,142,146,157,171,184,195
MA11,1995/05/11,201,200,193,181,166,152,143,139,141,150,163,176,185,190,188,180,168,156,145,143,149,161,176,191
MA11,1995/05/12,202,205,201,188,169,148,131,119,116,123,137,156,174,189,196,194,185,171,157,147,145,153,168,185
MA11,1995/05/13,201,213,214,204,185,162,138,118,108,109,121,142,168,190,207,215,212,201,185,170,162,163,173,191
MA11,1995/05/14,211,227,234,230,213,188,160,132,110,102,108,125,151,181,207,225,231,225,213,197,182,175,179,192
MA11,1995/05/15,211,230,242,245,235,213,182,148,118,100,095,105,127,157,188,214,230,234,228,215,199,188,185,191
MA11,1995/05/16,207,227,244,254,253,239,213,180,145,117,103,102,116,140,170,200,223,236,237,230,217,203,192,192
MA11,1995/05/17,202,219,237,251,257,250,231,201,166,133,108,097,100,116,139,168,196,215,224,222,213,200,188,182
MA11,1995/05/18,183,193,208,224,235,236,225,203,173,139,111,092,084,091,109,134,161,184,199,205,203,195,183,173
MA11,1995/05/19,168,172,183,198,213,223,222,209,188,160,132,110,096,093,103,120,142,166,185,198,203,199,191,183
MA11,1995/05/20,175,173,178,187,200,214,220,216,205,186,164,143,125,116,116,126,144,162,181,198,208,211,207,199
MA11,1995/05/21,191,185,182,185,193,204,213,218,215,206,192,176,159,146,140,141,151,165,180,197,210,217,219,216
MA11,1995/05/22,209,201,193,189,190,196,204,212,216,216,212,203,192,180,170,165,166,173,185,198,210,220,224,223
MA11,1995/05/23,218,209,198,186,177,173,177,183,190,195,198,198,193,185,176,167,162,163,168,177,190,202,211,214
MA11,1995/05/24,213,208,197,183,168,157,154,156,162,172,181,189,193,192,186,177,169,164,163,166,176,190,202,212
MA11,1995/05/25,217,214,205,191,172,155,144,139,143,151,165,181,193,200,202,197,189,181,174,174,180,191,204,217
MA11,1995/05/26,225,227,221,208,189,167,148,135,132,138,152,172,191,203,211,212,205,195,185,178,178,185,195,208
MA11,1995/05/27,221,227,226,215,196,173,149,129,117,116,127,146,169,190,205,211,209,201,189,178,172,171,179,192
MA11,1995/05/28,206,217,221,215,200,178,151,125,106,099,105,122,145,169,191,205,209,205,194,181,172,169,172,183
MA11,1995/05/29,198,212,222,223,213,194,168,138,114,100,098,110,132,158,185,205,216,218,212,200,189,182,181,188
MA11,1995/05/30,203,219,232,238,233,219,196,165,136,114,104,107,124,148,175,199,216,222,218,208,196,186,181,183
MA11,1995/05/31,194,210,225,234,235,228,209,181,151,125,109,105,115,137,163,189,210,223,223,216,205,192,183,180
MA11,1995/06/01,186,199,213,225,231,229,216,193,164,135,114,105,107,122,145,171,195,212,218,215,207,194,183,177
MA11,1995/06/02,178,188,201,214,223,226,218,201,175,148,124,108,104,111,129,152,176,197,209,211,206,196,184,175
MA11,1995/06/03,173,177,187,200,212,219,218,207,188,164,141,122,112,112,123,142,165,187,203,211,211,204,194,184
MA11,1995/06/04,180,180,185,195,208,220,226,222,209,190,169,150,136,130,134,147,166,187,206,218,224,221,212,200
MA11,1995/06/05,192,186,186,191,199,209,217,218,212,199,183,166,151,141,139,145,157,175,193,208,217,219,212,203
MA11,1995/06/06,194,185,179,178,182,190,197,202,203,198,188,177,163,151,144,143,150,163,177,193,206,212,212,205
MA11,1995/06/07,194,183,173,166,164,167,172,179,185,187,186,181,172,163,153,147,146,151,161,175,189,200,205,203
MA11,1995/06/08,195,184,172,159,149,145,146,151,159,167,174,179,178,173,166,159,154,154,158,168,183,196,206,209
MA11,1995/06/09,207,198,184,167,151,139,134,136,142,154,168,181,190,193,191,184,177,171,168,172,182,196,210,219
MA11,1995/06/10,222,217,204,185,164,146,131,124,126,136,152,171,189,203,209,207,200,190,182,178,182,192,205,218
MA11,1995/06/11,227,228,220,202,178,153,129,112,104,107,123,145,169,191,206,212,209,200,188,179,175,179,189,203
MA11,1995/06/12,217,226,224,212,190,161,132,105,087,082,091,110,137,166,190,207,214,210,201,188,179,178,182,195
MA11,1995/06/13,212,226,234,230,215,190,158,125,098,082,080,091,115,144,174,199,214,219,213,201,188,180,178,185
MA11,1995/06/14,200,219,234,240,234,216,186,151,118,094,083,084,097,122,154,184,206,220,221,212,201,191,184,185
MA11,1995/06/15,196,213,232,244,249,241,220,189,154,122,101,093,098,116,144,173,201,221,228,226,217,204,193,187
MA11,1995/06/16,190,202,220,238,249,250,239,216,185,153,126,109,105,115,135,161,189,213,227,231,225,215,202,190
MA11,1995/06/17,186,192,203,219,235,245,243,229,207,178,151,129,117,118,130,150,175,199,216,224,223,216,203,189
MA11,1995/06/18,179,177,182,194,209,222,228,225,212,191,168,147,132,127,130,144,164,187,206,218,225,222,212,199
MA11,1995/06/19,188,179,177,182,193,207,218,223,219,207,192,176,160,149,148,154,168,186,203,218,228,229,223,211
MA11,1995/06/20,198,186,177,172,176,186,197,206,210,208,201,190,178,168,163,163,170,182,197,211,222,228,226,218
MA11,1995/06/21,206,193,179,169,165,167,174,183,190,196,198,196,190,183,176,173,175,181,191,204,217,226,228,224
MA11,1995/06/22,216,203,188,173,161,156,156,162,170,180,189,194,195,193,189,184,181,182,187,196,207,218,225,227
MA11,1995/06/23,223,214,200,182,166,153,146,146,153,163,177,189,197,202,202,199,194,191,190,194,202,213,222,228
MA11,1995/06/24,231,227,215,198,178,159,145,138,138,146,161,178,194,207,211,211,208,201,195,193,196,204,215,224
MA11,1995/06/25,231,233,226,211,192,169,148,132,125,129,142,162,182,200,213,218,216,210,203,197,197,202,210,222
MA11,1995/06/26,235,242,241,232,215,192,168,145,131,127,135,153,175,197,216,227,229,225,216,206,199,199,204,215
MA11,1995/06/27,229,239,243,240,226,204,178,150,129,117,119,133,155,179,202,219,226,225,217,206,196,191,192,201
MA11,1995/06/28,215,230,240,242,235,217,192,163,136,117,111,119,137,162,189,210,224,229,223,212,201,191,187,191
MA11,1995/06/29,203,218,232,240,239,226,204,176,146,121,108,108,120,143,170,196,215,224,223,213,201,190,183,182
MA11,1995/06/30,190,204,220,232,237,231,215,190,160,132,113,107,112,130,156,182,205,220,222,217,207,195,183,178
MA11,1995/07/01,182,194,210,225,236,237,228,208,181,153,131,119,118,130,151,177,203,221,229,227,217,204,190,180
MA11,1995/07/02,179,186,199,214,227,233,230,216,193,168,144,127,119,124,140,163,188,210,223,226,221,209,195,183
MA11,1995/07/03,178,181,190,203,218,229,232,227,213,193,171,151,139,137,146,163,186,208,224,232,229,219,205,190
MA11,1995/07/04,178,174,176,184,197,210,218,219,210,195,177,160,146,139,141,152,170,191,209,220,224,219,207,192
MA11,1995/07/05,179,169,165,168,176,188,199,206,206,200,189,175,162,153,149,154,166,183,201,214,223,223,215,201
MA11,1995/07/06,186,174,163,158,160,168,178,188,194,195,194,188,179,170,164,163,169,180,194,209,220,225,223,212
MA11,1995/07/07,197,182,167,154,149,149,154,164,173,182,188,190,188,183,178,174,173,177,186,198,210,220,222,218
MA11,1995/07/08,208,193,175,158,143,136,135,140,150,163,177,189,195,197,196,193,188,187,189,196,208,219,226,228
MA11,1995/07/09,224,213,196,175,153,137,126,122,127,140,157,175,190,202,208,207,204,199,195,195,203,214,226,235
MA11,1995/07/10,237,234,222,201,177,153,132,118,114,120,136,157,179,199,214,220,219,212,203,196,197,203,213,226
MA11,1995/07/11,236,240,236,222,198,169,141,119,104,101,111,130,155,182,205,220,225,222,213,202,194,194,202,214
MA11,1995/07/12,229,242,245,238,221,195,164,133,107,093,094,107,130,160,188,210,223,226,219,207,195,188,188,196
MA11,1995/07/13,213,232,245,248,240,221,192,158,126,103,093,098,115,141,172,201,221,230,228,218,203,190,183,186
MA11,1995/07/14,199,219,239,252,256,248,226,195,162,133,113,108,117,138,166,196,220,235,238,231,217,200,187,182
MA11,1995/07/15,187,203,224,242,254,255,243,219,188,157,133,120,120,134,158,185,211,230,237,234,223,206,189,178
MA11,1995/07/16,175,183,199,220,238,248,245,231,208,180,155,136,130,136,154,178,204,227,240,243,236,223,205,188
MA11,1995/07/17,179,180,190,206,224,240,246,241,227,206,183,163,152,150,161,180,202,222,239,245,242,231,215,196
MA11,1995/07/18,181,173,173,182,197,213,225,229,223,209,193,177,163,157,161,173,191,210,226,235,237,230,217,198
MA11,1995/07/19,181,168,162,163,171,184,198,206,209,205,196,184,174,167,167,174,185,201,216,228,234,233,224,210
MA11,1995/07/20,194,178,166,161,162,169,181,192,200,203,202,198,191,186,184,186,192,204,216,227,236,239,234,225
MA11,1995/07/21,211,196,181,168,161,162,167,174,183,191,196,198,197,195,194,192,193,198,206,215,224,231,232,227
MA11,1995/07/22,218,206,191,175,160,152,152,154,161,172,183,192,199,201,201,200,198,198,201,206,214,223,227,227
MA11,1995/07/23,224,216,203,186,168,152,142,139,142,152,165,180,193,202,207,206,203,199,197,198,202,210,218,224
MA11,1995/07/24,228,225,216,200,179,158,141,129,126,132,145,164,183,198,207,211,208,203,197,192,193,199,207,217
MA11,1995/07/25,226,230,226,215,196,174,151,132,122,122,132,150,172,193,209,217,218,212,203,194,190,191,197,207
MA11,1995/07/26,220,230,233,226,211,189,163,138,120,112,117,132,155,180,202,216,221,217,207,196,188,185,188,197
MA11,1995/07/27,211,225,234,234,224,205,179,151,128,113,111,122,143,169,194,214,224,224,216,204,192,183,181,189
MA11,1995/07/28,203,221,235,242,239,226,203,174,146,124,115,119,136,161,190,214,230,234,227,214,199,186,180,182
MA11,1995/07/29,193,210,228,241,246,239,220,193,163,138,122,119,131,152,179,207,228,237,235,223,207,193,181,177
MA11,1995/07/30,184,200,219,236,246,247,235,213,185,158,137,126,130,146,170,197,221,234,236,228,212,195,178,168
MA11,1995/07/31,170,181,197,216,232,240,237,221,196,169,146,132,130,139,159,184,209,228,236,231,218,200,181,167
MA11,1995/08/01,162,168,182,200,219,232,235,228,211,189,167,150,142,146,161,182,206,227,239,240,230,213,193,176
MA11,1995/08/02,165,163,169,183,201,218,228,229,220,204,186,169,157,156,163,179,200,220,234,241,236,223,204,184
MA11,1995/08/03,168,159,158,165,179,195,209,216,215,208,196,182,171,165,167,177,192,210,225,234,235,227,211,193
MA11,1995/08/04,176,161,152,151,158,170,183,194,201,202,199,192,185,179,177,180,190,203,217,228,234,232,222,206
MA11,1995/08/05,188,172,157,147,146,151,160,171,181,190,195,197,194,192,189,188,191,198,209,220,228,232,229,219
MA11,1995/08/06,205,189,171,154,143,138,139,147,157,169,181,191,197,201,201,199,198,198,202,210,219,227,229,226
MA11,1995/08/07,220,207,189,169,150,136,129,129,135,147,163,181,197,208,214,215,212,208,205,207,213,221,229,234
MA11,1995/08/08,236,230,217,197,174,152,134,123,121,129,144,165,186,205,219,224,222,215,207,201,201,206,216,227
MA11,1995/08/09,235,239,234,220,198,171,145,125,113,112,123,143,168,193,214,227,230,223,211,199,192,192,200,213
MA11,1995/08/10,230,244,249,244,227,202,172,143,120,108,111,126,151,180,207,226,233,231,220,205,191,184,185,196
MA11,1995/08/11,215,235,249,253,246,227,199,167,138,118,113,120,140,169,197,221,235,237,227,210,192,177,170,175
MA11,1995/08/12,191,213,235,249,251,242,221,191,158,133,119,119,132,155,184,212,231,238,233,218,198,178,164,160
MA11,1995/08/13,170,189,214,234,247,248,235,211,181,153,133,125,130,149,175,202,225,237,235,224,206,184,163,151
MA11,1995/08/14,152,166,188,211,230,240,237,223,198,171,149,136,133,144,166,192,215,231,236,229,214,192,169,152
MA11,1995/08/15,145,149,165,186,207,223,229,222,206,186,166,150,144,149,165,187,209,227,235,234,223,204,182,162
MA11,1995/08/16,149,146,154,169,189,207,220,221,213,199,183,169,162,164,171,185,206,226,237,239,232,218,199,179
MA11,1995/08/17,161,151,151,158,172,190,205,213,213,206,195,185,177,174,178,189,204,220,232,239,237,227,212,194
MA11,1995/08/18,176,162,155,154,161,174,186,196,203,202,198,193,187,184,186,192,202,214,225,233,236,231,220,206
MA11,1995/08/19,190,175,164,156,155,160,170,180,189,195,198,197,196,195,195,197,202,208,217,225,231,231,226,217
MA11,1995/08/20,205,192,177,165,156,154,157,164,173,182,191,196,200,202,204,204,205,207,210,216,223,227,228,225
MA11,1995/08/21,218,209,196,181,166,156,152,154,161,171,184,196,206,212,215,215,213,210,208,210,215,220,225,229
MA11,1995/08/22,228,222,211,195,177,162,149,142,143,152,166,183,198,209,216,218,215,209,203,200,201,207,215,223
MA11,1995/08/23,230,231,226,213,195,175,156,141,135,140,153,172,191,208,220,225,223,215,204,196,193,195,203,215
MA11,1995/08/24,227,235,236,228,212,190,166,146,132,129,138,155,178,200,217,225,225,216,203,193,185,182,188,200
MA11,1995/08/25,216,231,240,239,228,208,183,157,137,127,131,146,169,194,217,232,236,229,215,200,187,179,180,191
MA11,1995/08/26,208,228,243,249,245,230,205,177,152,136,132,142,161,188,214,234,243,239,225,208,191,178,174,181
MA11,1995/08/27,196,217,238,252,255,247,228,201,172,151,140,143,159,184,211,235,249,250,239,222,201,182,172,173
MA11,1995/08/28,185,205,229,249,260,260,247,224,197,171,153,146,153,173,198,223,240,246,238,222,199,176,160,153
MA11,1995/08/29,158,176,199,220,237,245,239,222,198,172,152,141,144,159,182,208,229,240,238,225,202,176,155,141
MA11,1995/08/30,139,149,169,193,213,228,233,225,208,187,166,153,150,158,177,202,224,239,244,236,218,193,169,151
MA11,1995/08/31,142,143,157,176,198,217,230,231,222,208,193,179,172,175,186,205,227,243,251,249,236,215,191,169
MA11,1995/09/01,153,147,152,165,182,201,217,224,225,217,205,193,185,183,188,200,217,233,244,248,242,225,204,182
MA11,1995/09/02,162,150,145,147,157,173,189,202,209,211,208,203,198,194,195,202,214,226,239,248,249,240,225,207
MA11,1995/09/03,188,172,160,155,157,165,176,188,201,210,215,218,217,215,214,216,221,227,236,246,251,250,243,230
MA11,1995/09/04,214,197,182,169,161,159,163,172,183,195,207,217,223,226,226,225,224,224,226,232,239,244,245,241
MA11,1995/09/05,231,217,201,183,167,157,152,153,160,173,189,205,218,227,230,229,224,217,213,215,220,226,233,239
MA11,1995/09/06,239,234,222,204,183,163,148,141,142,151,167,187,207,223,232,233,226,216,204,197,198,203,214,228
MA11,1995/09/07,239,244,242,229,209,186,162,144,136,138,151,171,193,215,231,237,233,220,203,190,183,183,192,208
MA11,1995/09/08,225,239,247,243,228,205,177,152,135,129,136,153,177,203,224,237,238,226,207,188,172,163,167,183
MA11,1995/09/09,205,226,242,247,241,224,198,170,146,133,134,147,169,196,221,238,245,237,219,196,175,160,157,166
MA11,1995/09/10,186,211,234,249,252,243,223,195,167,148,141,146,164,189,215,237,247,244,230,207,182,161,149,152
MA11,1995/09/11,167,191,219,242,254,253,240,216,190,168,155,153,163,184,209,232,247,249,238,219,194,167,149,142
MA11,1995/09/12,148,168,194,218,237,245,240,224,202,180,163,156,161,177,199,223,241,248,242,226,201,175,151,137
MA11,1995/09/13,136,148,169,195,218,234,238,229,212,194,177,167,167,177,196,218,237,248,247,237,217,192,168,149
MA11,1995/09/14,140,143,158,179,200,219,229,229,219,206,192,181,177,181,193,211,229,242,246,242,228,206,182,161
MA11,1995/09/15,147,143,150,163,181,201,216,222,219,211,201,191,186,186,194,208,223,235,242,242,233,217,197,178
MA11,1995/09/16,162,153,151,157,171,187,202,213,217,215,211,204,200,199,203,210,221,231,239,243,240,229,215,199
MA11,1995/09/17,183,170,164,165,171,182,196,207,214,220,222,221,221,219,220,227,235,241,246,249,248,240,229,217
MA11,1995/09/18,202,188,176,168,164,167,173,182,191,199,205,207,208,208,208,208,208,210,213,217,220,221,218,212
MA11,1995/09/19,203,192,179,166,157,153,154,160,169,179,191,200,205,208,208,205,202,199,198,200,204,208,212,213
MA11,1995/09/20,211,204,193,179,166,155,148,147,153,164,179,193,205,212,214,211,205,197,192,191,193,199,207,215
MA11,1995/09/21,220,221,214,200,183,167,153,145,146,154,169,187,203,215,220,219,211,200,189,181,178,182,192,204
MA11,1995/09/22,216,223,222,214,197,177,157,142,135,139,152,172,193,210,222,224,217,203,186,172,165,164,173,188
MA11,1995/09/23,204,219,227,225,212,192,169,147,133,130,139,158,181,204,221,229,223,207,188,168,155,149,154,169
MA11,1995/09/24,191,213,230,236,231,214,191,167,147,137,141,157,180,205,227,241,242,229,209,186,166,154,153,164
MA11,1995/09/25,185,210,232,245,247,238,218,192,166,150,145,153,172,197,221,239,244,235,215,189,164,144,135,140
MA11,1995/09/26,156,181,208,230,242,242,228,206,181,160,149,152,166,188,214,235,246,242,225,199,170,144,128,125
MA11,1995/09/27,136,159,187,214,234,242,238,223,202,180,165,161,168,186,210,234,250,252,241,217,188,159,136,125
MA11,1995/09/28,128,143,167,194,218,235,239,231,215,195,178,169,169,180,200,221,238,245,239,221,195,167,141,122
MA11,1995/09/29,115,122,139,162,186,207,219,220,213,200,185,176,172,177,191,210,227,238,239,230,211,184,156,134
MA11,1995/09/30,122,120,129,145,166,187,203,212,212,207,199,190,184,184,191,204,219,229,235,231,219,199,175,152
MA11,1995/10/01,136,126,124,131,144,161,178,191,199,201,199,195,190,188,190,197,208,218,226,230,226,215,199,180
MA11,1995/10/02,162,147,138,136,143,154,167,182,195,205,212,215,214,213,212,213,216,220,226,232,234,230,222,210
MA11,1995/10/03,195,179,164,153,149,151,157,168,181,195,206,214,219,220,218,215,211,209,210,214,219,223,223,221
MA11,1995/10/04,215,203,189,174,160,153,152,155,165,179,194,208,217,222,222,217,208,200,195,195,201,209,217,224
MA11,1995/10/05,226,223,212,197,180,167,156,153,158,169,185,203,218,228,233,229,218,204,191,185,186,193,205,219
MA11,1995/10/06,229,231,225,215,199,180,163,152,149,155,169,188,208,222,230,230,218,198,179,164,157,159,171,189
MA11,1995/10/07,209,223,231,227,214,194,173,155,146,146,157,176,197,216,230,234,225,206,182,160,146,141,148,167
MA11,1995/10/08,191,214,231,237,231,217,196,174,158,152,156,171,193,215,233,242,237,222,198,172,151,139,140,155
MA11,1995/10/09,179,206,230,245,248,239,220,198,177,164,164,174,192,215,236,249,250,237,212,185,157,136,129,135
MA11,1995/10/10,153,180,207,228,239,238,226,206,185,169,161,165,179,199,221,238,243,235,216,189,160,134,118,117
MA11,1995/10/11,130,154,183,209,228,235,230,215,196,179,168,166,175,192,213,233,243,240,226,203,174,147,126,117
MA11,1995/10/12,123,141,166,192,215,230,233,224,210,194,182,176,179,190,209,229,242,244,236,217,191,164,140,125
MA11,1995/10/13,122,132,152,176,201,219,228,226,216,203,191,184,182,189,204,221,235,241,238,224,203,179,155,136
MA11,1995/10/14,128,131,142,161,183,203,217,221,217,209,199,191,187,189,198,212,226,234,235,228,213,193,171,152
MA11,1995/10/15,139,135,139,151,169,187,203,212,214,210,204,198,193,192,197,207,217,225,230,228,219,204,187,169
MA11,1995/10/16,155,147,144,149,161,177,192,204,212,214,211,207,203,202,203,209,214,220,225,226,222,215,204,190
MA11,1995/10/17,177,166,158,156,161,170,181,193,203,209,211,210,207,204,202,202,202,203,206,208,208,207,202,193
MA11,1995/10/18,184,173,163,155,153,155,162,172,184,195,204,209,210,208,206,203,199,195,195,198,201,204,206,204
MA11,1995/10/19,201,194,184,173,165,160,161,167,177,190,203,212,218,219,217,211,202,194,188,188,192,199,207,213
MA11,1995/10/20,216,215,206,193,181,169,161,162,169,181,196,210,221,226,225,217,204,190,178,171,171,179,190,202
MA11,1995/10/21,213,219,217,208,194,177,163,156,157,166,182,200,216,226,229,223,208,189,171,158,153,157,169,185
MA11,1995/10/22,204,218,223,220,209,191,171,157,151,155,168,188,208,223,230,227,213,192,169,148,137,136,146,164
MA11,1995/10/23,186,209,224,228,221,206,185,166,153,149,157,175,196,215,228,231,220,198,171,145,125,117,122,138
MA11,1995/10/24,163,192,214,228,232,223,205,184,167,156,157,170,191,213,232,241,236,218,190,160,134,118,114,126
MA11,1995/10/25,151,181,212,236,250,249,236,217,198,182,175,182,198,219,241,254,252,237,212,179,146,121,107,107
MA11,1995/10/26,124,151,181,208,229,238,236,223,205,188,177,177,187,205,228,246,252,245,227,198,164,133,112,104
MA11,1995/10/27,111,130,157,187,213,230,234,229,217,201,188,183,186,199,218,236,247,247,233,210,179,146,119,102
MA11,1995/10/28,098,109,129,154,180,201,214,218,213,201,190,181,178,185,199,217,231,237,233,219,195,168,140,117
MA11,1995/10/29,106,107,119,139,163,185,203,213,216,211,203,195,189,190,197,210,223,232,235,228,214,193,170,147
MA11,1995/10/30,130,123,124,135,152,172,191,206,215,217,215,211,205,201,202,209,218,227,232,233,226,214,198,179
MA11,1995/10/31,161,148,141,142,151,164,180,195,208,216,220,220,216,211,208,208,211,215,223,227,227,226,219,207
MA11,1995/11/01,195,181,169,164,163,170,181,194,208,220,228,233,233,228,220,212,204,201,202,205,210,214,215,212
MA11,1995/11/02,206,198,186,174,167,166,169,177,190,202,214,224,226,225,218,207,196,186,181,183,189,199,208,215
MA11,1995/11/03,218,216,207,194,182,173,169,171,179,191,206,220,230,233,229,217,199,182,169,162,165,176,191,205
MA11,1995/11/04,215,219,218,210,197,184,173,170,172,181,195,211,224,231,231,220,202,180,158,144,140,146,160,178
MA11,1995/11/05,197,212,219,218,208,193,177,167,164,169,183,200,217,229,235,229,211,186,160,138,126,127,137,156
MA11,1995/11/06,180,204,219,225,220,208,191,177,168,167,175,191,208,224,235,235,222,199,170,142,121,114,120,136
MA11,1995/11/07,161,188,211,225,228,221,207,190,177,171,174,187,205,225,241,247,241,223,196,167,142,128,127,140
MA11,1995/11/08,166,197,225,245,257,253,238,224,207,194,192,198,212,232,249,260,261,245,218,187,156,133,120,121
MA11,1995/11/09,139,164,191,218,235,241,236,223,207,193,185,186,196,213,231,243,246,237,216,186,154,128,111,105
MA11,1995/11/10,114,135,163,190,211,224,225,217,205,190,180,179,185,199,218,233,242,240,226,203,176,149,128,119
MA11,1995/11/11,122,139,162,187,212,230,237,235,225,212,201,195,194,203,217,231,241,241,232,214,190,163,140,124
MA11,1995/11/12,119,125,142,165,188,207,218,220,215,205,194,186,182,186,197,209,220,225,222,209,190,167,144,125
MA11,1995/11/13,114,115,124,141,162,183,199,207,207,200,191,183,177,178,184,194,206,212,213,207,195,179,160,142
MA11,1995/11/14,130,125,128,139,156,176,195,208,214,213,208,203,197,194,197,203,210,218,222,221,215,204,188,172
MA11,1995/11/15,158,149,147,150,159,171,186,201,210,213,212,206,198,191,187,186,189,193,196,198,197,192,183,172
MA11,1995/11/16,161,152,145,142,145,154,167,181,194,201,205,204,199,193,187,181,178,179,181,185,188,190,189,186
MA11,1995/11/17,180,173,165,158,155,158,165,177,190,200,209,213,212,206,198,188,178,171,167,168,173,180,186,189
MA11,1995/11/18,190,187,180,170,160,154,155,162,173,187,200,209,212,209,200,187,172,158,148,145,150,160,173,184
MA11,1995/11/19,192,197,194,185,174,164,158,159,167,180,195,208,216,217,211,199,180,160,143,133,134,143,159,177
MA11,1995/11/20,194,207,212,209,198,186,175,169,169,179,195,212,225,230,227,216,196,173,149,130,122,127,140,160
MA11,1995/11/21,184,205,219,223,217,204,189,177,170,173,184,200,217,229,233,225,206,179,148,122,107,102,111,132
MA11,1995/11/22,159,187,211,224,227,220,206,190,177,172,178,192,210,227,238,236,222,197,163,130,105,091,092,107
MA11,1995/11/23,133,166,197,220,233,234,225,211,196,185,184,193,209,229,246,253,247,226,195,160,128,105,095,100
MA11,1995/11/24,121,150,183,213,233,241,240,229,215,203,196,200,211,228,247,260,262,251,226,193,158,127,107,101
MA11,1995/11/25,110,133,163,194,220,237,242,237,225,211,200,195,198,213,232,248,256,253,236,209,176,144,118,102
MA11,1995/11/26,099,112,134,161,189,212,227,231,226,215,204,195,194,202,216,234,249,254,247,230,204,175,146,125
MA11,1995/11/27,115,118,132,152,176,200,219,228,227,221,210,198,191,191,197,210,225,235,237,229,212,190,165,142
MA11,1995/11/28,127,121,126,138,157,179,198,212,219,218,211,202,193,187,188,195,205,216,223,224,218,205,189,170
MA11,1995/11/29,152,142,139,144,157,174,192,209,220,225,224,217,208,199,193,192,195,202,211,218,220,217,208,196
MA11,1995/11/30,183,171,165,164,169,180,196,211,225,234,236,233,227,217,206,196,192,192,195,202,209,213,214,211
MA11,1995/12/01,204,196,188,180,179,183,191,204,218,229,236,238,233,225,212,199,187,178,177,181,188,197,205,210
MA11,1995/12/02,211,209,203,195,188,186,187,195,207,219,229,234,235,229,218,201,183,167,157,155,160,171,185,198
MA11,1995/12/03,208,213,212,206,198,191,188,191,198,209,222,232,237,237,228,213,193,171,153,143,142,150,165,183
MA11,1995/12/04,200,212,219,218,211,204,196,192,195,204,217,231,240,245,242,231,211,186,161,143,134,137,151,170
MA11,1995/12/05,193,214,227,231,228,219,208,200,197,199,208,221,235,244,246,239,221,195,166,141,125,121,127,145
MA11,1995/12/06,170,196,218,229,231,226,216,205,198,198,203,215,229,243,252,250,236,213,183,153,130,116,116,129
MA11,1995/12/07,151,179,205,223,232,231,222,209,198,191,192,200,213,229,241,245,238,219,192,161,132,112,105,112
MA11,1995/12/08,130,157,186,209,224,230,225,214,202,193,190,193,204,220,235,244,244,231,207,178,148,122,106,105
MA11,1995/12/09,118,140,168,194,213,225,225,216,203,191,183,182,188,201,218,230,234,228,210,184,154,125,104,096
MA11,1995/12/10,101,119,145,172,195,212,218,214,204,191,182,177,180,191,205,219,228,227,215,195,168,141,118,105
MA11,1995/12/11,104,115,135,161,187,207,219,220,214,203,192,185,183,189,201,217,228,233,228,214,193,168,145,128
MA11,1995/12/12,121,125,141,162,185,207,222,228,225,216,204,193,188,189,197,208,219,227,227,219,203,182,160,140
MA11,1995/12/13,128,125,134,150,171,193,210,221,222,216,206,195,187,183,185,193,202,210,215,213,205,190,172,155
MA11,1995/12/14,141,134,135,144,160,181,200,213,220,220,213,202,192,185,183,184,190,198,203,207,205,198,188,174
MA11,1995/12/15,162,155,152,155,166,182,200,216,226,231,229,220,209,197,189,185,184,188,193,197,201,200,195,187
MA11,1995/12/16,178,169,162,159,162,172,185,200,213,221,221,216,205,194,183,174,168,165,166,171,179,185,189,191
MA11,1995/12/17,190,185,179,174,171,173,181,192,204,215,222,223,217,206,192,177,165,155,150,152,159,168,178,186
MA11,1995/12/18,192,193,190,182,176,173,175,180,190,203,213,218,218,211,198,181,162,145,133,128,132,143,158,175
MA11,1995/12/19,191,201,204,202,195,189,185,185,191,202,215,226,231,229,220,202,179,153,132,119,115,121,137,158
MA11,1995/12/20,180,200,212,214,210,202,193,186,185,192,204,216,228,233,230,217,194,165,136,113,100,099,111,132
MA11,1995/12/21,159,187,209,223,227,222,212,201,195,195,203,217,232,244,246,238,220,192,157,125,101,090,092,107
MA11,1995/12/22,131,162,191,212,224,224,217,205,193,187,189,197,212,230,242,243,234,211,178,142,110,088,081,087
MA11,1995/12/23,107,137,172,200,220,230,229,218,205,193,186,190,203,220,238,249,247,233,206,171,135,106,086,082
MA11,1995/12/24,093,115,146,178,205,223,229,225,216,205,196,195,203,219,239,257,265,260,243,216,182,150,123,108
MA11,1995/12/25,108,121,145,173,200,222,235,234,224,211,198,187,186,195,212,230,244,249,243,227,201,170,142,122
MA11,1995/12/26,114,120,137,160,186,210,226,232,229,218,205,191,183,184,193,208,225,235,236,228,210,187,162,138
MA11,1995/12/27,123,121,130,147,170,193,212,222,223,217,205,189,176,168,170,180,193,205,212,213,206,191,171,151
MA11,1995/12/28,135,127,128,138,154,174,193,206,213,212,203,189,175,164,159,161,169,180,191,198,201,197,186,173
MA11,1995/12/29,160,152,150,154,165,182,199,212,223,227,222,212,200,186,175,170,170,174,182,192,199,202,200,195
MA11,1995/12/30,188,182,178,177,181,192,205,218,231,238,239,232,222,209,195,180,170,168,169,175,182,189,194,197
MA11,1995/12/31,195,193,190,184,183,187,194,204,215,223,228,226,219,209,195,179,166,156,151,154,162,171,184,195
