MA11,2023/01/01,230,226,220,216,216,221,230,241,253,263,268,266,260,248,232,215,200,189,184,186,194,206,218,228
MA11,2023/01/02,233,236,235,231,228,229,231,237,247,257,264,266,262,253,239,221,202,185,172,168,172,182,196,212
MA11,2023/01/03,227,237,243,243,242,239,238,240,246,255,263,269,271,268,257,241,220,196,176,163,159,165,179,198
MA11,2023/01/04,218,236,249,254,254,251,247,243,244,250,258,266,272,273,267,254,233,208,182,161,149,148,158,176
MA11,2023/01/05,198,220,239,249,252,250,245,239,236,237,243,252,261,268,269,262,246,221,191,164,145,136,140,155
MA11,2023/01/06,177,203,227,244,252,254,250,242,236,234,237,244,256,267,274,274,262,240,212,182,158,141,135,145
MA11,2023/01/07,164,191,219,242,256,263,261,253,245,240,239,245,255,268,280,285,280,264,238,206,177,154,142,142
MA11,2023/01/08,156,180,208,233,251,262,263,256,245,236,231,232,240,253,266,275,276,265,243,215,185,158,139,132
MA11,2023/01/09,140,160,186,213,236,251,257,253,244,234,227,224,231,243,259,274,282,278,264,239,209,180,158,144
MA11,2023/01/10,145,159,181,208,232,252,262,262,253,243,234,226,226,235,247,262,272,273,264,246,221,194,169,152
MA11,2023/01/11,147,154,171,194,218,240,254,257,252,241,230,220,215,219,230,244,257,264,262,250,231,208,184,164
MA11,2023/01/12,153,154,165,183,205,228,244,252,250,242,229,217,209,209,215,227,240,250,253,248,236,219,197,177
MA11,2023/01/13,163,158,163,177,197,219,237,248,250,244,234,222,212,206,208,216,227,238,246,247,243,234,219,203
MA11,2023/01/14,190,184,184,192,208,228,246,259,266,265,256,243,230,220,216,218,224,233,240,245,247,244,236,226
MA11,2023/01/15,216,208,204,206,215,229,245,259,268,270,262,250,237,224,214,209,207,211,218,224,231,237,237,234
MA11,2023/01/16,229,224,220,220,223,233,245,257,268,273,270,262,250,235,220,208,199,196,197,202,210,219,225,229
MA11,2023/01/17,232,232,229,226,226,229,236,246,255,262,264,258,248,234,217,201,187,176,170,170,177,189,202,216
MA11,2023/01/18,229,237,240,240,239,239,242,247,255,263,268,268,263,253,237,219,199,180,166,158,159,169,183,202
MA11,2023/01/19,221,236,247,251,251,249,246,246,249,253,259,264,266,262,251,234,209,183,160,143,136,140,153,173
MA11,2023/01/20,198,222,241,253,258,258,254,249,248,251,258,267,275,280,278,266,244,217,187,160,141,133,136,149
MA11,2023/01/21,175,205,231,251,263,265,259,252,245,243,247,256,267,277,281,276,260,233,199,165,137,118,112,120
MA11,2023/01/22,141,171,202,228,248,259,259,252,243,236,234,239,250,266,280,285,278,259,229,192,158,130,113,111
MA11,2023/01/23,125,150,182,214,239,256,261,257,247,237,229,230,239,255,273,288,292,284,264,233,197,165,141,130
MA11,2023/01/24,134,152,179,209,239,263,274,274,267,255,244,238,242,254,271,291,306,306,293,271,240,208,180,160
MA11,2023/01/25,154,163,181,207,236,259,273,274,266,252,235,221,215,220,234,253,271,281,279,266,246,220,191,168
MA11,2023/01/26,156,158,171,191,216,241,258,263,260,247,230,213,201,198,206,222,241,257,265,263,252,233,210,189
MA11,2023/01/27,176,173,181,197,218,241,260,268,268,260,245,227,210,200,202,212,227,244,256,262,259,250,236,221
MA11,2023/01/28,208,203,205,214,229,248,264,275,277,271,258,238,219,204,196,197,204,214,226,235,240,239,232,221
MA11,2023/01/29,211,206,205,210,222,238,252,261,266,263,253,238,220,203,190,184,184,188,196,206,215,220,222,221
MA11,2023/01/30,218,218,218,221,228,239,251,262,270,272,268,258,243,227,213,202,192,189,192,195,199,207,217,222
MA11,2023/01/31,226,230,231,233,236,241,248,254,260,264,263,257,248,234,219,204,188,175,169,168,173,183,195,207
MA11,2023/02/01,218,227,233,236,237,239,241,245,250,255,260,262,259,251,240,226,208,189,172,163,163,170,181,196
MA11,2023/02/02,213,228,238,243,245,244,242,239,240,244,248,253,255,253,247,236,217,194,172,155,147,148,158,176
MA11,2023/02/03,196,216,233,242,247,247,242,238,235,235,241,250,256,259,260,253,237,213,186,163,147,141,147,161
MA11,2023/02/04,182,207,228,242,250,251,245,238,232,230,233,241,252,263,270,270,259,239,210,180,157,143,141,152
MA11,2023/02/05,172,196,221,241,251,253,248,237,227,221,220,227,239,251,263,269,264,247,221,191,163,143,134,138
MA11,2023/02/06,155,181,209,232,249,257,253,243,230,219,215,218,229,244,260,271,273,263,241,212,182,157,141,139
MA11,2023/02/07,151,174,200,225,244,255,255,245,230,217,208,207,215,230,248,265,273,269,253,228,199,172,152,143
MA11,2023/02/08,149,167,192,219,242,257,261,254,239,223,210,205,207,219,237,255,267,270,261,241,214,186,161,147
MA11,2023/02/09,145,157,179,204,227,244,252,247,233,216,200,188,185,193,208,227,244,252,250,238,217,191,166,149
MA11,2023/02/10,143,150,166,189,213,234,245,244,234,217,199,184,176,180,193,212,232,246,252,249,237,219,199,182
MA11,2023/02/11,172,175,187,207,228,247,261,263,254,238,220,201,187,183,189,201,217,231,240,241,236,224,207,191
MA11,2023/02/12,180,177,183,195,214,233,248,253,249,237,219,200,184,174,173,182,195,207,220,228,229,226,218,207
MA11,2023/02/13,199,197,200,209,223,241,255,263,263,255,240,222,203,190,184,185,192,203,214,224,233,236,234,230
MA11,2023/02/14,226,224,224,228,238,250,261,270,272,266,255,239,220,204,190,181,179,180,186,196,206,214,220,224
MA11,2023/02/15,226,227,228,231,235,243,251,258,262,261,255,244,228,209,193,179,167,161,159,162,171,182,193,204
MA11,2023/02/16,214,221,226,229,231,234,237,240,244,246,246,242,232,219,204,187,170,154,143,140,143,153,168,186
MA11,2023/02/17,205,221,233,239,240,240,240,239,240,243,246,248,248,241,230,213,192,169,150,136,130,135,147,166
MA11,2023/02/18,191,215,232,243,249,248,244,238,234,234,239,247,253,256,254,242,222,195,167,144,129,124,131,149
MA11,2023/02/19,176,206,232,250,261,263,258,251,243,239,246,257,269,281,288,286,272,246,214,183,157,141,137,148
MA11,2023/02/20,171,200,228,250,265,269,263,251,237,226,223,231,245,262,279,287,282,265,236,200,168,144,130,133
MA11,2023/02/21,151,178,208,236,256,264,260,247,230,213,204,206,216,234,257,274,280,272,251,220,185,155,134,127
MA11,2023/02/22,136,157,185,213,236,248,248,237,218,197,180,175,180,196,222,246,262,266,256,233,204,174,150,138
MA11,2023/02/23,140,156,181,208,232,249,253,244,226,203,183,172,169,180,203,229,251,264,264,251,231,206,181,165
MA11,2023/02/24,162,172,192,217,242,261,268,262,245,221,196,177,166,167,182,205,229,248,259,256,245,227,206,190
MA11,2023/02/25,184,188,202,223,243,260,270,268,256,234,209,187,170,162,169,184,203,222,236,241,238,227,212,199
MA11,2023/02/26,193,194,202,216,234,251,261,263,255,239,217,195,175,162,159,166,180,196,210,220,224,220,212,203
MA11,2023/02/27,198,198,202,213,227,241,251,256,252,239,222,202,182,165,156,155,159,168,179,190,200,204,203,201
MA11,2023/02/28,200,200,205,211,220,232,241,246,247,240,229,215,198,182,170,162,159,162,168,177,186,195,201,206
MA11,2023/03/01,211,217,220,224,230,237,243,248,250,248,243,236,223,210,197,185,175,169,168,171,179,189,200,211
MA11,2023/03/02,222,231,236,239,242,245,248,249,250,253,253,250,244,235,224,211,195,181,172,167,167,174,184,197
MA11,2023/03/03,212,224,232,235,236,234,232,230,230,231,234,237,237,234,227,216,198,180,163,151,147,150,160,177
MA11,2023/03/04,197,214,227,232,234,230,224,218,214,213,217,225,232,235,234,226,210,189,167,148,137,136,144,160
MA11,2023/03/05,182,203,220,231,234,230,221,211,204,200,203,212,223,232,239,237,225,206,181,157,139,131,135,149
MA11,2023/03/06,172,197,219,234,240,238,228,216,204,197,198,208,222,236,249,255,249,232,208,180,155,141,138,146
MA11,2023/03/07,166,193,216,235,245,244,233,218,202,191,188,195,209,226,244,257,258,247,226,198,170,149,139,142
MA11,2023/03/08,158,184,210,231,244,247,237,221,202,186,178,181,193,212,234,252,261,256,240,215,187,162,147,143
MA11,2023/03/09,155,178,203,228,246,252,244,228,207,185,171,168,176,193,217,240,255,259,251,232,206,181,162,155
MA11,2023/03/10,161,179,203,227,247,258,254,238,214,189,171,162,165,177,198,222,242,252,250,237,216,193,173,161
MA11,2023/03/11,162,174,193,215,236,248,247,235,213,187,165,150,146,152,171,194,215,232,239,234,221,203,185,171
MA11,2023/03/12,168,176,192,211,232,246,250,242,223,197,173,154,143,144,156,176,199,218,232,236,230,220,206,194
MA11,2023/03/13,190,195,205,222,241,256,263,259,244,222,198,176,160,154,156,169,186,203,218,228,230,226,218,210
MA11,2023/03/14,205,206,212,223,237,250,258,257,247,228,206,183,163,150,146,151,161,174,188,200,209,213,212,210
MA11,2023/03/15,209,211,213,220,230,240,248,251,246,234,217,198,179,162,152,149,151,157,167,178,189,200,207,212
MA11,2023/03/16,217,221,225,228,234,241,246,249,249,243,234,221,205,189,175,164,157,155,156,163,174,185,198,209
MA11,2023/03/17,219,228,233,236,238,240,241,243,243,241,239,234,225,212,197,181,165,153,145,143,148,159,174,191
MA11,2023/03/18,209,225,234,239,240,238,234,232,232,234,239,244,244,239,230,215,196,176,159,149,146,151,164,184
MA11,2023/03/19,206,226,240,246,245,239,231,223,218,218,226,235,243,247,246,236,217,193,168,148,136,134,143,161
MA11,2023/03/20,187,212,232,243,245,239,228,214,203,199,205,218,234,249,258,257,245,222,192,164,143,133,135,149
MA11,2023/03/21,174,202,227,244,250,245,231,212,194,183,185,197,216,238,257,267,265,248,222,193,167,149,143,151
MA11,2023/03/22,172,198,224,244,254,250,235,213,189,171,164,171,188,213,239,259,267,261,242,215,187,164,152,154
MA11,2023/03/23,170,194,221,243,256,257,245,222,194,169,154,152,165,188,217,246,265,270,261,243,220,198,184,182
MA11,2023/03/24,192,211,235,259,275,280,270,248,219,188,164,153,155,172,197,225,249,261,260,249,230,208,190,181
MA11,2023/03/25,185,199,220,240,257,265,261,243,216,184,157,140,135,144,164,191,217,236,245,243,233,217,201,192
MA11,2023/03/26,192,203,219,238,255,267,267,255,233,205,178,155,143,143,157,179,203,225,241,248,245,236,224,215
MA11,2023/03/27,213,217,227,241,254,263,267,260,242,219,193,168,150,142,144,157,175,192,207,217,220,217,211,205
MA11,2023/03/28,203,205,212,223,235,246,252,249,238,221,200,179,160,147,143,149,160,173,187,200,209,211,211,210
MA11,2023/03/29,210,211,216,222,231,240,246,246,240,228,214,197,179,165,156,153,157,163,173,185,195,202,207,211
MA11,2023/03/30,214,217,220,224,229,234,238,239,237,230,222,211,199,186,174,166,162,160,164,171,180,190,200,209
MA11,2023/03/31,216,222,225,226,226,228,230,232,231,229,228,225,219,210,200,189,177,169,165,166,173,183,195,207
MA11,2023/04/01,219,228,232,232,229,225,223,221,221,222,225,227,227,224,216,205,190,175,164,158,160,167,180,196
MA11,2023/04/02,213,225,233,234,230,223,216,210,207,209,215,223,230,232,230,222,206,187,169,157,152,155,167,186
MA11,2023/04/03,204,221,233,235,231,223,211,200,193,192,198,209,222,232,236,233,221,202,180,162,151,148,156,173
MA11,2023/04/04,195,215,230,236,233,223,208,193,180,176,181,194,211,228,239,244,237,221,198,175,158,150,153,167
MA11,2023/04/05,189,213,232,241,241,230,213,194,175,165,166,177,196,218,237,249,250,238,219,196,174,161,158,168
MA11,2023/04/06,189,213,235,250,253,244,225,201,178,162,157,165,184,208,232,251,260,255,240,219,197,179,170,175
MA11,2023/04/07,191,214,237,254,261,256,239,214,187,165,154,155,169,192,220,244,261,265,258,241,221,202,189,187
MA11,2023/04/08,197,218,241,260,270,270,254,229,199,172,154,148,155,175,201,228,251,262,260,249,232,213,200,195
MA11,2023/04/09,200,215,234,252,265,266,254,231,201,171,148,134,134,148,170,196,221,239,246,244,233,219,205,197
MA11,2023/04/10,197,207,223,241,256,262,257,238,211,181,154,135,128,134,150,173,199,220,234,240,238,229,218,211
MA11,2023/04/11,210,215,227,242,256,264,264,252,229,202,175,152,137,134,142,158,179,200,218,230,236,236,230,226
MA11,2023/04/12,225,227,235,247,260,269,272,266,251,230,206,182,162,150,149,155,170,187,202,217,227,231,232,233
MA11,2023/04/13,234,234,236,241,249,256,260,259,249,235,218,197,177,162,152,149,154,163,176,189,202,213,222,228
MA11,2023/04/14,232,235,236,239,242,245,250,252,248,241,233,220,204,189,174,163,156,155,160,170,184,198,212,224
MA11,2023/04/15,234,240,242,242,240,239,239,240,241,241,241,238,231,220,206,192,180,171,167,170,179,193,211,230
MA11,2023/04/16,246,258,264,264,260,254,247,244,245,248,254,260,261,256,245,230,213,196,182,175,177,185,200,219
MA11,2023/04/17,238,253,260,259,250,238,225,214,210,213,223,235,246,252,250,241,223,200,180,167,161,164,174,193
MA11,2023/04/18,216,235,246,247,238,223,204,186,176,176,186,204,224,241,251,252,242,223,202,184,172,170,179,197
MA11,2023/04/19,219,242,257,262,254,237,215,191,172,164,170,187,211,236,255,264,263,249,228,207,189,180,183,197
MA11,2023/04/20,218,241,259,267,263,248,223,194,168,152,150,163,186,215,242,263,270,265,252,233,215,202,198,206
MA11,2023/04/21,224,246,266,279,280,268,244,213,182,158,146,150,168,195,225,251,268,271,263,248,230,215,208,210
MA11,2023/04/22,221,240,259,274,279,272,252,223,190,161,141,135,143,164,192,220,242,254,254,245,232,218,207,204
MA11,2023/04/23,212,227,245,260,269,266,251,227,196,164,141,128,128,142,166,194,220,239,246,244,235,223,211,206
MA11,2023/04/24,208,219,234,250,261,264,256,237,209,179,154,135,128,132,148,171,196,217,231,234,232,225,216,211
MA11,2023/04/25,211,218,228,241,253,259,258,245,223,198,173,152,138,135,142,159,180,200,217,227,231,230,224,221
MA11,2023/04/26,221,224,232,243,253,260,263,257,242,223,203,184,169,160,161,171,186,202,219,232,239,240,238,236
MA11,2023/04/27,235,236,237,242,249,254,256,253,243,229,213,195,177,164,157,155,162,173,184,198,210,216,220,222
MA11,2023/04/28,223,225,225,227,231,234,237,239,236,229,221,209,196,183,173,167,166,170,178,189,203,214,222,227
MA11,2023/04/29,230,231,231,230,229,229,231,232,233,231,229,225,217,208,198,188,183,181,184,191,203,216,228,238
MA11,2023/04/30,246,250,249,245,241,237,235,234,236,239,242,243,242,236,226,214,203,193,189,190,197,209,222,235
MA11,2023/05/01,245,249,249,243,234,225,217,212,212,216,224,233,239,241,237,227,215,202,190,185,186,196,212,227
MA11,2023/05/02,240,249,250,244,233,219,205,194,190,193,202,215,228,237,239,234,222,205,189,178,175,181,194,212
MA11,2023/05/03,230,242,246,242,228,211,193,177,168,167,177,195,214,230,241,243,235,222,205,189,181,182,192,209
MA11,2023/05/04,229,246,255,253,240,221,199,178,162,157,164,179,201,225,243,253,253,243,226,209,196,192,197,211
MA11,2023/05/05,231,250,262,265,256,236,211,185,162,150,150,163,186,214,239,258,266,262,250,234,219,210,209,219
MA11,2023/05/06,237,257,272,280,274,257,232,202,173,153,147,154,174,201,230,255,271,275,269,256,241,228,222,225
MA11,2023/05/07,238,256,273,283,283,270,247,216,183,156,141,139,151,175,203,232,256,268,269,262,250,239,231,230
MA11,2023/05/08,240,256,274,288,293,288,270,240,205,175,153,142,145,160,184,213,238,255,264,263,256,245,234,228
MA11,2023/05/09,231,240,253,267,275,274,262,238,207,174,148,130,124,131,148,172,199,223,239,247,247,242,236,231
MA11,2023/05/10,231,236,247,260,271,275,270,254,229,200,173,150,136,133,141,158,179,202,220,231,238,239,237,234
MA11,2023/05/11,232,233,239,248,257,265,266,258,241,219,194,170,152,141,139,147,160,178,196,212,224,230,232,232
MA11,2023/05/12,231,230,231,236,242,249,255,253,245,231,214,194,174,159,149,147,153,163,177,193,208,220,227,231
MA11,2023/05/13,232,231,229,227,228,232,237,241,240,236,228,216,201,185,172,164,160,163,172,184,200,214,226,233
MA11,2023/05/14,237,236,232,225,220,218,218,221,225,229,231,229,222,211,198,185,175,171,172,178,191,207,222,234
MA11,2023/05/15,242,244,240,231,220,211,206,205,209,217,227,235,238,235,227,214,201,191,185,187,195,209,225,240
MA11,2023/05/16,252,258,255,244,228,211,198,190,190,198,213,229,243,250,250,242,230,215,203,197,199,209,224,241
MA11,2023/05/17,256,264,263,253,235,212,191,177,171,175,189,209,231,247,256,257,249,235,221,209,205,210,221,236
MA11,2023/05/18,252,265,268,261,244,220,194,170,154,152,162,182,206,229,248,257,256,247,233,220,212,212,219,233
MA11,2023/05/19,251,266,275,273,259,236,207,177,153,141,144,162,186,213,239,256,262,260,250,237,227,222,225,236
MA11,2023/05/20,251,267,280,283,274,255,227,195,166,145,139,147,168,196,225,250,265,270,264,254,243,234,231,236
MA11,2023/05/21,248,263,277,284,281,268,243,211,179,152,138,139,152,175,205,233,255,267,270,265,255,245,239,240
MA11,2023/05/22,249,263,278,288,290,282,263,235,203,172,151,141,145,162,187,215,239,256,264,263,255,246,238,235
MA11,2023/05/23,240,252,265,277,284,282,270,249,220,191,165,150,146,155,175,200,226,246,259,265,263,257,251,246
MA11,2023/05/24,246,252,263,275,284,286,279,263,240,213,186,166,154,153,164,184,205,226,241,249,251,247,240,233
MA11,2023/05/25,230,232,239,248,257,264,262,252,235,213,190,169,153,146,150,162,180,199,216,229,236,237,233,228
MA11,2023/05/26,224,223,226,232,240,247,250,247,237,222,204,186,170,158,155,161,173,189,205,219,230,235,236,232
MA11,2023/05/27,228,226,224,226,231,236,241,242,238,229,218,204,190,179,171,169,174,184,198,212,226,235,239,238
MA11,2023/05/28,235,231,226,224,223,225,229,233,234,233,228,221,211,201,191,185,183,188,197,209,223,237,244,246
MA11,2023/05/29,246,241,234,228,223,220,221,224,228,232,235,236,233,227,217,209,203,201,205,213,226,240,252,258
MA11,2023/05/30,260,256,248,236,225,215,211,211,215,222,232,239,243,242,235,226,216,209,207,209,218,232,245,255
MA11,2023/05/31,261,260,251,238,222,206,195,190,191,199,212,226,238,245,244,238,229,218,209,207,212,223,237,250
MA11,2023/06/01,259,262,254,240,221,201,184,172,168,175,190,208,227,242,251,252,245,234,223,216,215,222,235,249
MA11,2023/06/02,261,268,266,254,233,210,187,167,157,158,169,191,217,241,259,267,266,260,250,241,234,234,245,259
MA11,2023/06/03,274,285,286,276,258,232,203,178,158,151,157,174,199,227,251,267,273,269,260,247,237,233,236,247
MA11,2023/06/04,263,277,284,281,266,242,211,180,153,137,134,146,169,198,227,250,265,270,266,257,246,238,237,243
MA11,2023/06/05,256,272,284,287,279,259,231,197,164,140,128,129,144,169,199,228,251,263,266,261,253,244,239,241
MA11,2023/06/06,250,264,278,287,288,276,253,222,186,155,133,125,130,148,173,203,230,251,264,266,263,257,248,245
MA11,2023/06/07,249,260,272,284,289,286,271,245,213,180,152,135,130,137,156,182,209,232,249,258,259,255,248,242
MA11,2023/06/08,241,247,257,269,279,283,276,260,235,205,177,153,138,136,145,163,186,209,230,245,252,252,248,241
MA11,2023/06/09,237,238,243,253,264,274,276,271,257,235,210,188,169,159,159,169,186,207,227,244,254,258,256,251
MA11,2023/06/10,243,238,237,239,247,257,264,265,259,246,229,209,188,173,166,166,175,190,207,225,240,249,250,247
MA11,2023/06/11,240,232,225,221,223,230,238,245,248,245,237,226,211,196,185,179,181,190,204,220,236,248,255,255
MA11,2023/06/12,250,240,228,218,212,212,217,225,234,240,243,242,234,223,213,205,201,203,211,223,238,253,263,266
MA11,2023/06/13,264,255,241,226,212,204,203,207,216,227,237,245,248,245,239,230,222,219,220,226,237,250,261,267
MA11,2023/06/14,269,263,251,232,212,195,184,181,186,198,213,229,241,246,247,242,234,228,224,225,233,245,257,267
MA11,2023/06/15,272,271,261,242,220,197,177,166,165,173,189,209,229,244,252,253,249,242,235,233,236,244,255,266
MA11,2023/06/16,276,279,274,260,238,212,187,167,156,157,169,189,213,235,251,260,261,256,248,241,237,240,249,259
MA11,2023/06/17,271,279,279,269,250,224,194,168,148,141,147,164,189,216,240,256,264,264,257,249,243,241,245,255
MA11,2023/06/18,269,280,286,284,271,249,221,190,164,148,145,157,178,204,231,254,267,272,270,262,254,248,247,253
MA11,2023/06/19,265,278,289,293,287,270,243,212,181,158,146,148,162,186,214,241,261,272,272,266,257,249,244,245
MA11,2023/06/20,254,267,279,287,287,277,257,228,196,168,148,141,147,164,189,217,240,257,263,261,253,244,236,234
MA11,2023/06/21,240,250,262,273,278,276,262,238,210,181,157,143,142,153,174,200,225,245,257,259,255,247,238,233
MA11,2023/06/22,235,242,253,265,274,276,270,253,229,202,176,158,151,155,169,191,215,237,252,259,258,251,241,234
MA11,2023/06/23,232,237,246,256,267,274,274,264,246,223,199,178,165,162,170,186,206,228,245,256,258,254,245,237
MA11,2023/06/24,231,229,232,240,250,259,262,258,246,229,210,191,175,167,167,177,194,213,232,245,252,252,245,236
MA11,2023/06/25,228,223,221,225,233,242,249,251,247,236,222,207,192,181,177,180,190,207,225,240,250,255,251,242
MA11,2023/06/26,233,225,218,216,219,225,232,238,240,237,231,221,209,198,191,190,195,206,220,236,249,257,257,251
MA11,2023/06/27,242,231,220,212,209,210,216,222,228,231,232,230,223,214,206,202,203,208,218,231,245,255,258,256
MA11,2023/06/28,249,238,225,211,202,198,199,205,213,222,230,235,236,233,228,223,220,221,226,234,246,259,267,269
MA11,2023/06/29,264,254,240,224,209,198,193,194,200,211,224,237,246,251,250,246,240,236,235,240,249,261,271,276
MA11,2023/06/30,277,269,255,236,216,198,185,180,182,192,208,226,243,256,263,264,261,255,251,250,255,263,274,283
MA11,2023/07/01,287,284,273,254,230,206,184,168,162,167,182,203,225,246,261,269,271,266,258,252,251,256,265,275
MA11,2023/07/02,284,288,282,267,245,217,189,165,149,146,155,173,199,226,249,9999,273,272,266,258,252,251,256,266
MA11,2023/07/03,278,286,287,280,262,236,205,174,149,136,135,148,171,199,229,253,269,276,275,268,261,255,255,262
MA11,2023/07/04,274,286,296,296,285,265,235,201,169,143,131,135,150,175,207,236,259,273,277,273,266,258,252,254
MA11,2023/07/05,263,277,290,298,296,285,263,230,194,163,142,133,139,158,185,215,243,264,275,276,270,262,254,251
MA11,2023/07/06,255,266,281,295,303,301,286,260,227,193,164,147,143,151,170,196,223,247,263,268,265,257,245,236
MA11,2023/07/07,235,241,253,268,281,287,283,268,243,212,183,160,147,147,158,179,205,230,248,259,261,255,244,232
MA11,2023/07/08,225,224,230,242,257,271,277,272,258,235,209,186,170,164,169,183,204,226,247,261,267,264,255,242
MA11,2023/07/09,230,222,221,227,239,253,265,270,265,253,237,217,200,189,187,194,209,228,246,262,271,272,264,251
MA11,2023/07/10,237,224,214,212,217,228,241,251,255,253,245,234,221,209,204,206,216,230,245,260,271,275,271,260
MA11,2023/07/11,246,230,215,203,200,204,213,225,235,241,243,241,235,229,222,220,224,232,244,258,269,276,276,269
MA11,2023/07/12,258,243,224,208,198,194,198,206,217,229,240,246,247,247,244,242,242,245,251,260,270,279,283,281
MA11,2023/07/13,273,261,243,223,205,192,186,189,197,209,223,236,246,252,254,252,250,250,250,254,262,271,278,280
MA11,2023/07/14,277,269,255,235,214,194,179,172,174,183,199,217,233,247,255,258,258,255,252,252,256,263,271,278
MA11,2023/07/15,282,280,271,255,234,211,189,173,166,170,183,202,224,244,260,269,272,269,264,259,258,261,268,276
MA11,2023/07/16,284,289,285,273,255,231,204,181,164,158,165,182,204,228,249,264,271,271,265,257,251,251,254,262
MA11,2023/07/17,273,282,284,279,265,242,216,187,163,150,148,160,181,207,232,252,264,268,264,256,248,244,244,251
MA11,2023/07/18,263,276,284,285,277,261,236,206,178,157,148,152,169,194,221,245,262,270,269,262,252,244,241,244
MA11,2023/07/19,254,268,282,290,290,280,259,231,201,174,158,155,165,187,214,240,263,276,279,275,265,254,246,243
MA11,2023/07/20,248,262,276,287,294,291,275,251,221,192,170,159,161,176,199,225,248,265,271,268,259,248,237,231
MA11,2023/07/21,234,244,257,271,281,284,276,257,230,201,176,160,156,165,184,209,233,253,264,264,257,245,231,222
MA11,2023/07/22,219,224,236,251,264,273,273,260,240,216,192,174,165,167,181,202,225,247,261,264,260,249,234,221
MA11,2023/07/23,214,214,222,234,249,262,267,263,250,230,210,191,178,175,183,200,220,241,257,264,263,254,240,225
MA11,2023/07/24,215,210,211,219,232,245,255,257,250,238,222,206,193,187,189,200,217,236,252,263,265,259,247,232
MA11,2023/07/25,218,209,205,206,215,227,238,245,246,241,232,221,210,204,202,207,220,235,250,263,268,265,255,240
MA11,2023/07/26,226,213,203,199,202,210,220,230,235,237,236,231,225,219,216,218,225,236,249,260,268,268,262,250
MA11,2023/07/27,235,220,206,196,192,195,201,210,219,227,233,236,237,235,234,233,236,242,250,259,268,271,269,261
MA11,2023/07/28,249,234,217,201,189,184,184,188,197,209,221,231,240,245,247,246,245,246,250,255,263,269,270,268
MA11,2023/07/29,261,247,230,210,191,178,169,167,173,185,201,218,235,248,255,258,256,254,253,255,259,265,271,274
MA11,2023/07/30,272,265,251,231,208,185,168,157,154,161,176,196,220,240,255,264,267,263,259,255,255,260,266,273
MA11,2023/07/31,278,278,270,254,230,204,178,156,143,142,152,172,198,226,250,266,274,275,269,262,257,257,262,271
MA11,2023/08/01,282,289,289,280,261,234,203,173,149,136,137,151,175,205,235,258,272,278,274,265,256,250,251,259
MA11,2023/08/02,273,287,297,297,287,266,236,200,169,145,135,140,157,184,216,246,268,278,278,270,259,248,243,246
MA11,2023/08/03,258,275,293,303,303,292,268,234,198,169,149,142,151,173,202,234,260,276,281,275,262,249,236,232
MA11,2023/08/04,240,255,275,295,306,305,292,266,233,201,175,160,160,174,199,228,256,275,284,281,269,253,235,224
MA11,2023/08/05,223,233,252,273,291,301,299,284,259,230,203,183,176,182,200,225,252,273,286,288,278,261,241,224
MA11,2023/08/06,214,216,228,246,267,284,292,287,273,251,228,208,196,197,209,230,253,274,288,293,287,272,252,231
MA11,2023/08/07,215,207,211,223,241,260,274,279,273,261,245,228,215,212,218,233,252,270,284,291,289,278,259,238
MA11,2023/08/08,219,205,199,203,214,230,246,257,261,258,250,239,230,225,228,237,252,266,279,288,289,282,267,247
MA11,2023/08/09,226,208,196,190,193,202,215,227,236,240,240,236,232,230,229,234,244,254,265,274,278,276,267,252
MA11,2023/08/10,235,216,199,187,181,182,188,198,208,218,225,230,232,234,235,237,243,250,257,266,272,273,270,262
MA11,2023/08/11,249,234,217,201,187,180,178,182,191,202,214,226,235,243,248,251,253,255,258,264,270,274,275,274
MA11,2023/08/12,269,259,246,229,210,195,186,182,185,194,208,223,239,251,260,266,266,263,261,261,263,268,273,276
MA11,2023/08/13,277,275,266,250,230,209,191,179,174,178,190,208,227,245,259,268,269,266,261,257,256,258,263,270
MA11,2023/08/14,278,282,278,267,249,226,203,182,168,166,174,191,213,235,254,268,273,270,263,255,250,248,251,261
MA11,2023/08/15,272,281,286,281,269,249,221,194,174,163,165,177,199,224,249,267,276,275,266,256,247,241,241,249
MA11,2023/08/16,262,276,287,290,285,269,243,213,187,169,164,170,188,213,240,262,276,278,271,260,247,237,233,237
MA11,2023/08/17,249,265,280,289,288,277,256,228,198,176,164,163,177,199,226,251,267,272,268,256,240,227,219,219
MA11,2023/08/18,229,245,263,277,284,280,264,239,211,185,167,161,169,188,214,241,261,271,270,259,242,226,213,209
MA11,2023/08/19,215,229,248,266,279,281,272,252,226,200,179,169,172,186,209,235,257,270,272,264,248,229,213,204
MA11,2023/08/20,204,214,231,250,266,276,275,262,242,218,196,182,180,189,208,232,255,271,276,271,257,237,218,204
MA11,2023/08/21,198,204,217,234,252,266,271,266,251,231,212,197,190,195,208,228,250,267,276,275,263,244,223,205
MA11,2023/08/22,194,193,201,215,232,249,260,262,255,241,225,212,204,204,213,228,247,264,275,277,269,252,231,211
MA11,2023/08/23,196,189,190,198,212,228,241,248,249,243,233,224,216,213,218,230,244,259,271,275,271,259,240,221
MA11,2023/08/24,204,192,186,189,197,210,224,234,241,243,241,235,231,229,232,239,249,261,271,277,276,267,253,235
MA11,2023/08/25,216,201,191,186,187,194,204,216,227,234,239,242,243,244,245,248,255,262,270,276,278,274,265,251
MA11,2023/08/26,235,218,203,191,183,183,187,194,204,216,228,238,246,252,257,259,261,264,267,271,275,276,272,266
MA11,2023/08/27,256,241,224,206,191,181,175,176,183,195,210,227,243,257,265,269,269,268,267,270,273,276,279,280
MA11,2023/08/28,276,267,254,236,216,197,182,174,173,181,197,218,238,258,273,281,281,277,271,265,264,267,272,278
MA11,2023/08/29,283,282,275,259,236,210,186,166,156,156,167,186,211,238,260,274,279,275,266,257,251,250,255,267
MA11,2023/08/30,279,288,291,284,265,238,209,180,158,148,152,166,191,221,249,270,279,277,267,253,240,233,235,246
MA11,2023/08/31,263,282,294,297,289,268,238,205,175,156,150,158,178,206,236,261,276,278,268,251,234,220,214,221
MA11,2023/09/01,238,260,282,297,299,289,266,233,201,174,160,160,173,197,228,256,275,282,275,258,236,216,204,203
MA11,2023/09/02,214,236,262,285,299,300,287,262,231,202,182,175,182,202,229,256,278,288,285,270,247,220,199,190
MA11,2023/09/03,193,208,233,259,281,293,291,276,251,225,203,191,192,206,228,254,277,290,292,282,260,232,206,187
MA11,2023/09/04,182,189,209,234,259,278,286,281,266,247,227,213,210,217,234,257,278,293,298,292,274,249,222,198
MA11,2023/09/05,184,183,193,211,235,258,274,278,272,260,246,234,228,230,242,260,278,292,299,298,285,264,239,216
MA11,2023/09/06,198,188,189,199,215,235,253,263,267,264,256,249,244,245,252,264,278,291,299,301,293,277,257,236
MA11,2023/09/07,214,199,192,192,199,211,225,238,247,251,252,250,247,248,252,259,269,278,285,289,286,277,262,245
MA11,2023/09/08,226,210,198,190,188,193,202,214,225,234,240,244,246,249,253,258,264,270,275,280,282,278,272,261
MA11,2023/09/09,248,234,220,207,198,195,197,204,212,222,233,243,250,257,261,263,264,265,266,269,271,272,270,266
MA11,2023/09/10,259,248,235,219,204,191,185,184,189,199,213,227,241,251,257,260,260,257,254,254,256,259,263,267
MA11,2023/09/11,267,263,254,239,221,204,190,182,181,188,201,219,236,252,262,267,265,259,252,247,246,248,254,261
MA11,2023/09/12,268,271,267,257,240,220,199,183,176,178,189,207,227,247,261,269,268,260,249,241,235,235,240,251
MA11,2023/09/13,263,273,276,271,257,235,212,190,174,170,177,193,216,239,257,269,270,262,248,234,224,220,223,235
MA11,2023/09/14,252,267,278,280,272,255,232,205,185,174,176,189,211,235,258,272,276,270,255,237,223,213,212,222
MA11,2023/09/15,238,257,274,282,282,270,248,221,197,179,175,182,200,225,249,269,279,274,261,243,223,208,202,207
MA11,2023/09/16,223,244,266,281,287,282,266,241,216,195,183,186,201,224,250,273,284,284,271,250,228,207,194,194
MA11,2023/09/17,206,225,249,271,283,286,276,256,232,211,197,193,202,222,247,270,285,287,277,257,233,210,193,187
MA11,2023/09/18,195,212,236,260,277,287,285,271,250,229,212,204,208,223,245,267,284,291,284,268,245,219,197,186
MA11,2023/09/19,187,198,218,241,263,280,286,279,265,248,232,222,222,232,250,270,287,296,294,282,261,234,210,193
MA11,2023/09/20,186,192,208,228,250,269,280,281,274,262,249,239,236,241,254,272,288,297,297,289,272,247,222,203
MA11,2023/09/21,191,189,197,211,230,249,265,272,272,267,259,253,250,252,262,277,292,302,307,303,290,270,246,224
MA11,2023/09/22,207,197,197,204,216,232,247,258,265,266,264,262,261,262,267,276,285,292,297,296,286,271,251,230
MA11,2023/09/23,211,198,191,190,196,206,218,231,241,249,255,259,262,265,269,273,278,282,285,286,282,272,260,244
MA11,2023/09/24,227,211,197,188,185,187,194,203,214,226,238,249,258,264,268,271,272,272,273,274,273,270,265,258
MA11,2023/09/25,246,232,217,201,188,181,178,182,191,203,220,237,251,264,271,273,272,268,265,264,264,267,269,269
MA11,2023/09/26,266,258,244,226,207,189,177,170,172,183,200,220,242,260,272,277,274,265,256,250,250,253,260,270
MA11,2023/09/27,277,279,273,258,236,213,191,175,168,173,188,210,235,258,275,282,280,269,255,242,236,236,244,259
MA11,2023/09/28,275,287,292,286,269,245,218,194,179,175,184,203,229,256,278,290,290,276,257,237,221,215,220,235
MA11,2023/09/29,257,280,295,300,293,273,246,217,193,181,181,194,217,243,268,285,288,278,257,232,210,195,192,203
MA11,2023/09/30,225,253,280,295,299,289,268,239,213,195,189,197,216,240,267,288,295,289,269,242,215,192,181,186
MA11,2023/10/01,205,234,264,288,303,304,292,270,245,223,212,213,226,248,273,295,307,303,287,260,229,200,180,174
MA11,2023/10/02,182,205,235,264,287,297,295,281,261,241,227,223,230,248,270,291,304,304,292,269,238,206,179,163
MA11,2023/10/03,164,178,203,232,258,276,283,278,265,249,236,230,232,244,262,282,296,301,295,277,250,219,192,171
MA11,2023/10/04,161,168,185,208,235,257,270,274,270,260,250,243,242,249,264,281,296,304,303,293,274,249,221,199
MA11,2023/10/05,185,182,190,206,227,248,265,276,277,274,269,264,262,264,272,284,295,302,303,296,283,265,242,221
MA11,2023/10/06,204,194,192,198,209,224,240,252,260,264,263,260,259,260,265,271,278,284,287,284,277,264,248,230
MA11,2023/10/07,213,200,191,189,194,204,216,228,239,247,253,256,257,259,261,265,268,271,273,274,270,264,254,242
MA11,2023/10/08,228,214,202,193,189,189,194,203,214,224,234,242,247,250,252,253,252,251,251,251,251,250,248,243
MA11,2023/10/09,236,228,216,203,193,187,185,188,196,208,222,235,246,252,255,256,251,246,243,241,242,246,249,252
MA11,2023/10/10,253,250,241,229,215,202,193,191,196,206,221,238,253,264,270,270,263,253,243,237,237,239,246,254
MA11,2023/10/11,261,265,262,249,234,216,199,189,187,192,206,225,243,257,265,266,258,244,229,218,213,214,222,234
MA11,2023/10/12,247,257,261,256,242,224,204,188,180,182,194,213,233,252,265,268,261,245,226,210,199,197,204,218
MA11,2023/10/13,237,255,265,267,259,243,221,201,187,183,191,208,230,251,268,276,270,254,233,212,196,190,194,208
MA11,2023/10/14,229,252,270,279,277,265,246,225,206,197,199,212,233,255,274,285,282,267,245,219,197,185,184,195
MA11,2023/10/15,215,241,265,281,287,282,267,246,225,212,209,218,236,259,281,296,297,286,264,237,211,192,183,188
MA11,2023/10/16,204,229,255,277,290,291,280,262,242,226,218,221,234,253,275,291,295,287,265,237,208,183,168,166
MA11,2023/10/17,178,201,228,253,273,282,280,269,253,237,227,225,232,247,267,284,292,286,269,243,212,184,163,154
MA11,2023/10/18,160,177,202,229,253,269,274,270,258,244,232,227,230,242,259,276,287,286,275,253,225,196,172,157
MA11,2023/10/19,155,166,186,209,235,256,267,270,266,257,247,242,241,249,263,278,289,293,287,271,247,220,193,174
MA11,2023/10/20,165,166,178,197,219,242,259,269,272,269,265,262,262,266,277,289,300,306,303,292,273,249,224,202
MA11,2023/10/21,186,178,180,189,204,222,239,253,262,265,266,265,265,266,271,276,282,286,287,282,271,253,232,211
MA11,2023/10/22,194,180,173,174,182,193,208,223,235,243,250,253,255,258,260,264,266,269,270,270,265,256,243,228
MA11,2023/10/23,213,198,186,178,176,178,186,198,211,224,236,245,251,255,258,257,255,253,253,254,254,254,249,242
MA11,2023/10/24,233,220,205,191,181,175,175,181,193,207,223,238,249,257,260,257,250,245,240,238,242,247,252,254
MA11,2023/10/25,253,247,235,220,204,190,182,183,189,203,221,239,255,267,270,266,255,242,230,223,225,233,244,257
MA11,2023/10/26,266,270,265,252,235,216,199,191,190,198,216,236,255,270,277,274,261,242,222,208,204,209,222,241
MA11,2023/10/27,260,275,282,277,262,241,221,205,198,200,213,233,254,272,283,283,270,249,223,199,186,185,195,216
MA11,2023/10/28,242,265,282,288,281,266,246,226,212,208,216,233,254,275,290,293,283,260,230,200,178,168,171,188
MA11,2023/10/29,216,246,272,287,291,283,266,247,231,221,223,235,253,274,292,298,292,273,243,208,178,159,153,162
MA11,2023/10/30,186,217,248,273,287,287,278,262,245,232,228,233,247,266,284,295,293,278,251,217,183,155,140,140
MA11,2023/10/31,155,182,213,242,263,273,272,263,248,235,229,230,239,256,274,288,292,284,263,233,200,169,147,138
MA11,2023/11/01,143,163,190,219,246,263,269,267,257,245,238,236,241,255,272,286,294,291,277,254,224,193,167,150
MA11,2023/11/02,146,155,173,199,226,247,261,266,261,253,247,242,243,252,265,277,286,289,281,264,240,212,185,164
MA11,2023/11/03,153,153,164,182,205,226,243,253,255,253,249,246,244,249,258,269,279,284,281,270,254,232,208,186
MA11,2023/11/04,171,164,166,175,190,207,225,238,245,247,246,242,240,241,246,253,260,266,266,261,252,238,220,202
MA11,2023/11/05,186,174,169,171,179,191,205,219,230,236,240,239,238,239,241,243,247,251,252,252,249,242,231,219
MA11,2023/11/06,208,198,188,184,184,190,201,214,227,237,245,250,251,250,248,246,245,244,244,246,247,246,242,236
MA11,2023/11/07,229,221,211,202,197,197,204,211,220,232,243,250,255,255,253,248,239,232,230,227,229,234,236,237
MA11,2023/11/08,237,231,222,211,200,192,189,193,203,215,229,241,248,251,249,241,229,218,209,205,208,215,223,231
MA11,2023/11/09,237,240,235,226,214,202,194,192,198,210,226,242,253,259,258,250,236,219,205,196,195,201,212,226
MA11,2023/11/10,240,250,252,246,235,221,209,202,203,212,227,244,261,272,274,265,250,230,211,196,189,192,205,223
MA11,2023/11/11,240,254,263,263,253,239,223,212,207,208,220,237,254,268,273,267,251,229,204,183,171,169,178,196
MA11,2023/11/12,219,243,260,269,266,256,241,227,217,216,223,239,258,274,284,283,268,244,217,192,173,165,169,185
MA11,2023/11/13,210,237,261,277,283,279,266,251,239,231,233,244,259,275,287,289,279,258,229,198,172,156,153,163
MA11,2023/11/14,184,212,240,262,275,276,269,256,241,230,227,233,245,262,277,283,277,258,230,198,168,145,133,135
MA11,2023/11/15,153,179,209,236,257,267,267,260,247,235,229,231,240,255,271,282,282,270,247,216,183,154,136,130
MA11,2023/11/16,139,159,186,215,239,256,263,262,254,245,237,235,239,251,268,281,284,278,262,235,205,174,150,136
MA11,2023/11/17,137,149,172,200,227,249,264,270,269,263,258,255,256,264,278,294,305,303,292,273,245,214,187,166
MA11,2023/11/18,156,158,170,190,215,238,256,267,272,271,266,263,262,265,274,284,293,298,293,281,261,235,209,187
MA11,2023/11/19,171,164,167,178,194,213,231,246,254,256,256,253,250,250,254,261,268,275,276,272,262,245,224,204
MA11,2023/11/20,186,174,170,173,184,199,215,229,243,255,9999,9999,255,249,247,246,247,251,255,256,253,246,234,218
MA11,2023/11/21,202,188,177,171,172,179,191,206,221,233,242,246,247,245,240,236,233,231,233,237,241,244,242,236
MA11,2023/11/22,226,215,202,191,185,184,190,201,216,230,243,251,254,252,246,235,225,217,213,215,221,230,238,243
MA11,2023/11/23,243,238,228,216,205,198,198,204,215,230,245,258,265,265,258,245,228,213,202,199,204,216,231,245
MA11,2023/11/24,256,261,259,249,236,225,218,217,224,236,250,263,274,277,272,256,233,210,189,176,174,182,198,218
MA11,2023/11/25,237,252,258,254,244,232,220,212,213,220,233,249,262,270,268,254,232,204,176,156,146,148,164,187
MA11,2023/11/26,212,236,252,257,254,245,232,223,218,220,231,246,262,275,278,271,252,223,191,163,143,137,146,166
MA11,2023/11/27,194,224,248,263,268,264,254,243,235,233,238,250,266,281,291,289,275,250,217,184,157,142,140,153
MA11,2023/11/28,178,208,238,262,276,280,275,266,256,250,251,258,271,287,299,301,292,272,241,204,171,146,134,136
MA11,2023/11/29,153,180,211,238,258,269,269,263,254,245,241,245,256,270,284,293,292,279,255,223,190,161,142,135
MA11,2023/11/30,144,165,193,223,249,266,273,271,264,254,247,245,251,262,277,288,292,286,269,243,212,181,156,143
MA11,2023/12/01,141,154,177,202,228,249,261,264,260,252,246,241,243,252,264,277,286,285,276,257,232,204,178,158
MA11,2023/12/02,150,153,167,188,212,233,249,256,257,252,245,239,237,240,249,260,269,274,271,258,240,217,192,172
MA11,2023/12/03,158,155,162,176,196,219,237,249,255,253,248,243,239,239,244,252,260,266,267,262,249,232,212,194
MA11,2023/12/04,179,170,170,177,191,209,227,243,251,254,251,247,242,238,238,241,246,250,254,253,248,238,224,208
MA11,2023/12/05,194,184,179,180,188,199,213,229,242,248,249,246,242,236,233,232,232,236,240,243,244,242,237,228
MA11,2023/12/06,219,210,203,199,199,207,220,234,247,256,261,261,257,251,245,238,232,230,232,234,238,244,245,244
MA11,2023/12/07,241,235,227,221,217,218,225,236,250,262,271,275,274,268,259,244,232,223,216,215,220,226,232,239
MA11,2023/12/08,240,240,236,227,220,217,217,224,234,244,253,260,260,255,245,232,215,200,190,186,189,197,210,223
MA11,2023/12/09,233,240,241,237,229,223,219,220,226,237,251,261,265,265,258,243,224,203,186,177,175,182,197,214
MA11,2023/12/10,231,246,253,253,247,238,230,227,227,235,247,259,267,270,264,250,229,204,181,163,155,157,170,189
MA11,2023/12/11,212,233,249,255,253,246,236,228,225,227,236,249,261,268,268,258,239,213,185,161,145,140,150,170
MA11,2023/12/12,196,225,249,264,271,272,265,257,251,248,253,265,277,286,290,285,269,242,210,179,154,140,139,151
MA11,2023/12/13,173,201,228,250,263,267,262,253,243,236,236,244,255,267,277,277,264,242,212,177,146,125,116,121
MA11,2023/12/14,138,165,195,223,243,254,257,251,242,234,230,233,243,255,269,277,273,258,231,197,164,136,117,113
MA11,2023/12/15,123,145,174,204,231,251,261,262,257,249,243,243,249,261,276,291,297,291,273,247,214,182,157,141
MA11,2023/12/16,141,153,175,203,230,254,270,275,274,269,261,255,256,263,277,291,300,300,290,270,242,210,180,157
MA11,2023/12/17,145,148,162,183,207,230,249,260,263,260,253,245,240,243,250,261,273,279,276,265,244,218,190,164
MA11,2023/12/18,146,140,146,160,179,201,222,237,244,245,241,233,225,221,223,230,240,250,255,254,244,228,208,185
MA11,2023/12/19,166,155,152,158,173,192,212,229,241,245,243,237,228,221,217,218,224,233,242,248,249,244,232,218
MA11,2023/12/20,205,192,187,188,195,209,225,241,254,263,264,259,250,239,229,222,219,221,228,236,243,247,246,241
MA11,2023/12/21,232,222,213,208,209,216,227,242,255,266,271,268,260,248,235,221,209,203,203,208,217,228,236,239
MA11,2023/12/22,238,234,228,222,218,219,225,235,247,258,266,268,263,253,238,221,203,188,180,180,188,200,214,226
MA11,2023/12/23,235,240,240,236,231,228,229,234,243,253,262,267,266,258,244,226,202,180,163,155,157,167,183,202
MA11,2023/12/24,219,233,241,242,238,234,230,230,234,242,252,261,266,265,257,242,219,192,168,152,145,150,165,184
MA11,2023/12/25,207,230,247,255,255,250,245,241,240,246,255,264,273,278,275,264,243,213,182,157,140,136,144,162
MA11,2023/12/26,187,214,237,252,257,256,252,246,241,242,247,256,268,277,281,278,262,236,204,172,146,133,131,142
MA11,2023/12/27,163,191,218,239,252,256,254,246,239,236,237,243,253,266,276,277,267,246,216,182,153,131,121,125
MA11,2023/12/28,141,168,198,224,243,254,256,250,242,236,233,235,245,259,272,281,280,266,242,212,180,152,135,131
MA11,2023/12/29,140,163,191,218,242,257,261,257,249,239,233,231,236,248,263,275,280,273,255,229,198,168,145,133
MA11,2023/12/30,133,148,172,198,224,243,253,253,246,237,229,224,225,235,249,265,276,276,266,247,221,193,168,151
MA11,2023/12/31,145,154,172,197,222,245,261,265,260,252,244,237,235,242,254,268,281,286,282,271,251,226,202,181
