MA11,2015/01/01,296,301,301,298,294,292,293,297,305,315,323,327,327,321,309,291,268,246,230,221,222,232,246,262
MA11,2015/01/02,279,291,297,297,293,288,284,283,287,295,305,314,320,321,316,303,279,253,230,212,206,209,221,241
MA11,2015/01/03,264,284,298,304,302,296,289,282,280,285,294,303,313,319,320,312,293,267,238,213,197,193,200,217
MA11,2015/01/04,241,266,286,299,305,302,293,284,279,278,284,295,308,321,328,327,314,291,260,231,207,194,193,205
MA11,2015/01/05,227,255,280,298,307,308,300,287,276,270,270,278,291,307,320,325,319,300,272,241,212,190,181,187
MA11,2015/01/06,207,235,264,289,306,314,311,302,291,283,279,282,294,312,332,346,348,336,308,276,248,220,202,200
MA11,2015/01/07,210,233,261,286,308,321,320,311,298,285,276,273,278,293,310,323,330,325,309,285,256,228,208,198
MA11,2015/01/08,202,220,245,273,297,313,319,313,301,286,272,263,264,274,291,309,320,322,315,296,271,243,219,204
MA11,2015/01/09,202,213,234,260,285,305,314,312,304,290,274,262,260,265,279,296,309,316,315,304,284,260,235,217
MA11,2015/01/10,209,213,229,251,274,296,310,313,308,296,279,265,258,257,265,280,293,302,305,299,287,267,245,227
MA11,2015/01/11,217,215,223,239,259,281,297,304,304,296,280,265,253,249,253,263,274,286,293,294,289,276,259,242
MA11,2015/01/12,230,225,229,238,255,275,291,300,304,298,286,270,255,246,243,246,254,263,269,275,276,270,260,247
MA11,2015/01/13,237,232,230,234,245,260,276,288,294,294,286,272,258,245,237,235,236,239,247,254,258,259,255,249
MA11,2015/01/14,243,238,235,236,242,253,266,277,286,290,287,278,266,252,240,231,228,228,230,235,245,252,255,257
MA11,2015/01/15,257,255,253,251,253,258,267,279,289,295,298,295,285,273,260,249,240,233,230,233,241,252,262,270
MA11,2015/01/16,276,280,280,276,273,274,277,283,291,300,305,304,300,291,277,260,245,230,218,215,219,229,242,258
MA11,2015/01/17,273,285,291,292,292,290,288,289,293,300,307,313,314,309,299,282,262,240,219,204,201,206,219,237
MA11,2015/01/18,258,278,291,295,293,289,283,279,279,283,292,301,308,312,309,297,276,251,224,202,191,191,200,219
MA11,2015/01/19,244,270,291,303,307,305,297,287,282,283,289,300,314,324,328,320,303,277,244,215,194,184,186,200
MA11,2015/01/20,225,254,280,300,309,308,298,284,272,266,268,275,289,305,316,318,308,285,253,218,189,168,160,167
MA11,2015/01/21,189,218,247,272,288,295,291,277,261,250,245,249,263,282,302,315,315,301,276,242,208,181,165,163
MA11,2015/01/22,176,202,233,264,287,302,303,293,278,263,252,250,259,278,301,322,333,332,316,289,257,227,204,193
MA11,2015/01/23,197,216,244,274,300,319,326,320,305,287,270,257,256,266,285,307,324,330,323,303,275,243,214,196
MA11,2015/01/24,191,200,220,246,272,295,307,306,295,276,255,238,229,232,247,268,288,303,307,299,282,257,231,210
MA11,2015/01/25,199,201,215,234,258,281,297,301,295,280,261,241,225,219,224,238,258,276,286,288,281,265,245,226
MA11,2015/01/26,212,209,217,232,251,273,290,300,299,290,274,255,237,225,223,230,242,257,272,281,283,278,266,252
MA11,2015/01/27,242,237,239,247,262,280,298,310,315,311,300,284,266,249,237,232,235,244,255,266,274,277,273,267
MA11,2015/01/28,261,255,253,256,263,276,290,302,309,309,303,292,275,258,242,230,224,224,228,236,247,255,260,262
MA11,2015/01/29,261,260,258,258,261,267,275,285,293,298,298,292,282,268,253,236,222,213,208,211,220,231,242,252
MA11,2015/01/30,259,263,265,265,265,266,270,276,283,291,297,298,294,286,274,259,241,224,213,209,213,224,240,255
MA11,2015/01/31,270,282,287,289,287,285,283,284,287,293,301,308,310,308,301,287,266,244,224,210,205,209,220,237
MA11,2015/02/01,256,271,281,285,283,278,273,269,268,270,279,289,296,301,300,291,273,249,223,203,191,189,198,215
MA11,2015/02/02,236,258,276,285,287,283,273,264,259,258,265,276,287,298,304,302,289,267,239,213,192,183,184,198
MA11,2015/02/03,220,246,268,283,289,286,278,265,254,249,251,260,273,289,303,308,301,284,258,228,203,186,181,189
MA11,2015/02/04,208,234,261,281,292,294,286,272,258,246,243,249,262,280,297,307,309,298,275,247,218,194,183,185
MA11,2015/02/05,199,224,251,276,293,298,293,281,264,249,242,243,252,269,289,306,314,310,294,269,240,214,196,191
MA11,2015/02/06,199,221,248,273,293,303,301,290,273,254,241,236,240,254,274,292,305,307,296,276,250,224,202,191
MA11,2015/02/07,193,208,232,258,280,295,298,291,274,254,238,228,227,237,255,276,292,301,298,285,264,240,218,205
MA11,2015/02/08,202,212,233,257,280,298,307,303,290,272,254,242,236,240,255,275,294,308,311,305,290,271,250,234
MA11,2015/02/09,225,225,237,256,277,296,307,307,297,280,262,246,235,234,243,257,272,287,295,295,288,273,255,239
MA11,2015/02/10,231,232,240,254,274,292,305,310,304,290,274,257,241,232,232,240,253,266,277,282,281,273,261,248
MA11,2015/02/11,239,235,238,248,262,279,294,301,300,291,276,259,243,232,227,230,238,249,260,269,273,272,267,260
MA11,2015/02/12,253,250,251,256,266,281,295,305,308,303,293,280,265,250,242,238,239,244,251,259,268,273,274,274
MA11,2015/02/13,271,270,270,270,275,283,292,302,307,306,301,292,277,261,248,239,232,230,232,238,247,256,263,269
MA11,2015/02/14,274,276,275,274,274,277,282,288,293,297,297,293,284,271,257,244,230,220,216,216,223,234,247,259
MA11,2015/02/15,271,281,284,283,281,279,278,280,285,292,297,300,298,290,279,264,245,227,213,206,207,214,227,245
MA11,2015/02/16,263,279,289,292,290,285,279,276,276,281,290,300,305,305,299,285,265,242,220,203,195,197,209,229
MA11,2015/02/17,252,274,292,300,300,294,282,272,267,268,275,288,300,309,313,306,289,264,235,210,193,186,192,209
MA11,2015/02/18,234,261,285,301,306,301,289,275,263,257,260,273,288,305,319,322,312,291,260,229,204,188,185,197
MA11,2015/02/19,219,249,278,300,312,312,301,284,265,251,247,255,272,294,315,328,328,315,290,257,226,202,189,191
MA11,2015/02/20,207,232,262,288,305,310,303,285,262,240,228,228,239,260,286,307,318,315,299,271,239,210,190,184
MA11,2015/02/21,192,213,241,268,290,301,298,284,260,235,215,205,208,224,249,276,296,305,299,281,254,227,204,191
MA11,2015/02/22,193,208,231,257,282,299,302,292,272,246,223,206,200,208,228,253,279,297,302,294,278,257,235,221
MA11,2015/02/23,217,224,242,265,288,307,315,310,295,273,247,226,211,208,220,239,261,281,294,295,288,273,254,239
MA11,2015/02/24,231,233,244,261,281,299,310,312,303,285,263,240,220,211,212,223,240,257,272,281,281,273,262,250
MA11,2015/02/25,242,241,245,256,272,287,300,307,303,290,274,253,232,216,208,210,218,231,244,255,262,263,258,252
MA11,2015/02/26,247,245,246,252,263,276,288,296,297,291,280,266,248,232,221,215,215,221,231,243,254,263,268,270
MA11,2015/02/27,270,270,270,271,276,282,290,298,303,303,298,289,275,259,244,231,220,216,218,223,231,243,251,256
MA11,2015/02/28,260,263,262,261,261,263,267,272,276,279,281,279,272,261,248,234,219,208,202,200,205,215,228,241
MA11,2015/03/01,252,260,263,264,263,260,259,262,266,270,277,283,285,283,278,266,250,234,221,213,215,226,241,258
MA11,2015/03/02,275,286,294,296,290,284,277,270,269,271,276,285,292,293,293,284,266,245,225,208,201,202,211,229
MA11,2015/03/03,249,267,278,281,279,272,261,252,245,244,251,263,274,285,291,290,278,259,236,215,200,196,204,221
MA11,2015/03/04,244,268,286,297,299,294,283,270,260,256,261,273,287,302,314,318,309,291,267,241,220,207,206,217
MA11,2015/03/05,236,261,282,296,301,296,282,265,248,236,235,243,258,278,295,305,304,292,270,243,218,200,194,199
MA11,2015/03/06,217,241,264,282,291,288,275,256,236,220,214,218,231,251,273,290,297,292,275,251,226,204,192,192
MA11,2015/03/07,206,229,254,276,291,293,283,265,243,223,212,211,220,238,261,282,296,298,288,268,244,222,205,199
MA11,2015/03/08,208,226,250,274,290,296,290,274,251,228,211,204,209,222,244,268,285,293,290,276,256,234,216,206
MA11,2015/03/09,209,223,244,267,286,298,297,284,265,241,221,210,207,215,235,258,280,296,301,295,281,264,248,239
MA11,2015/03/10,241,251,267,288,308,321,324,315,297,275,250,232,225,227,238,258,279,295,303,302,292,277,260,246
MA11,2015/03/11,240,244,255,271,289,303,309,305,291,269,246,227,215,212,218,232,250,268,280,285,282,272,260,250
MA11,2015/03/12,244,244,250,262,277,292,301,302,293,276,257,238,222,212,212,220,233,246,260,269,274,272,266,259
MA11,2015/03/13,253,251,253,258,270,283,293,297,294,282,266,249,231,217,211,212,218,228,240,251,259,263,264,263
MA11,2015/03/14,261,259,258,259,265,275,284,289,289,283,273,260,244,228,216,210,209,211,217,226,236,245,252,256
MA11,2015/03/15,258,260,258,257,258,262,267,271,273,275,272,264,254,240,226,216,208,202,203,208,216,228,241,252
MA11,2015/03/16,261,267,268,266,263,260,260,261,265,269,272,273,270,261,249,235,219,205,197,194,198,209,225,242
MA11,2015/03/17,258,271,277,276,270,263,257,252,253,258,268,277,283,284,277,264,247,227,209,198,195,201,215,235
MA11,2015/03/18,257,276,287,289,283,272,259,247,242,244,252,266,280,288,290,284,268,245,221,200,188,188,198,217
MA11,2015/03/19,242,267,286,294,293,283,267,249,236,232,240,257,278,295,308,311,303,283,257,230,209,198,200,215
MA11,2015/03/20,238,265,288,302,304,294,274,250,229,215,214,226,247,272,295,309,311,298,275,248,222,204,199,206
MA11,2015/03/21,225,251,278,297,306,301,283,257,231,209,200,205,222,248,277,302,315,312,296,272,246,224,211,211
MA11,2015/03/22,225,248,274,297,311,312,299,277,247,220,201,196,205,227,256,286,307,315,310,295,273,250,233,226
MA11,2015/03/23,233,251,274,297,314,321,315,295,266,235,210,194,194,206,229,257,282,298,303,297,282,263,246,235
MA11,2015/03/24,235,245,264,285,304,314,312,299,276,249,222,200,189,191,207,231,255,274,286,287,280,266,251,239
MA11,2015/03/25,236,240,252,269,287,301,306,299,282,259,233,209,193,186,192,207,227,247,264,273,272,265,255,245
MA11,2015/03/26,239,239,246,259,274,287,295,294,284,267,247,225,206,193,190,197,212,228,244,257,263,263,259,253
MA11,2015/03/27,249,247,250,257,268,280,289,292,287,278,264,247,230,215,206,205,211,220,232,245,256,261,263,263
MA11,2015/03/28,261,259,258,259,264,271,278,283,284,281,274,264,250,236,224,216,213,215,221,232,243,253,260,264
MA11,2015/03/29,266,267,266,264,264,266,269,274,276,278,278,275,268,258,247,235,227,221,221,228,236,247,258,267
MA11,2015/03/30,275,278,277,273,268,263,262,262,263,267,272,274,273,269,260,248,234,221,213,211,216,225,237,252
MA11,2015/03/31,264,271,274,271,263,256,249,243,244,249,258,268,274,277,275,267,253,237,222,215,214,220,233,250
MA11,2015/04/01,267,280,286,285,277,266,253,243,238,240,249,262,275,284,289,286,274,256,237,221,213,215,225,242
MA11,2015/04/02,261,278,287,288,281,266,250,234,222,219,226,240,257,274,284,287,279,263,243,224,211,206,213,228
MA11,2015/04/03,250,271,286,293,291,279,261,242,226,220,223,235,255,277,295,305,304,292,273,249,231,219,217,227
MA11,2015/04/04,246,265,283,294,292,280,261,239,217,203,199,207,224,246,267,284,289,283,267,247,226,211,205,213
MA11,2015/04/05,231,253,274,290,295,288,271,247,222,203,194,198,213,236,262,284,298,299,289,272,252,234,223,224
MA11,2015/04/06,236,256,277,295,304,300,286,262,235,211,196,193,203,222,246,271,291,297,293,280,261,242,228,224
MA11,2015/04/07,231,247,267,286,298,300,289,267,240,214,193,183,187,201,224,250,272,286,288,280,266,247,232,225
MA11,2015/04/08,226,237,255,273,288,295,289,272,248,221,199,184,181,189,207,231,254,272,282,282,274,260,245,236
MA11,2015/04/09,233,238,251,267,283,293,292,279,258,233,209,190,180,181,192,211,232,252,266,273,272,263,251,242
MA11,2015/04/10,238,239,248,260,274,286,290,284,270,250,227,206,191,184,188,200,218,236,253,264,269,267,262,255
MA11,2015/04/11,250,248,251,259,270,282,289,289,280,265,247,226,209,198,194,198,208,221,236,250,260,264,263,259
MA11,2015/04/12,255,252,251,252,256,263,271,274,271,264,252,236,220,206,195,191,195,201,212,226,240,249,255,258
MA11,2015/04/13,259,257,254,250,249,253,258,263,265,265,262,253,241,229,216,207,203,202,207,217,231,245,258,268
MA11,2015/04/14,274,277,275,270,264,261,260,263,268,273,278,278,274,266,253,239,228,221,216,218,228,241,258,274
MA11,2015/04/15,287,293,293,288,279,268,260,256,258,266,277,285,290,291,285,273,258,242,229,225,225,234,250,268
MA11,2015/04/16,285,297,298,293,280,262,247,235,230,236,249,265,280,290,291,284,270,250,232,219,214,218,230,249
MA11,2015/04/17,270,288,297,296,285,267,245,226,214,215,227,246,267,286,297,299,292,275,254,235,222,218,226,242
MA11,2015/04/18,263,285,299,302,295,276,251,226,205,195,200,217,241,269,291,304,305,293,274,254,236,226,227,238
MA11,2015/04/19,257,279,298,308,306,291,266,235,206,187,181,191,212,240,269,292,304,303,290,272,253,238,233,239
MA11,2015/04/20,253,275,296,311,316,309,289,259,226,199,185,184,198,224,254,283,305,314,311,299,282,265,254,253
MA11,2015/04/21,262,279,299,316,325,323,307,280,246,214,190,179,182,198,223,252,278,294,296,290,277,260,246,240
MA11,2015/04/22,244,256,273,291,303,307,300,280,252,221,194,176,170,178,198,224,251,272,284,286,279,267,254,244
MA11,2015/04/23,243,250,264,280,293,302,301,288,265,238,211,189,176,175,186,205,228,250,266,275,275,267,256,248
MA11,2015/04/24,244,246,255,267,280,292,296,291,277,257,235,214,198,190,193,206,223,242,259,272,278,276,269,262
MA11,2015/04/25,256,253,255,262,271,281,288,287,280,268,252,234,217,204,198,202,212,225,240,255,265,269,267,263
MA11,2015/04/26,259,254,253,254,258,265,273,276,274,270,260,247,233,220,211,208,211,218,230,243,256,265,268,269
MA11,2015/04/27,267,263,258,254,253,256,261,265,267,268,266,261,252,242,231,222,218,219,224,234,246,258,266,271
MA11,2015/04/28,273,270,265,258,251,247,248,249,252,257,262,263,261,255,246,236,227,221,219,225,235,247,259,270
MA11,2015/04/29,275,276,272,263,252,243,238,236,238,245,254,262,267,268,264,255,245,233,225,224,230,241,255,268
MA11,2015/04/30,279,284,283,274,261,246,235,227,224,228,239,251,263,272,274,269,259,246,233,227,227,234,248,264
MA11,2015/05/01,279,288,290,283,270,253,237,224,215,216,226,241,259,275,283,284,278,264,248,236,230,231,240,257
MA11,2015/05/02,274,288,295,292,280,261,240,220,206,202,209,225,245,267,283,289,287,277,261,245,233,229,235,249
MA11,2015/05/03,268,286,297,299,290,271,248,223,203,194,196,208,230,255,276,291,296,290,276,260,246,237,237,247
MA11,2015/05/04,265,284,300,307,302,287,263,236,211,196,193,201,221,247,273,295,307,308,299,284,269,256,251,256
MA11,2015/05/05,269,286,303,312,311,300,278,249,220,198,186,188,202,224,251,277,294,302,298,285,271,256,246,246
MA11,2015/05/06,255,271,289,303,309,304,286,260,230,203,186,179,186,205,230,256,280,294,297,293,281,266,255,249
MA11,2015/05/07,253,266,283,298,308,308,297,274,245,217,194,180,179,191,212,238,263,282,293,294,288,275,262,254
MA11,2015/05/08,253,260,273,287,300,307,301,284,260,232,206,188,180,184,198,219,244,264,279,287,287,279,269,259
MA11,2015/05/09,254,256,264,276,289,298,299,290,272,248,225,204,190,187,193,208,228,249,268,282,288,287,280,271
MA11,2015/05/10,266,264,267,275,285,296,301,297,286,269,248,226,208,198,196,202,214,230,248,263,274,278,276,270
MA11,2015/05/11,263,258,255,255,261,269,276,279,276,268,255,239,223,209,201,200,206,217,231,248,263,273,277,277
MA11,2015/05/12,273,267,260,256,255,258,265,272,275,275,272,264,253,240,229,222,221,225,234,247,262,276,287,293
MA11,2015/05/13,295,293,286,274,265,261,260,264,270,276,281,281,277,269,258,246,237,233,234,242,255,270,283,293
MA11,2015/05/14,298,295,286,273,258,246,239,238,243,253,264,276,282,281,275,265,252,241,235,235,243,256,270,284
MA11,2015/05/15,295,299,294,280,262,243,228,219,220,229,245,264,280,290,292,286,275,261,249,244,246,255,269,287
MA11,2015/05/16,303,312,313,302,283,260,237,218,209,213,228,250,274,292,304,307,299,286,270,258,253,256,266,281
MA11,2015/05/17,298,312,318,312,296,271,242,215,197,191,199,218,244,270,291,302,303,295,281,266,254,250,254,267
MA11,2015/05/18,284,301,313,313,303,281,253,221,194,179,178,191,216,245,273,295,305,304,294,280,267,259,257,265
MA11,2015/05/19,281,300,316,325,323,308,283,252,221,197,185,189,206,232,263,290,308,316,311,299,285,272,265,268
MA11,2015/05/20,278,295,313,325,328,321,301,272,239,210,191,185,194,216,244,273,298,313,315,308,297,284,274,269
MA11,2015/05/21,275,289,306,321,328,326,314,290,259,228,202,188,187,199,220,247,273,293,302,301,293,282,269,260
MA11,2015/05/22,259,268,281,296,309,314,309,294,269,241,216,196,188,192,207,229,254,276,291,297,294,286,275,266
MA11,2015/05/23,262,264,272,284,297,305,307,298,280,258,234,214,200,196,203,218,238,259,277,288,291,289,280,271
MA11,2015/05/24,264,262,265,273,284,294,299,298,289,273,254,236,221,212,211,220,235,253,270,284,292,292,287,279
MA11,2015/05/25,271,265,262,264,270,278,284,287,283,275,264,250,234,222,216,216,225,238,254,269,281,287,287,281
MA11,2015/05/26,274,267,261,258,259,263,269,275,277,275,271,264,254,243,234,230,232,239,251,264,278,287,291,290
MA11,2015/05/27,285,277,267,259,254,253,255,259,264,268,269,268,264,256,248,241,236,236,242,252,265,278,285,288
MA11,2015/05/28,286,280,271,259,248,241,238,240,244,251,259,266,269,268,262,254,247,242,241,247,258,271,283,290
MA11,2015/05/29,292,290,281,267,253,239,230,227,229,237,249,261,270,277,276,271,263,254,249,249,255,267,281,292
MA11,2015/05/30,300,302,296,285,268,251,237,227,225,231,244,261,278,290,297,297,290,280,271,264,265,272,284,297
MA11,2015/05/31,308,314,313,302,285,263,242,225,216,217,228,245,265,282,295,299,295,286,273,262,256,258,267,281
MA11,2015/06/01,296,307,310,303,286,262,237,214,198,192,199,216,239,262,282,294,297,291,279,266,257,254,260,273
MA11,2015/06/02,289,305,313,311,300,279,251,224,201,187,188,201,223,250,276,295,305,304,297,283,270,263,262,270
MA11,2015/06/03,286,303,316,322,316,299,274,244,217,198,191,197,216,241,270,296,314,321,317,306,291,279,274,275
MA11,2015/06/04,285,302,318,328,329,318,295,266,234,207,192,187,197,219,246,272,295,307,309,303,290,277,267,262
MA11,2015/06/05,269,282,298,313,320,316,300,274,243,214,191,180,183,197,221,249,276,295,305,305,298,287,275,268
MA11,2015/06/06,269,278,291,307,320,322,315,297,270,241,215,196,188,193,210,234,260,283,297,302,299,289,276,264
MA11,2015/06/07,258,261,270,284,297,306,305,295,275,250,223,202,189,186,195,212,235,258,278,290,293,289,279,268
MA11,2015/06/08,259,255,258,267,280,291,298,296,285,267,246,223,207,199,200,210,227,248,269,284,293,296,290,280
MA11,2015/06/09,270,261,257,260,268,279,291,297,295,288,275,258,243,232,226,228,238,253,271,289,301,307,305,297
MA11,2015/06/10,286,275,264,258,258,263,273,282,286,286,281,273,261,247,237,232,234,243,256,270,285,296,299,297
MA11,2015/06/11,290,278,264,251,242,240,245,254,263,272,276,277,273,265,256,247,243,245,251,262,277,291,299,303
MA11,2015/06/12,300,291,276,259,243,233,231,234,243,255,268,280,284,284,279,271,263,258,258,264,274,287,300,307
MA11,2015/06/13,309,305,291,272,251,231,218,214,216,228,244,261,276,284,286,282,274,266,260,258,264,275,288,299
MA11,2015/06/14,308,310,302,285,262,237,215,200,196,203,217,238,261,279,290,293,289,280,271,265,264,270,280,293
MA11,2015/06/15,307,314,313,303,283,256,228,205,190,187,198,219,244,269,289,299,300,293,283,273,267,268,275,288
MA11,2015/06/16,303,316,321,318,304,280,250,219,196,183,185,199,223,251,277,296,305,304,296,284,274,269,270,279
MA11,2015/06/17,295,311,322,325,318,299,271,239,209,187,179,185,203,230,259,284,300,306,301,289,277,268,263,266
MA11,2015/06/18,279,295,309,319,319,307,285,255,223,194,177,175,186,208,236,263,286,298,299,291,279,267,258,255
MA11,2015/06/19,263,277,293,308,315,312,297,273,243,214,190,179,183,198,223,252,277,295,302,298,288,277,264,258
MA11,2015/06/20,260,270,284,301,312,316,309,291,265,238,212,195,190,198,216,242,268,289,300,301,295,284,270,260
MA11,2015/06/21,256,261,272,286,300,308,307,297,277,253,229,209,198,198,209,229,253,275,292,299,297,288,274,261
MA11,2015/06/22,254,253,257,268,281,292,297,293,282,264,244,225,211,205,209,223,243,265,283,294,297,293,281,269
MA11,2015/06/23,259,252,252,257,267,277,286,288,284,272,257,242,228,219,218,225,239,257,274,288,297,297,289,278
MA11,2015/06/24,267,258,252,251,257,265,273,280,281,277,269,258,247,237,232,234,242,255,270,285,296,301,299,290
MA11,2015/06/25,279,269,258,251,250,253,260,268,273,275,275,270,264,257,250,247,249,256,267,281,294,303,304,299
MA11,2015/06/26,292,281,268,256,249,247,250,256,263,270,277,280,279,275,270,265,263,264,270,280,293,305,310,310
MA11,2015/06/27,306,297,283,269,256,247,244,246,253,264,275,285,291,294,293,288,283,281,281,286,296,307,317,323
MA11,2015/06/28,323,318,306,289,271,255,244,240,242,250,264,279,292,300,303,301,296,288,281,280,285,294,305,313
MA11,2015/06/29,318,317,307,290,269,247,229,216,212,218,231,248,268,284,294,298,295,287,279,272,271,278,288,299
MA11,2015/06/30,310,314,311,299,280,256,232,213,202,200,211,231,254,277,296,307,309,304,293,283,278,280,287,299
MA11,2015/07/01,314,325,328,322,307,284,258,231,212,203,207,223,246,274,299,315,324,323,313,302,291,284,286,295
MA11,2015/07/02,308,323,332,332,321,301,272,240,212,194,189,197,217,244,272,296,311,316,312,300,287,277,273,277
MA11,2015/07/03,290,307,322,330,328,313,288,256,224,198,185,184,198,222,251,281,302,314,314,305,292,280,270,268
MA11,2015/07/04,278,293,310,325,331,325,307,279,246,215,194,184,188,207,232,261,287,305,312,308,297,283,269,261
MA11,2015/07/05,264,275,291,308,321,325,317,295,266,235,209,193,189,198,218,244,271,294,307,309,302,289,273,261
MA11,2015/07/06,256,260,272,289,306,317,317,304,283,257,230,209,198,198,211,232,256,281,299,307,305,296,281,265
MA11,2015/07/07,254,251,256,267,284,300,308,307,296,276,254,233,217,211,216,229,249,272,290,303,307,302,289,273
MA11,2015/07/08,258,247,244,248,258,272,286,291,289,280,265,248,233,222,220,227,240,258,276,291,300,301,294,280
MA11,2015/07/09,265,250,239,235,238,247,260,271,277,278,273,264,253,242,237,238,245,257,272,287,298,303,301,292
MA11,2015/07/10,278,262,246,234,228,230,238,248,258,267,272,271,266,261,255,251,253,259,269,281,293,302,305,302
MA11,2015/07/11,293,278,261,242,228,221,221,227,238,251,262,271,276,277,274,270,266,267,271,278,290,301,308,310
MA11,2015/07/12,307,297,281,262,241,225,215,214,220,232,248,265,278,286,289,287,282,279,277,279,286,296,307,314
MA11,2015/07/13,317,314,304,286,263,240,221,210,209,217,232,253,273,289,299,302,299,293,286,282,283,291,302,313
MA11,2015/07/14,322,326,321,308,287,262,236,215,204,204,216,235,259,282,299,308,309,303,293,285,280,282,289,300
MA11,2015/07/15,313,324,327,319,303,278,250,223,202,192,196,212,236,262,285,301,308,305,296,285,276,272,275,284
MA11,2015/07/16,299,315,324,325,316,297,270,239,212,194,189,198,219,245,272,295,308,312,305,292,280,272,269,274
MA11,2015/07/17,288,305,320,328,326,313,290,260,229,205,192,192,206,230,260,288,308,315,311,300,286,273,265,264
MA11,2015/07/18,274,289,306,321,327,321,304,278,248,220,201,194,201,219,245,272,296,308,309,301,287,273,260,254
MA11,2015/07/19,259,272,289,305,317,319,311,291,264,237,213,199,200,212,233,260,285,301,308,304,291,276,261,250
MA11,2015/07/20,248,256,271,287,302,311,309,297,275,250,228,211,205,211,228,250,275,295,306,306,298,283,267,253
MA11,2015/07/21,247,249,258,271,287,299,304,299,284,264,243,226,215,216,227,245,268,289,303,309,305,294,278,262
MA11,2015/07/22,251,248,251,260,273,287,295,297,290,276,259,243,231,227,231,244,262,281,297,307,308,301,287,270
MA11,2015/07/23,255,247,245,250,259,271,281,287,287,280,270,258,247,240,240,247,260,276,291,303,309,306,296,281
MA11,2015/07/24,267,255,247,244,249,257,266,275,280,280,276,269,261,255,251,253,260,272,285,296,305,307,301,290
MA11,2015/07/25,278,264,252,244,241,244,252,260,268,274,276,277,275,270,266,265,267,273,282,292,303,308,306,300
MA11,2015/07/26,289,275,261,248,239,235,236,241,250,259,268,275,279,279,277,274,272,273,277,284,294,302,305,304
MA11,2015/07/27,299,289,274,259,244,232,227,228,234,245,259,273,285,292,294,293,289,285,283,287,294,302,310,315
MA11,2015/07/28,314,308,295,278,258,239,226,219,219,227,242,260,278,293,302,304,301,294,286,283,285,292,302,311
MA11,2015/07/29,317,318,310,295,274,251,229,214,206,209,222,241,264,286,301,308,308,302,291,282,280,283,290,301
MA11,2015/07/30,314,321,321,311,292,267,239,215,199,193,199,217,242,267,290,306,311,307,296,284,274,271,275,287
MA11,2015/07/31,302,317,326,325,312,290,261,229,205,190,188,201,222,250,279,301,313,314,305,291,276,267,265,272
MA11,2015/08/01,288,307,323,330,327,311,284,251,220,197,186,189,205,231,261,289,308,315,310,297,280,264,255,256
MA11,2015/08/02,268,287,308,323,329,323,304,275,242,213,194,188,197,217,245,275,299,312,314,306,288,269,255,247
MA11,2015/08/03,252,268,289,309,324,328,320,300,270,240,216,201,201,214,237,265,292,310,317,313,299,280,261,246
MA11,2015/08/04,242,249,265,287,307,320,321,310,288,263,238,220,213,218,234,257,283,303,315,317,307,290,270,250
MA11,2015/08/05,238,237,246,262,283,301,310,310,298,279,258,239,227,226,236,254,276,297,311,317,314,302,283,262
MA11,2015/08/06,245,235,234,242,258,276,291,298,296,287,273,258,245,240,242,253,270,288,303,314,315,308,294,274
MA11,2015/08/07,255,239,229,229,237,250,266,278,285,286,281,272,263,256,255,261,271,285,298,309,315,312,303,289
MA11,2015/08/08,271,253,238,229,227,234,245,257,267,275,279,278,273,269,266,267,272,280,290,301,310,313,309,301
MA11,2015/08/09,288,271,253,237,226,224,228,235,246,258,269,277,281,281,280,279,279,281,286,294,303,310,313,311
MA11,2015/08/10,305,294,277,257,240,228,222,223,230,242,256,271,282,289,293,292,289,286,285,288,295,303,310,314
MA11,2015/08/11,315,311,299,281,260,240,225,217,217,226,240,258,276,290,298,300,296,290,284,281,283,289,297,306
MA11,2015/08/12,314,317,313,300,280,257,235,218,210,212,225,244,265,285,300,307,306,299,289,280,277,280,287,299
MA11,2015/08/13,312,321,324,317,301,279,253,229,212,206,213,231,253,278,299,311,315,310,298,286,279,275,279,290
MA11,2015/08/14,305,320,331,332,322,305,279,250,228,215,212,224,244,270,295,312,319,317,305,291,279,269,267,275
MA11,2015/08/15,289,307,323,330,328,315,293,265,237,217,210,215,231,256,282,304,317,319,310,294,277,264,256,258
MA11,2015/08/16,271,289,308,323,328,322,306,279,251,227,213,211,222,243,269,295,314,321,315,301,284,266,254,251
MA11,2015/08/17,257,273,293,311,324,327,317,297,270,245,226,217,223,240,263,289,312,324,323,314,297,277,261,254
MA11,2015/08/18,256,267,287,306,321,330,326,310,288,264,243,231,229,240,260,283,306,321,325,318,303,283,263,250
MA11,2015/08/19,245,251,265,282,300,312,315,307,291,272,253,238,232,237,252,273,295,312,319,316,304,285,265,248
MA11,2015/08/20,240,239,248,263,280,296,305,304,294,280,264,250,241,242,252,268,288,304,314,315,308,293,274,257
MA11,2015/08/21,244,239,243,253,267,283,294,299,296,288,277,265,257,255,260,272,287,303,315,321,319,308,292,275
MA11,2015/08/22,262,253,251,254,263,276,288,296,299,298,292,284,278,274,275,281,291,304,315,322,323,315,302,288
MA11,2015/08/23,272,259,252,248,251,259,269,278,286,289,290,288,285,282,281,283,288,296,304,313,318,316,309,297
MA11,2015/08/24,283,269,257,247,243,244,250,258,268,278,285,288,290,291,289,288,289,291,296,303,309,313,312,305
MA11,2015/08/25,295,282,268,254,242,236,236,239,248,260,272,283,291,296,297,295,292,290,289,292,298,304,308,309
MA11,2015/08/26,305,296,283,265,247,234,225,222,226,237,253,270,285,296,302,303,298,292,286,284,287,294,302,310
MA11,2015/08/27,314,312,303,287,266,246,228,215,211,217,232,252,274,293,305,310,307,298,286,279,276,279,287,299
MA11,2015/08/28,310,317,316,306,286,263,237,216,203,202,212,231,256,281,301,312,313,304,290,276,265,262,268,282
MA11,2015/08/29,299,316,325,322,308,285,256,228,207,197,199,214,237,266,291,309,315,309,294,277,262,252,252,263
MA11,2015/08/30,282,303,321,329,324,308,281,250,223,204,199,207,226,253,281,305,317,317,305,286,264,246,237,242
MA11,2015/08/31,258,282,307,325,331,324,306,277,246,221,206,205,219,241,269,296,314,319,312,294,270,246,230,225
MA11,2015/09/01,233,253,280,303,320,325,316,296,269,242,223,214,219,236,262,288,311,322,320,306,284,258,235,222
MA11,2015/09/02,222,236,258,285,308,323,324,313,293,269,249,236,234,245,265,289,311,326,327,318,299,274,247,227
MA11,2015/09/03,216,219,236,257,280,300,310,308,297,280,262,248,243,246,260,280,300,316,325,323,311,290,266,243
MA11,2015/09/04,227,221,226,240,260,282,298,306,304,295,282,270,262,261,268,281,298,313,324,326,321,305,284,262
MA11,2015/09/05,242,228,224,229,240,255,272,284,290,289,284,277,270,267,270,277,289,302,313,319,319,309,295,278
MA11,2015/09/06,259,242,232,227,230,240,254,267,279,286,288,287,284,282,282,285,291,299,307,315,320,318,311,300
MA11,2015/09/07,286,270,256,245,239,240,246,255,266,278,288,293,294,294,293,293,293,295,299,305,311,313,312,309
MA11,2015/09/08,301,289,274,258,244,236,234,236,244,258,272,283,291,295,297,296,292,288,287,288,293,299,304,308
MA11,2015/09/09,308,302,291,275,257,242,231,227,230,241,258,274,288,299,303,302,298,290,282,279,280,285,294,304
MA11,2015/09/10,310,313,309,296,278,258,241,229,224,230,245,263,283,299,308,311,305,294,284,276,273,276,285,297
MA11,2015/09/11,311,321,323,317,303,282,260,240,228,228,239,257,279,298,313,319,317,307,291,277,268,264,269,282
MA11,2015/09/12,298,313,323,323,313,295,271,246,227,219,224,238,260,283,303,314,315,305,289,270,255,247,248,259
MA11,2015/09/13,278,299,316,324,320,307,286,260,237,224,221,232,252,276,299,315,320,312,295,275,255,240,235,242
MA11,2015/09/14,258,280,301,315,319,312,294,270,244,224,215,219,235,258,283,303,314,310,296,275,253,233,223,225
MA11,2015/09/15,237,258,282,301,313,312,301,280,255,234,221,218,229,250,275,298,313,314,304,285,262,240,225,220
MA11,2015/09/16,228,245,268,290,306,313,308,293,271,250,234,227,232,247,269,292,309,315,310,294,271,247,228,218
MA11,2015/09/17,219,231,251,274,294,307,308,299,283,264,248,238,238,248,266,287,306,316,315,303,284,260,239,225
MA11,2015/09/18,222,229,245,267,288,305,315,313,302,286,272,261,256,261,273,290,308,319,322,316,300,279,258,241
MA11,2015/09/19,231,231,240,255,274,293,306,310,306,296,284,274,268,269,277,291,306,317,322,320,308,290,269,249
MA11,2015/09/20,237,232,233,242,257,272,288,297,298,295,288,281,275,273,276,285,297,308,315,317,312,299,281,263
MA11,2015/09/21,247,236,233,235,242,255,269,280,288,290,290,287,283,279,280,284,292,300,306,311,311,304,292,276
MA11,2015/09/22,260,247,237,231,233,239,248,260,270,279,285,287,287,285,284,285,286,288,292,298,301,299,293,284
MA11,2015/09/23,272,258,245,235,230,229,233,240,251,264,276,284,290,292,291,289,286,283,283,286,292,296,298,297
MA11,2015/09/24,291,281,267,252,237,228,224,225,233,247,263,279,292,299,302,300,293,283,278,277,281,288,295,303
MA11,2015/09/25,307,304,293,278,259,242,229,222,224,234,251,272,291,305,313,312,304,291,277,269,267,272,283,297
MA11,2015/09/26,310,317,315,303,285,263,242,226,219,222,237,258,281,301,315,319,313,296,277,261,252,252,262,279
MA11,2015/09/27,299,317,325,323,310,287,261,238,223,219,227,245,269,293,313,323,320,304,282,260,241,232,236,252
MA11,2015/09/28,275,301,320,328,324,307,283,256,234,222,223,237,258,283,308,324,327,315,293,266,240,221,216,225
MA11,2015/09/29,247,276,303,322,328,322,304,277,253,234,226,232,248,272,297,318,325,319,300,273,243,217,203,204
MA11,2015/09/30,219,245,274,300,318,323,313,295,272,249,237,236,247,267,292,315,328,328,315,292,263,233,210,199
MA11,2015/10/01,205,225,251,280,305,319,320,309,292,272,257,250,255,270,293,317,335,341,336,320,293,264,239,222
MA11,2015/10/02,216,225,244,270,296,314,321,317,303,285,270,259,257,266,282,302,319,330,331,320,299,272,244,219
MA11,2015/10/03,205,204,214,231,254,276,292,298,296,287,276,267,263,266,276,291,305,317,322,318,306,286,262,239
MA11,2015/10/04,221,210,210,219,234,253,270,281,286,284,278,273,267,265,270,278,289,299,305,306,300,288,271,252
MA11,2015/10/05,234,220,214,214,222,235,250,264,273,278,279,276,272,270,270,274,281,287,293,298,298,293,283,270
MA11,2015/10/06,256,243,231,224,224,229,239,252,263,273,280,282,282,281,279,278,278,279,283,288,291,293,291,286
MA11,2015/10/07,279,269,257,245,237,234,236,245,257,270,283,291,295,296,296,292,287,284,283,285,291,297,303,305
MA11,2015/10/08,305,301,293,281,270,261,257,261,270,283,299,314,325,329,327,322,313,302,294,290,292,299,307,314
MA11,2015/10/09,321,322,317,305,290,273,261,256,257,266,282,298,312,321,325,320,310,295,281,272,269,274,285,297
MA11,2015/10/10,309,318,321,314,299,281,263,249,243,247,261,279,297,310,318,317,307,291,273,258,249,250,259,274
MA11,2015/10/11,292,308,317,317,308,292,273,255,243,242,252,270,291,311,324,328,320,304,282,261,247,242,246,260
MA11,2015/10/12,280,301,318,325,320,307,288,267,251,244,247,261,281,302,319,326,321,305,282,258,239,228,228,240
MA11,2015/10/13,260,284,306,320,323,316,299,278,258,246,244,254,272,293,311,323,323,310,289,262,238,222,215,221
MA11,2015/10/14,238,262,288,307,316,315,302,283,263,248,240,244,258,278,299,315,320,311,291,266,238,216,204,204
MA11,2015/10/15,217,239,265,288,304,310,304,289,271,254,243,242,251,268,288,306,315,311,296,273,245,220,202,196
MA11,2015/10/16,202,221,246,271,292,304,305,295,280,264,250,243,246,258,277,297,309,311,300,281,255,229,208,197
MA11,2015/10/17,197,209,230,254,276,293,301,298,288,274,261,253,253,261,276,294,308,313,308,294,271,245,222,205
MA11,2015/10/18,198,204,219,240,262,281,294,298,293,284,273,264,261,264,275,289,302,310,311,302,284,261,238,218
MA11,2015/10/19,207,205,212,227,246,266,282,291,293,291,283,275,270,270,275,285,295,304,308,304,293,277,257,239
MA11,2015/10/20,223,216,217,224,237,253,269,281,289,293,291,287,282,279,280,284,290,295,300,300,295,285,271,254
MA11,2015/10/21,237,226,220,218,223,233,247,261,272,280,285,285,283,280,277,276,277,279,284,288,289,288,282,271
MA11,2015/10/22,259,247,236,227,224,227,235,246,259,272,282,289,293,291,287,283,277,274,274,277,282,286,287,284
MA11,2015/10/23,278,269,257,243,233,227,227,235,247,260,275,287,296,298,294,287,276,264,258,258,263,272,282,289
MA11,2015/10/24,292,290,281,267,252,240,232,231,239,253,270,288,303,311,313,306,292,274,260,252,253,259,273,287
MA11,2015/10/25,298,304,302,289,272,255,240,232,232,240,256,276,295,308,313,308,293,270,248,231,224,228,242,263
MA11,2015/10/26,284,302,310,308,296,278,257,241,233,235,247,266,287,304,315,316,303,280,252,227,210,207,217,237
MA11,2015/10/27,264,290,310,319,316,303,284,263,249,244,249,266,287,308,325,332,324,304,276,245,219,206,206,220
MA11,2015/10/28,245,277,306,325,332,326,309,289,270,259,257,266,284,305,324,335,333,316,289,256,224,200,190,194
MA11,2015/10/29,214,243,275,302,318,322,315,299,280,265,257,260,273,292,314,329,334,325,302,272,238,208,188,183
MA11,2015/10/30,193,217,247,277,302,316,317,309,294,278,268,266,271,284,303,320,331,329,314,289,257,226,200,184
MA11,2015/10/31,184,197,221,249,276,296,305,303,294,280,267,260,260,269,285,301,314,319,312,295,270,241,214,193
MA11,2015/11/01,183,187,202,225,251,274,289,295,293,283,273,266,262,265,275,289,302,310,310,301,284,262,238,216
MA11,2015/11/02,201,197,203,217,238,260,278,290,295,292,285,279,274,273,279,289,299,308,314,311,301,287,268,246
MA11,2015/11/03,231,219,215,221,233,250,267,279,286,289,285,280,274,268,268,271,275,282,287,287,284,276,263,248
MA11,2015/11/04,233,220,211,209,213,224,237,250,262,270,271,270,265,261,257,255,256,258,261,265,267,267,264,257
MA11,2015/11/05,248,238,227,219,217,220,228,240,253,264,272,276,275,271,265,259,253,250,250,253,258,262,266,268
MA11,2015/11/06,265,260,252,241,233,230,232,240,251,264,276,284,287,286,280,270,260,250,243,242,246,253,261,269
MA11,2015/11/07,275,276,270,261,249,239,234,236,244,256,269,282,290,292,289,279,264,249,237,229,229,237,249,263
MA11,2015/11/08,275,282,285,279,267,255,244,239,243,252,266,282,295,303,304,295,279,261,243,230,226,232,245,262
MA11,2015/11/09,280,296,304,304,297,284,269,259,256,260,272,289,304,315,320,315,301,279,256,236,226,226,235,252
MA11,2015/11/10,273,293,308,313,309,297,282,267,258,257,264,279,297,312,321,319,306,284,257,232,214,207,212,226
MA11,2015/11/11,248,273,293,304,306,298,283,267,253,246,249,261,278,296,308,311,301,281,254,226,201,188,186,197
MA11,2015/11/12,218,244,269,289,298,297,287,272,257,246,244,252,266,284,300,309,306,290,265,235,207,187,179,184
MA11,2015/11/13,202,228,255,278,294,300,295,283,267,253,247,248,259,276,294,306,308,297,276,248,218,193,178,176
MA11,2015/11/14,189,211,238,265,286,299,300,291,278,264,254,251,258,272,291,307,315,311,295,269,239,212,192,183
MA11,2015/11/15,188,203,228,255,280,298,307,305,297,284,272,266,268,278,293,308,318,318,308,286,258,230,205,189
MA11,2015/11/16,186,193,209,232,256,277,291,294,290,280,268,261,257,261,273,286,297,303,300,287,266,241,217,198
MA11,2015/11/17,187,189,201,217,240,263,280,291,294,290,282,274,266,265,271,281,292,300,302,296,283,264,243,222
MA11,2015/11/18,208,202,205,215,232,251,268,283,290,290,287,279,271,267,267,272,280,288,294,295,289,277,261,245
MA11,2015/11/19,230,220,215,218,227,242,259,275,286,292,293,290,283,275,269,267,268,271,276,280,281,277,269,257
MA11,2015/11/20,244,232,223,219,221,229,241,257,271,283,290,291,287,280,272,264,258,255,257,262,268,274,275,272
MA11,2015/11/21,265,255,244,235,229,229,235,244,258,273,284,291,291,285,275,262,248,238,234,236,244,254,263,270
MA11,2015/11/22,272,268,260,248,237,231,230,234,245,259,273,285,292,292,284,269,250,232,218,214,218,229,245,261
MA11,2015/11/23,273,280,279,271,258,246,239,237,242,253,269,285,297,303,300,286,265,240,217,204,202,210,228,249
MA11,2015/11/24,272,291,301,300,292,280,268,260,260,266,279,297,313,323,322,307,286,258,228,203,190,188,201,223
MA11,2015/11/25,250,276,295,303,301,291,277,265,257,255,265,280,297,312,320,317,304,277,243,212,188,179,185,202
MA11,2015/11/26,230,261,290,309,317,313,301,288,275,270,273,284,301,320,335,340,332,310,279,243,212,192,186,195
MA11,2015/11/27,217,248,279,305,320,325,319,306,292,280,276,281,293,309,325,335,334,319,292,257,221,191,173,171
MA11,2015/11/28,184,208,239,269,291,304,305,296,283,269,261,260,267,282,300,315,321,315,297,270,238,207,182,171
MA11,2015/11/29,174,191,218,248,274,293,302,300,290,277,265,259,261,271,288,304,314,315,305,287,262,233,206,188
MA11,2015/11/30,182,190,209,235,262,285,299,304,300,289,278,269,266,271,283,297,311,317,314,303,282,257,232,210
MA11,2015/12/01,197,194,204,222,244,266,285,294,295,288,278,267,259,257,263,273,284,292,295,290,278,261,240,220
MA11,2015/12/02,205,197,199,210,227,248,268,282,288,286,279,270,262,257,257,262,271,280,287,289,284,276,264,249
MA11,2015/12/03,236,227,223,227,241,258,276,293,305,309,307,301,293,285,281,278,278,282,288,294,296,293,286,277
MA11,2015/12/04,266,257,250,248,252,262,275,291,301,306,307,303,294,286,278,270,266,265,266,270,274,278,280,277
MA11,2015/12/05,271,264,256,249,246,249,256,268,280,291,298,298,293,286,276,265,256,249,247,250,253,258,264,269
MA11,2015/12/06,270,267,262,254,247,244,245,252,263,275,285,291,291,286,276,263,247,234,225,222,225,234,245,256
MA11,2015/12/07,264,270,270,265,257,251,247,248,255,267,281,291,295,294,287,273,254,235,220,211,210,216,230,246
MA11,2015/12/08,261,274,279,278,271,262,254,250,251,258,271,284,293,297,294,282,264,241,219,203,196,198,209,227
MA11,2015/12/09,247,266,279,282,278,271,260,251,248,251,261,276,289,298,300,292,275,250,224,202,188,185,193,210
MA11,2015/12/10,234,258,277,289,291,284,274,263,254,254,261,272,288,302,309,307,295,271,244,218,197,189,192,206
MA11,2015/12/11,230,257,282,301,310,311,304,292,283,280,284,296,313,331,344,346,336,314,284,252,224,207,199,205
MA11,2015/12/12,223,248,276,299,312,315,309,296,282,270,264,267,279,294,309,317,315,299,273,241,211,187,173,173
MA11,2015/12/13,187,211,241,269,289,301,302,293,280,268,260,259,267,282,299,313,317,309,288,259,228,200,180,172
MA11,2015/12/14,177,196,223,250,275,294,301,298,288,275,264,258,260,272,289,305,315,314,301,277,248,219,195,180
MA11,2015/12/15,179,190,211,237,263,285,299,302,296,287,275,266,263,269,283,299,312,318,313,298,276,249,222,203
MA11,2015/12/16,194,197,211,232,257,281,298,308,308,299,288,277,269,269,277,289,302,312,314,307,293,271,246,225
MA11,2015/12/17,210,205,211,224,243,265,285,298,302,300,292,280,269,262,261,267,277,286,293,294,288,275,255,235
MA11,2015/12/18,218,208,206,212,225,244,263,279,288,290,286,277,265,255,248,246,250,257,265,271,273,270,261,248
MA11,2015/12/19,235,224,218,217,224,236,252,268,280,288,289,283,272,259,247,238,234,235,240,248,256,261,262,257
MA11,2015/12/20,249,240,231,224,224,231,241,255,269,280,285,286,280,269,255,241,229,223,222,227,236,248,257,263
MA11,2015/12/21,265,262,255,248,243,243,248,257,269,281,291,297,297,290,277,260,241,225,215,213,220,232,246,260
MA11,2015/12/22,270,276,276,270,262,256,252,255,263,274,286,296,299,296,286,268,245,221,201,190,189,199,215,234
MA11,2015/12/23,254,270,279,279,274,266,258,255,257,265,278,290,300,304,301,288,265,238,210,190,180,183,196,217
MA11,2015/12/24,242,267,284,292,293,287,278,269,266,270,280,293,308,319,322,316,299,271,239,209,190,183,189,206
MA11,2015/12/25,231,261,287,304,311,310,302,291,281,277,279,289,304,317,326,329,319,295,263,228,199,181,176,185
MA11,2015/12/26,207,236,266,290,303,308,302,290,278,270,268,275,288,305,322,332,329,314,286,252,220,194,179,179
MA11,2015/12/27,193,218,247,274,295,305,305,295,281,269,261,260,269,285,302,317,321,313,293,265,232,202,180,170
MA11,2015/12/28,176,195,223,252,277,293,299,294,283,271,260,254,258,270,287,304,314,313,302,280,252,223,197,181
MA11,2015/12/29,178,190,211,238,264,285,295,294,286,274,260,250,247,253,267,283,296,302,299,285,263,238,214,194
MA11,2015/12/30,185,188,203,225,250,273,288,293,288,278,265,251,244,244,251,264,279,288,290,285,271,252,230,210
MA11,2015/12/31,197,194,203,220,241,265,284,293,293,286,275,261,249,245,248,257,268,278,284,283,277,264,248,231
