MA11,1989/01/01,159,153,152,153,157,170,185,197,210,216,215,208,195,179,166,156,152,151,150,156,162,166,172,175
MA11,1989/01/02,170,167,164,162,165,172,177,190,202,207,211,206,192,182,169,155,146,136,132,135,140,150,160,168
MA11,1989/01/03,176,180,181,181,181,182,187,195,202,212,219,216,210,200,184,168,154,138,126,124,126,136,148,162
MA11,1989/01/04,174,186,191,191,190,188,187,189,191,200,210,210,209,204,192,175,154,132,115,102,098,109,123,138
MA11,1989/01/05,158,174,185,192,192,189,188,182,186,192,201,207,210,210,204,191,170,145,119,099,092,092,101,120
MA11,1989/01/06,140,163,182,196,201,198,194,189,185,186,195,202,209,214,214,205,185,158,128,101,083,076,079,092
MA11,1989/01/07,114,143,170,187,199,204,198,190,183,179,182,190,200,211,217,216,203,177,150,118,089,074,068,072
MA11,1989/01/08,094,121,150,177,195,206,208,202,193,186,182,190,201,214,228,235,229,211,183,148,114,089,074,071
MA11,1989/01/09,086,106,136,164,186,204,211,207,194,184,177,175,182,193,212,228,229,220,197,164,133,101,077,067
MA11,1989/01/10,070,090,116,145,171,195,203,205,194,181,172,163,164,178,196,212,226,227,212,190,159,126,098,080
MA11,1989/01/11,076,087,106,134,161,185,202,204,196,187,170,158,154,160,174,193,210,220,219,204,182,155,127,104
MA11,1989/01/12,094,094,111,134,156,182,202,211,208,199,184,166,156,153,160,176,194,208,215,212,198,179,156,132
MA11,1989/01/13,115,111,117,134,154,176,197,209,209,202,188,170,153,142,142,151,163,180,193,199,196,185,167,152
MA11,1989/01/14,137,128,128,136,155,173,191,204,210,207,196,176,159,143,132,133,140,150,163,173,179,178,171,159
MA11,1989/01/15,150,142,138,143,152,165,183,197,204,206,198,179,162,144,128,120,117,119,129,140,151,160,162,160
MA11,1989/01/16,158,155,154,156,161,170,184,196,204,208,206,192,176,161,142,124,112,106,106,113,124,138,149,156
MA11,1989/01/17,160,162,163,163,164,168,177,185,192,199,201,194,184,170,152,134,116,099,090,091,096,108,122,136
MA11,1989/01/18,150,159,165,169,170,171,174,177,182,189,196,197,192,184,171,153,131,107,090,081,080,088,103,121
MA11,1989/01/19,141,159,172,181,184,185,185,186,187,192,201,206,209,208,202,188,168,142,116,096,084,086,094,110
MA11,1989/01/20,134,158,178,190,196,198,194,188,187,192,199,209,218,224,226,220,202,178,150,122,103,093,096,113
MA11,1989/01/21,137,162,185,203,212,216,210,201,194,189,193,200,210,223,230,229,218,194,163,132,105,086,078,086
MA11,1989/01/22,104,130,156,177,192,197,194,185,174,167,166,171,181,198,212,220,217,199,172,141,109,086,072,072
MA11,1989/01/23,085,107,137,164,183,196,198,186,176,167,161,161,173,190,209,226,230,224,207,181,153,128,103,094
MA11,1989/01/24,108,129,157,184,207,223,228,217,205,192,180,174,176,190,209,225,235,233,221,198,170,142,117,102
MA11,1989/01/25,099,112,135,159,183,200,208,202,187,173,159,151,148,155,172,191,205,211,205,190,167,142,118,100
MA11,1989/01/26,095,100,120,145,169,191,201,202,191,175,161,149,141,145,159,175,192,207,209,203,186,166,147,130
MA11,1989/01/27,122,125,140,160,186,208,221,225,219,205,188,172,159,155,162,174,191,206,212,211,202,186,170,153
MA11,1989/01/28,143,141,147,160,180,198,214,221,214,202,186,166,150,143,144,152,163,176,185,190,188,181,169,156
MA11,1989/01/29,146,142,146,156,169,186,200,209,209,202,186,168,153,139,134,137,144,152,162,170,172,173,168,160
MA11,1989/01/30,153,150,153,157,165,182,197,206,209,202,192,179,161,145,136,131,131,136,144,151,158,161,163,163
MA11,1989/01/31,161,160,161,164,172,183,194,200,205,205,197,186,170,154,144,136,132,131,135,142,149,158,165,172
MA11,1989/02/01,179,182,186,189,194,200,208,214,220,220,216,210,197,186,173,158,145,136,132,130,136,146,157,168
MA11,1989/02/02,178,186,194,197,198,199,200,204,210,212,214,211,204,195,183,166,150,134,120,113,115,123,136,150
MA11,1989/02/03,166,183,196,202,206,206,205,204,204,206,210,213,212,208,199,183,162,140,118,103,095,095,108,125
MA11,1989/02/04,147,169,189,200,204,205,200,194,189,191,196,203,209,212,210,202,181,156,130,103,086,081,084,098
MA11,1989/02/05,122,149,173,191,202,204,198,191,183,178,183,191,201,212,218,215,202,178,149,119,093,079,073,082
MA11,1989/02/06,103,132,163,188,204,210,206,196,184,176,176,182,194,210,224,231,225,208,178,144,115,088,075,078
MA11,1989/02/07,091,116,149,175,196,208,204,194,178,163,158,158,166,186,206,224,229,220,198,166,134,104,082,074
MA11,1989/02/08,082,102,133,163,186,203,206,196,180,162,148,141,148,163,188,212,227,232,220,196,168,138,112,100
MA11,1989/02/09,100,115,142,169,198,218,226,221,204,184,165,152,147,156,176,203,224,237,233,219,198,172,148,131
MA11,1989/02/10,123,131,153,177,202,224,233,229,213,191,169,150,138,136,152,175,196,217,225,221,208,189,167,150
MA11,1989/02/11,140,142,155,176,198,218,231,231,222,200,176,154,134,124,130,145,162,182,196,200,198,187,172,159
MA11,1989/02/12,151,150,160,172,191,211,223,228,222,205,184,162,137,122,119,124,137,152,166,178,184,182,175,169
MA11,1989/02/13,164,161,169,178,191,210,222,226,224,213,196,177,156,136,123,119,121,130,142,151,162,168,170,170
MA11,1989/02/14,167,169,176,180,190,201,210,217,219,213,200,186,168,150,135,121,113,113,117,124,134,144,152,159
MA11,1989/02/15,164,168,174,178,184,190,196,202,204,204,201,193,180,166,152,137,122,111,106,105,113,124,137,151
MA11,1989/02/16,162,172,180,186,190,191,194,196,200,202,204,203,196,189,178,163,145,128,112,104,104,112,124,141
MA11,1989/02/17,159,173,185,192,194,194,193,190,190,194,197,202,205,203,197,185,166,147,123,104,096,096,106,125
MA11,1989/02/18,146,168,185,196,200,196,193,187,184,184,190,198,210,216,218,212,195,172,148,122,103,097,098,113
MA11,1989/02/19,136,160,180,192,197,195,187,174,167,164,165,173,190,202,211,209,197,180,151,120,099,086,083,094
MA11,1989/02/20,116,141,164,180,192,193,184,170,158,148,150,160,173,188,9999,9999,210,196,174,146,120,098,090,096
MA11,1989/02/21,115,140,163,184,198,199,190,176,158,143,138,142,155,175,195,211,218,209,188,161,133,106,092,089
MA11,1989/02/22,103,126,151,174,191,200,194,178,158,139,127,125,135,152,175,193,204,203,192,168,142,117,096,088
MA11,1989/02/23,095,114,138,161,183,193,189,174,154,134,116,111,114,128,150,172,190,201,195,179,156,134,114,102
MA11,1989/02/24,106,121,143,166,187,200,202,190,170,149,127,113,112,123,142,163,184,197,199,191,174,154,135,122
MA11,1989/02/25,118,129,148,171,190,205,210,201,183,160,139,123,112,117,133,151,171,188,198,198,189,175,159,148
MA11,1989/02/26,144,151,166,186,209,226,235,230,212,186,164,144,130,124,131,147,161,176,188,191,184,172,160,148
MA11,1989/02/27,141,143,154,166,181,196,204,201,190,171,150,128,109,100,104,112,124,138,152,159,160,155,150,144
MA11,1989/02/28,141,142,148,156,170,185,194,198,189,173,157,138,120,110,105,106,114,124,137,147,152,157,156,154
MA11,1989/03/01,155,157,160,168,179,190,199,204,200,188,176,160,140,126,117,108,105,110,118,125,132,139,144,150
MA11,1989/03/02,155,158,163,167,174,178,183,187,185,179,171,161,149,136,120,112,103,098,100,104,110,123,132,142
MA11,1989/03/03,155,164,170,174,177,178,180,182,184,185,183,178,170,158,147,136,121,109,103,099,103,113,128,143
MA11,1989/03/04,160,177,188,195,197,196,196,194,194,196,201,204,203,200,191,178,161,141,121,108,104,109,120,138
MA11,1989/03/05,159,180,195,204,205,202,195,187,185,184,190,202,208,211,210,199,180,158,133,110,098,095,104,122
MA11,1989/03/06,147,171,193,206,211,206,195,183,170,166,172,184,199,212,220,219,204,179,151,122,098,090,088,103
MA11,1989/03/07,128,155,180,202,210,204,192,175,158,148,147,162,182,200,217,230,223,204,178,147,118,099,090,098
MA11,1989/03/08,117,146,176,199,213,210,195,174,153,134,128,132,148,174,199,218,226,217,195,166,134,109,095,093
MA11,1989/03/09,108,134,161,188,203,208,196,174,148,121,104,104,116,137,167,196,213,218,206,184,158,132,114,109
MA11,1989/03/10,115,135,162,186,208,213,206,186,157,127,102,091,093,108,137,168,192,207,208,194,174,154,134,123
MA11,1989/03/11,129,142,163,187,206,219,216,199,172,139,114,094,085,094,114,142,168,187,200,199,188,172,156,144
MA11,1989/03/12,144,155,168,191,212,222,225,215,188,162,135,107,094,091,098,120,143,164,184,189,186,178,166,157
MA11,1989/03/13,156,160,172,190,207,221,227,222,208,184,158,133,111,101,099,111,9999,9999,9999,9999,9999,9999,9999,9999
MA11,1989/03/14,9999,9999,9999,9999,9999,9999,9999,9999,9999,9999,9999,9999,9999,9999,9999,9999,9999,9999,9999,164,176,184,186,187
MA11,1989/03/15,188,190,195,200,209,218,226,231,228,220,203,184,166,148,135,126,123,126,131,139,149,158,166,172
MA11,1989/03/16,179,184,187,191,195,200,204,208,209,206,200,193,180,167,152,139,128,120,118,122,132,142,154,167
MA11,1989/03/17,178,187,192,193,195,196,197,198,199,201,203,203,199,191,180,166,149,134,125,123,125,133,147,163
MA11,1989/03/18,179,192,199,202,199,194,191,189,188,189,196,202,206,207,201,189,172,152,135,124,119,124,136,153
MA11,1989/03/19,174,190,199,203,201,192,184,176,172,173,180,190,202,209,210,206,192,170,149,130,118,117,126,141
MA11,1989/03/20,164,184,198,207,206,196,183,172,162,159,165,176,192,206,216,219,209,192,169,144,127,120,124,138
MA11,1989/03/21,160,183,202,212,213,204,188,171,156,146,148,159,175,194,211,222,218,204,183,157,135,121,120,130
MA11,1989/03/22,151,176,197,211,217,206,188,168,147,132,130,138,154,175,196,212,217,210,192,167,143,125,117,122
MA11,1989/03/23,138,162,185,202,208,203,186,164,138,120,111,113,127,148,172,194,206,206,195,175,152,131,119,120
MA11,1989/03/24,134,155,177,197,206,205,192,168,142,120,105,103,114,132,159,184,203,211,205,192,175,155,143,141
MA11,1989/03/25,150,170,192,214,230,234,223,204,176,150,132,122,122,137,158,181,203,215,215,206,190,173,159,149
MA11,1989/03/26,151,165,184,202,216,222,213,196,170,141,121,106,100,111,130,153,176,192,200,198,190,176,162,154
MA11,1989/03/27,154,164,180,196,211,220,217,204,182,154,132,114,106,108,120,141,163,182,196,200,198,191,180,173
MA11,1989/03/28,174,180,192,205,219,232,232,222,206,180,157,139,122,117,123,136,154,171,185,195,198,196,189,182
MA11,1989/03/29,181,186,191,200,213,222,225,221,204,185,165,142,127,118,114,121,132,144,157,168,176,178,176,175
MA11,1989/03/30,176,178,180,186,194,203,208,209,200,186,170,153,133,120,112,109,114,121,130,142,153,160,166,172
MA11,1989/03/31,175,178,183,186,192,198,200,203,200,194,185,174,158,144,134,124,122,123,127,134,148,158,169,180
MA11,1989/04/01,189,195,199,200,202,202,202,204,205,204,203,200,191,180,167,154,143,133,127,126,134,148,162,175
MA11,1989/04/02,190,200,203,202,199,194,190,186,188,193,196,199,200,193,182,168,150,134,121,114,116,127,142,162
MA11,1989/04/03,184,199,208,209,202,193,184,177,174,178,187,199,210,215,213,204,187,164,142,128,120,125,136,156
MA11,1989/04/04,179,200,212,215,207,193,176,161,151,151,160,177,196,210,217,215,199,176,151,130,115,111,120,137
MA11,1989/04/05,163,186,204,210,205,190,168,146,128,120,128,146,170,196,214,222,220,204,178,154,134,123,125,138
MA11,1989/04/06,159,186,207,217,217,200,175,147,118,100,099,112,134,167,194,214,224,213,193,170,150,132,127,135
MA11,1989/04/07,153,178,200,214,216,205,183,149,114,090,078,081,098,128,162,190,210,214,204,188,169,150,142,144
MA11,1989/04/08,157,181,202,217,228,219,200,170,132,102,082,072,081,105,135,168,196,209,210,204,190,175,166,162
MA11,1989/04/09,172,190,210,229,242,240,227,201,164,128,102,083,079,092,114,142,170,191,200,202,196,182,171,166
MA11,1989/04/10,171,182,198,215,228,234,228,208,179,148,116,092,082,080,094,117,141,166,184,192,193,186,177,174
MA11,1989/04/11,176,181,195,209,222,234,233,220,200,173,146,120,102,094,096,109,128,147,164,179,186,184,181,177
MA11,1989/04/12,178,182,189,200,212,221,227,222,208,190,170,147,126,114,108,110,121,135,150,166,178,182,184,185
MA11,1989/04/13,184,185,188,192,198,207,211,210,206,195,182,167,148,131,121,114,116,121,129,142,156,165,173,178
MA11,1989/04/14,180,181,182,183,185,188,190,194,192,190,186,176,166,154,140,130,123,120,123,132,145,158,168,178
MA11,1989/04/15,186,188,188,187,182,181,183,184,186,189,192,191,188,181,170,158,147,138,134,136,145,157,169,182
MA11,1989/04/16,193,198,200,198,191,184,180,178,178,183,191,199,204,207,202,192,178,164,153,150,156,165,177,193
MA11,1989/04/17,208,218,218,214,205,192,180,172,168,171,180,190,199,206,206,200,189,171,154,143,139,146,156,171
MA11,1989/04/18,190,202,207,204,192,177,161,147,139,139,149,164,182,196,202,204,194,176,159,144,136,135,144,161
MA11,1989/04/19,182,197,206,205,195,177,158,137,124,119,126,142,162,184,198,205,204,190,170,155,142,136,143,157
MA11,1989/04/20,177,196,207,210,204,186,164,140,120,112,114,129,152,177,198,212,219,210,195,178,162,149,148,159
MA11,1989/04/21,177,196,211,218,211,196,173,146,121,105,100,110,128,154,178,198,211,210,198,183,168,153,149,155
MA11,1989/04/22,170,190,207,217,217,205,184,156,128,105,097,100,113,138,167,191,211,217,212,201,186,172,163,165
MA11,1989/04/23,176,192,209,223,225,219,201,172,142,119,103,097,106,126,153,180,203,218,218,213,202,190,180,177
MA11,1989/04/24,185,198,214,230,238,234,221,197,166,140,120,109,111,127,148,174,200,219,228,228,220,210,200,195
MA11,1989/04/25,197,207,220,236,244,246,235,213,185,155,131,113,105,110,125,146,169,187,199,204,203,195,186,182
MA11,1989/04/26,181,185,196,210,219,224,220,204,182,156,131,110,098,097,104,120,140,161,176,187,193,192,187,184
MA11,1989/04/27,182,184,191,200,210,219,220,213,198,176,156,135,119,112,114,122,137,155,173,188,199,207,210,208
MA11,1989/04/28,202,200,203,208,217,226,230,226,217,202,182,161,144,134,126,123,131,140,152,168,181,189,194,196
MA11,1989/04/29,195,193,190,191,194,199,204,206,204,197,188,174,159,145,134,126,125,130,138,148,162,176,186,194
MA11,1989/04/30,198,198,194,190,187,185,187,190,192,193,192,189,180,168,155,142,134,130,131,138,152,166,180,193
MA11,1989/05/01,202,205,202,194,185,177,174,174,176,184,192,198,199,194,183,170,156,144,140,140,150,164,179,195
MA11,1989/05/02,208,215,213,205,189,175,163,156,156,166,181,197,206,212,210,200,184,168,153,146,148,159,174,192
MA11,1989/05/03,210,221,221,210,191,171,150,135,127,133,151,171,192,205,214,210,200,182,166,152,149,155,168,187
MA11,1989/05/04,205,218,224,218,199,173,146,121,106,105,117,140,167,190,210,218,216,204,187,172,163,159,168,184
MA11,1989/05/05,203,222,231,226,211,187,156,124,100,087,092,110,138,168,198,218,224,222,210,195,182,176,176,187
MA11,1989/05/06,204,221,235,236,225,204,173,138,106,082,074,084,105,136,168,196,213,220,215,203,190,180,176,182
MA11,1989/05/07,197,215,233,242,237,224,197,164,129,097,079,076,088,114,144,176,202,216,221,215,208,199,190,191
MA11,1989/05/08,203,218,235,247,250,244,224,194,158,124,100,087,086,101,126,155,184,203,213,216,211,203,195,190
MA11,1989/05/09,198,208,222,236,245,245,234,211,182,152,122,102,092,095,110,133,158,180,196,205,204,200,194,188
MA11,1989/05/10,188,194,205,217,229,236,232,218,196,170,143,120,105,098,105,118,140,159,176,190,195,195,191,186
MA11,1989/05/11,186,185,189,198,208,218,223,215,201,182,160,138,121,108,104,113,126,142,159,177,186,192,191,187
MA11,1989/05/12,184,183,183,188,194,204,209,209,204,193,177,163,146,132,124,120,127,140,155,171,184,191,195,195
MA11,1989/05/13,193,188,185,184,186,192,197,202,204,199,193,184,173,161,150,142,140,146,156,170,186,196,204,209
MA11,1989/05/14,208,204,198,191,189,190,193,196,200,204,206,205,199,190,181,170,162,160,164,174,186,199,210,216
MA11,1989/05/15,218,213,206,196,187,178,172,172,176,183,190,196,198,195,188,178,168,161,156,157,167,179,191,200
MA11,1989/05/16,205,203,197,184,169,154,145,140,140,148,160,172,183,189,188,183,175,164,155,151,156,168,183,195
MA11,1989/05/17,204,206,202,190,173,155,140,128,124,129,142,158,175,188,195,195,189,178,166,159,158,166,178,192
MA11,1989/05/18,204,212,210,199,184,163,142,124,113,113,123,143,161,180,193,200,197,187,176,165,158,160,170,181
MA11,1989/05/19,197,206,209,202,184,161,137,114,098,091,099,114,136,162,181,193,199,193,182,172,163,159,165,178
MA11,1989/05/20,192,207,215,212,199,176,152,124,103,092,091,106,129,156,180,199,211,211,204,193,183,178,178,185
MA11,1989/05/21,200,214,227,230,220,203,177,148,122,103,094,103,124,149,177,202,218,225,221,210,201,192,187,190
MA11,1989/05/22,202,215,228,234,230,217,192,161,132,109,095,093,105,126,155,180,203,216,220,214,205,196,190,190
MA11,1989/05/23,197,210,224,235,238,229,210,182,152,123,103,095,097,114,137,161,188,207,217,218,212,204,197,192
MA11,1989/05/24,195,205,217,230,236,232,219,196,168,138,114,098,094,103,119,143,168,191,203,210,208,203,196,190
MA11,1989/05/25,189,196,206,216,226,230,224,209,184,159,134,112,101,102,111,130,152,174,194,206,210,210,204,196
MA11,1989/05/26,194,195,200,211,221,230,232,222,205,183,160,138,122,117,120,128,147,168,187,201,212,215,212,206
MA11,1989/05/27,200,196,194,198,205,211,218,218,208,193,174,155,137,124,118,120,131,147,163,180,195,202,205,201
MA11,1989/05/28,196,191,186,183,186,192,200,205,204,198,188,176,160,144,132,128,131,140,154,170,185,197,203,203
MA11,1989/05/29,200,192,183,174,169,169,174,182,189,193,194,190,181,169,158,147,143,146,155,167,182,197,207,212
MA11,1989/05/30,209,202,190,176,164,157,156,159,168,179,188,194,195,190,182,171,163,159,158,165,178,193,206,213
MA11,1989/05/31,215,210,196,177,157,142,132,128,137,150,167,182,192,196,195,187,178,170,166,167,175,188,202,212
MA11,1989/06/01,219,218,206,186,164,138,121,111,109,120,139,160,181,195,202,203,196,187,179,173,175,186,198,209
MA11,1989/06/02,221,225,217,201,175,147,119,098,087,088,104,128,154,179,196,205,205,199,191,181,178,183,192,205
MA11,1989/06/03,219,229,228,219,196,167,137,106,085,077,081,104,130,157,184,202,211,212,204,195,192,188,193,205
MA11,1989/06/04,218,230,236,232,217,194,161,127,099,077,073,085,106,134,165,189,208,216,214,206,197,192,192,198
MA11,1989/06/05,211,225,237,240,233,217,188,156,121,094,078,077,091,114,144,173,199,214,220,217,209,202,197,199
MA11,1989/06/06,208,221,236,245,247,239,218,190,156,122,099,087,090,106,131,159,186,206,216,217,211,203,195,189
MA11,1989/06/07,195,206,219,233,241,239,228,205,175,145,116,097,091,099,116,141,166,189,204,210,208,203,194,187
MA11,1989/06/08,185,190,201,214,225,232,228,214,192,165,138,116,101,098,109,127,150,173,192,204,205,200,192,183
MA11,1989/06/09,178,177,182,194,205,216,220,214,200,181,158,139,121,113,114,127,146,168,186,200,207,206,199,188
MA11,1989/06/10,182,178,176,180,189,200,208,210,203,192,176,158,142,129,124,128,141,159,176,192,202,207,202,194
MA11,1989/06/11,185,178,172,170,172,179,188,195,197,191,183,172,161,149,140,137,144,155,171,185,197,205,204,198
MA11,1989/06/12,189,180,169,160,157,161,167,174,179,182,181,178,171,163,155,150,150,156,168,181,194,205,208,204
MA11,1989/06/13,198,189,175,163,154,151,152,157,164,172,178,182,182,177,171,165,162,162,167,178,188,200,207,208
MA11,1989/06/14,204,195,181,165,151,141,136,136,143,152,163,172,180,184,183,179,175,171,170,173,184,196,206,211
MA11,1989/06/15,210,204,191,175,157,141,131,126,127,136,149,166,181,190,196,197,193,188,182,182,188,199,209,218
MA11,1989/06/16,222,220,208,194,173,152,137,123,118,125,137,154,176,192,204,210,208,203,196,192,192,198,209,220
MA11,1989/06/17,227,230,226,213,192,170,148,128,118,118,126,144,165,189,207,217,222,219,211,203,199,199,206,216
MA11,1989/06/18,227,235,234,223,206,183,154,130,110,100,106,121,143,169,190,209,219,219,215,206,198,194,198,206
MA11,1989/06/19,218,230,234,230,217,196,167,139,112,096,092,101,120,146,172,196,212,217,214,208,200,194,194,197
MA11,1989/06/20,208,221,230,234,227,209,184,154,122,100,088,088,102,124,152,179,201,214,216,211,202,195,189,190
MA11,1989/06/21,198,212,224,233,232,222,201,171,140,110,090,084,090,106,132,159,184,204,211,210,204,194,187,181
MA11,1989/06/22,184,199,211,224,234,228,215,192,160,129,105,089,088,097,116,143,168,193,207,210,208,201,191,183
MA11,1989/06/23,183,188,201,216,227,232,228,211,188,158,131,110,100,101,117,136,162,184,203,214,215,208,199,186
MA11,1989/06/24,181,182,189,202,214,225,228,222,204,180,154,130,116,108,116,131,150,174,194,207,212,211,202,189
MA11,1989/06/25,179,173,174,181,193,208,218,218,211,196,178,159,142,129,129,136,151,173,192,206,216,218,211,198
MA11,1989/06/26,185,173,166,164,170,182,194,204,204,199,189,175,160,148,143,144,156,170,184,200,211,216,213,203
MA11,1989/06/27,190,175,159,151,149,155,166,178,188,193,193,187,180,171,164,160,164,174,186,200,213,221,222,216
MA11,1989/06/28,204,188,169,152,143,139,143,154,165,177,188,194,196,194,187,184,186,188,197,209,220,232,238,236
MA11,1989/06/29,228,215,194,174,156,141,138,142,150,166,183,194,205,209,210,208,204,202,204,209,219,229,237,239
MA11,1989/06/30,236,225,207,186,162,140,124,117,120,133,150,171,189,203,213,215,214,211,207,207,211,221,230,236
MA11,1989/07/01,239,237,225,205,180,151,126,110,102,106,120,140,164,187,203,214,217,214,208,205,204,208,217,226
MA11,1989/07/02,234,239,232,218,198,166,137,110,090,085,091,109,135,161,184,201,211,212,206,198,194,193,198,209
MA11,1989/07/03,220,229,235,230,214,190,159,128,100,082,079,090,111,141,168,192,209,215,213,207,197,192,194,199
MA11,1989/07/04,212,226,237,240,234,217,191,157,124,098,086,087,100,124,156,182,204,218,218,210,203,194,186,190
MA11,1989/07/05,200,214,228,239,240,231,211,182,148,119,096,090,095,112,140,168,192,210,216,210,202,191,180,177
MA11,1989/07/06,182,195,210,224,232,233,221,198,172,140,113,100,097,109,132,158,183,204,216,216,207,196,184,176
MA11,1989/07/07,175,183,196,212,226,232,228,215,191,164,140,118,109,114,128,151,176,197,212,217,211,200,187,175
MA11,1989/07/08,168,169,179,192,207,218,222,216,200,179,155,135,122,118,127,145,168,191,207,215,215,206,192,178
MA11,1989/07/09,168,163,166,175,188,203,212,213,207,192,174,159,145,137,143,156,172,194,211,222,226,222,208,192
MA11,1989/07/10,179,170,167,171,178,190,202,208,206,200,190,178,166,158,155,161,173,190,206,218,224,221,211,196
MA11,1989/07/11,182,170,159,157,160,167,178,187,191,193,190,184,177,169,165,168,175,186,200,212,222,225,218,205
MA11,1989/07/12,192,179,168,158,153,159,168,176,183,190,194,195,194,188,184,183,184,192,202,212,222,228,225,216
MA11,1989/07/13,205,188,173,159,148,144,146,151,158,168,177,186,190,190,190,190,190,193,198,204,214,220,223,218
MA11,1989/07/14,208,196,180,160,147,135,130,131,136,145,159,170,181,190,193,196,195,192,193,196,201,209,214,215
MA11,1989/07/15,212,204,188,170,151,134,122,114,113,121,136,153,170,186,195,202,201,200,197,196,198,206,212,216
MA11,1989/07/16,219,216,207,190,172,151,130,116,108,110,124,142,162,184,202,210,216,214,206,201,201,204,211,217
MA11,1989/07/17,224,230,224,209,194,169,142,120,104,098,105,123,144,169,191,206,216,217,209,200,196,195,198,205
MA11,1989/07/18,217,226,230,225,207,185,159,127,104,091,086,099,119,142,172,196,208,214,210,199,191,187,184,190
MA11,1989/07/19,202,218,229,228,220,204,176,143,114,092,083,086,101,126,154,183,205,214,214,207,193,186,181,181
MA11,1989/07/20,195,208,222,233,234,223,201,169,135,106,087,080,091,110,140,168,192,209,214,206,196,183,172,167
MA11,1989/07/21,174,188,205,222,232,230,217,192,159,129,104,090,092,106,129,159,184,204,215,213,202,188,172,161
MA11,1989/07/22,161,170,187,207,223,231,228,211,185,156,129,109,100,109,127,152,180,200,214,219,210,196,180,161
MA11,1989/07/23,156,158,168,186,207,223,228,222,202,179,156,132,121,121,133,154,178,202,218,224,220,206,188,168
MA11,1989/07/24,152,147,152,164,181,200,215,218,210,196,177,160,147,141,148,160,182,202,217,229,228,218,201,180
MA11,1989/07/25,160,147,141,144,156,174,189,201,205,200,191,178,166,161,162,170,183,202,218,226,232,225,211,193
MA11,1989/07/26,171,150,136,130,134,144,158,172,182,186,186,184,177,172,172,174,184,196,208,222,228,227,220,202
MA11,1989/07/27,184,165,144,130,123,125,133,144,156,166,176,181,183,185,186,187,192,198,207,215,224,228,225,215
MA11,1989/07/28,202,184,163,143,126,116,115,119,129,145,159,172,182,188,192,196,196,198,204,208,214,221,222,220
MA11,1989/07/29,214,200,184,162,138,120,109,102,106,117,132,152,169,182,194,200,200,200,200,201,206,211,217,222
MA11,1989/07/30,222,219,207,188,165,142,120,105,100,101,114,136,156,178,196,204,207,207,203,199,198,202,209,218
MA11,1989/07/31,228,231,228,217,196,170,143,118,103,099,105,122,146,172,196,211,218,218,212,204,199,199,203,213
MA11,1989/08/01,227,237,243,240,225,204,175,145,120,106,104,116,138,164,190,211,222,225,217,207,198,191,192,200
MA11,1989/08/02,214,230,242,246,239,223,197,165,134,111,102,106,122,149,177,200,219,225,219,208,194,183,178,180
MA11,1989/08/03,193,212,228,239,241,234,214,184,153,123,107,104,113,140,166,191,215,224,221,211,195,180,170,166
MA11,1989/08/04,176,192,210,227,238,239,225,203,174,146,122,112,117,134,159,186,210,226,228,220,203,186,172,163
MA11,1989/08/05,165,177,196,215,230,238,234,219,195,168,143,130,129,138,159,187,210,229,237,230,218,201,181,170
MA11,1989/08/06,166,171,187,204,222,237,240,231,215,194,171,156,150,154,171,193,217,235,248,246,236,219,195,179
MA11,1989/08/07,168,167,176,191,205,221,229,224,215,201,182,167,157,156,168,185,205,222,233,236,230,212,193,175
MA11,1989/08/08,160,154,156,164,178,194,206,212,210,198,188,177,166,164,170,183,200,215,228,232,228,216,198,179
MA11,1989/08/09,164,152,148,151,160,174,187,197,201,200,192,186,181,178,182,190,202,215,226,232,232,224,210,192
MA11,1989/08/10,177,163,154,151,154,162,173,183,191,194,195,194,194,195,196,200,210,218,227,236,238,234,223,209
MA11,1989/08/11,193,178,166,156,152,154,161,169,178,186,191,197,200,202,206,209,212,216,222,227,233,234,228,218
MA11,1989/08/12,206,192,178,162,150,145,145,148,155,165,177,187,198,205,209,213,214,214,216,221,226,228,227,222
MA11,1989/08/13,216,206,190,174,158,143,136,133,135,146,160,174,192,204,212,217,220,218,216,216,218,222,227,229
MA11,1989/08/14,226,222,212,195,174,155,138,126,122,127,140,157,177,198,212,222,224,219,212,208,208,210,216,224
MA11,1989/08/15,229,231,227,214,192,170,147,126,115,113,121,138,163,190,212,226,232,228,220,212,205,204,210,220
MA11,1989/08/16,232,243,247,240,225,200,172,145,121,111,112,126,149,177,202,222,232,230,222,209,198,191,191,201
MA11,1989/08/17,216,234,246,249,240,221,192,160,130,113,107,114,134,160,189,215,235,236,228,214,198,186,181,185
MA11,1989/08/18,201,221,240,254,254,242,219,186,153,128,112,114,125,149,180,207,228,235,230,217,196,175,164,160
MA11,1989/08/19,171,194,217,238,249,246,233,206,174,145,126,115,122,141,168,196,220,232,232,218,196,174,153,142
MA11,1989/08/20,148,161,184,210,229,240,239,220,195,168,143,130,130,141,165,190,214,232,234,224,204,177,152,136
MA11,1989/08/21,128,132,154,178,201,221,226,220,204,182,162,148,140,150,168,189,212,230,234,230,214,189,162,138
MA11,1989/08/22,124,122,130,148,172,193,209,213,204,194,180,167,161,162,174,194,214,230,240,240,228,208,182,157
MA11,1989/08/23,138,124,126,135,149,172,190,202,207,202,194,186,180,182,190,202,218,232,243,248,241,227,206,181
MA11,1989/08/24,160,143,132,132,139,152,170,182,190,194,196,194,193,193,197,206,217,229,239,244,244,236,218,200
MA11,1989/08/25,180,159,145,133,129,134,144,155,166,176,184,189,192,195,199,204,210,217,223,230,233,230,224,213
MA11,1989/08/26,198,180,164,146,134,128,128,134,144,156,169,181,192,200,205,210,212,214,216,218,223,227,227,223
MA11,1989/08/27,216,206,192,174,154,138,131,126,130,141,156,174,192,204,214,219,220,219,218,220,223,229,235,240
MA11,1989/08/28,243,241,233,216,192,172,150,137,132,136,148,168,186,202,216,222,221,217,208,202,201,202,209,220
MA11,1989/08/29,227,233,232,219,200,176,151,129,115,112,123,141,164,188,206,219,219,212,202,193,186,184,188,201
MA11,1989/08/30,216,227,234,230,217,196,170,144,124,116,118,132,158,183,205,222,229,223,211,197,185,180,180,190
MA11,1989/08/31,209,226,240,248,241,225,202,172,145,130,125,135,156,180,206,226,234,232,218,201,184,170,165,172
MA11,1989/09/01,189,207,228,241,242,234,214,186,158,138,126,129,145,168,196,217,231,231,218,200,181,163,154,154
MA11,1989/09/02,166,187,210,229,240,240,227,203,178,156,142,139,151,172,198,222,238,240,231,216,194,172,153,148
MA11,1989/09/03,158,175,199,221,237,245,239,220,198,176,158,153,158,173,198,222,240,246,240,225,203,179,157,146
MA11,1989/09/04,146,158,179,200,220,236,234,223,206,185,170,160,158,169,188,210,229,238,236,225,203,178,155,140
MA11,1989/09/05,133,140,156,178,198,216,222,219,205,190,176,164,161,169,184,204,222,234,238,228,210,188,164,147
MA11,1989/09/06,137,137,148,163,183,201,214,218,213,203,193,185,180,182,192,209,225,236,240,235,223,202,181,160
MA11,1989/09/07,145,139,141,152,166,182,197,205,205,202,196,190,186,187,193,204,217,226,232,233,222,205,186,169
MA11,1989/09/08,152,140,137,140,149,163,176,184,191,194,192,191,190,191,197,204,214,223,230,231,226,215,198,182
MA11,1989/09/09,166,155,146,140,142,151,159,170,179,185,190,196,199,203,206,210,216,220,224,230,229,221,213,201
MA11,1989/09/10,186,176,162,152,147,147,149,155,163,172,182,195,203,209,215,218,219,220,220,223,226,224,221,216
MA11,1989/09/11,207,197,185,170,156,148,143,144,150,161,177,192,208,218,225,230,228,222,220,220,220,224,226,227
MA11,1989/09/12,228,223,213,195,176,159,147,139,139,148,164,184,202,218,230,236,234,224,216,209,206,208,216,224
MA11,1989/09/13,231,233,228,213,193,170,146,132,124,124,140,160,181,203,220,229,228,217,204,192,186,185,195,209
MA11,1989/09/14,223,235,240,231,216,192,164,140,124,119,128,147,170,197,220,234,236,225,208,189,177,168,174,189
MA11,1989/09/15,210,231,244,247,239,218,192,162,139,128,127,142,166,193,219,237,241,233,215,190,168,155,153,163
MA11,1989/09/16,186,212,235,249,250,239,214,186,157,136,130,136,157,184,208,232,243,236,218,192,165,140,131,133
MA11,1989/09/17,152,178,208,230,244,244,230,206,178,156,143,144,157,180,206,230,244,244,231,206,176,147,128,122
MA11,1989/09/18,132,156,186,214,238,249,247,231,209,189,173,167,174,191,214,237,251,256,244,221,192,159,130,116
MA11,1989/09/19,114,126,153,180,206,230,235,230,220,202,187,182,182,194,215,238,256,264,254,238,214,181,150,130
MA11,1989/09/20,117,122,138,158,184,208,224,231,226,214,204,198,194,199,214,232,246,254,254,244,223,198,168,142
MA11,1989/09/21,124,114,118,132,151,171,190,200,204,202,198,195,191,196,205,219,233,241,247,242,229,210,188,163
MA11,1989/09/22,142,131,124,125,137,152,166,182,190,195,198,199,200,202,208,217,227,236,242,246,242,229,213,196
MA11,1989/09/23,179,162,148,142,141,147,158,169,181,192,200,205,208,210,212,216,220,224,228,232,230,226,217,206
MA11,1989/09/24,193,178,162,148,139,136,139,146,156,168,179,190,199,204,207,210,210,208,208,208,212,216,216,212
MA11,1989/09/25,209,200,187,172,156,144,140,140,145,159,175,190,204,213,217,219,214,209,205,202,203,208,212,218
MA11,1989/09/26,222,221,213,197,178,160,145,135,136,145,160,180,195,210,218,218,211,199,189,181,180,184,192,206
MA11,1989/09/27,216,223,223,213,195,176,155,140,134,136,150,171,191,210,222,225,219,206,191,180,172,172,184,199
MA11,1989/09/28,216,232,239,238,228,208,186,165,152,148,159,175,195,214,228,238,232,216,197,178,163,156,161,176
MA11,1989/09/29,196,216,234,238,230,216,193,170,152,141,142,158,179,200,221,231,230,215,193,169,152,139,140,151
MA11,1989/09/30,171,196,217,229,234,223,206,184,161,148,147,156,176,199,220,236,239,226,207,183,160,142,134,141
MA11,1989/10/01,159,186,209,229,239,237,226,205,185,170,161,163,179,201,223,239,245,237,216,191,163,140,127,127
MA11,1989/10/02,140,161,187,209,225,233,224,208,190,171,160,160,169,186,208,226,236,233,215,191,164,139,122,115
MA11,1989/10/03,120,140,164,188,210,221,222,215,197,182,169,165,168,181,200,221,232,232,220,199,170,144,126,112
MA11,1989/10/04,112,127,148,172,195,211,220,217,205,193,184,176,178,189,204,222,235,238,233,216,189,165,140,122
MA11,1989/10/05,118,124,138,158,178,197,209,211,208,201,190,184,184,188,200,214,226,234,231,218,200,176,151,132
MA11,1989/10/06,120,120,128,142,161,179,194,203,204,201,195,192,190,192,201,214,225,231,232,225,212,194,171,152
MA11,1989/10/07,138,131,132,139,152,167,184,196,203,206,205,203,204,207,212,219,226,235,240,240,233,218,200,183
MA11,1989/10/08,169,156,150,152,159,169,181,193,204,213,218,221,222,221,222,225,228,229,230,229,225,218,205,192
MA11,1989/10/09,177,163,153,145,141,144,150,159,170,181,192,200,205,208,209,208,205,203,202,203,204,204,200,194
MA11,1989/10/10,184,171,158,145,134,130,129,134,146,159,174,190,201,207,211,209,203,195,191,191,192,196,202,204
MA11,1989/10/11,202,196,183,168,152,139,129,128,133,144,162,181,196,208,212,211,203,188,178,174,174,180,191,203
MA11,1989/10/12,211,214,208,194,177,157,143,131,132,141,156,178,198,213,224,221,210,192,174,160,154,158,170,190
MA11,1989/10/13,209,221,224,217,202,180,158,141,132,136,150,170,194,213,227,230,217,195,172,149,136,136,148,167
MA11,1989/10/14,193,219,233,236,231,211,187,165,150,145,154,171,193,216,232,240,231,208,179,150,126,117,121,138
MA11,1989/10/15,167,198,223,238,240,229,212,187,168,160,159,172,194,214,236,247,242,224,194,158,127,107,100,111
MA11,1989/10/16,135,168,199,224,238,240,228,212,192,178,174,180,196,219,239,254,256,242,217,183,146,119,104,102
MA11,1989/10/17,119,148,177,207,235,244,240,233,216,200,193,192,199,219,239,253,261,253,231,200,164,128,103,088
MA11,1989/10/18,090,110,134,163,193,211,218,216,207,196,188,184,189,203,222,239,248,247,236,212,182,150,118,097
MA11,1989/10/19,092,098,114,138,165,189,205,211,209,201,194,191,194,203,218,234,246,254,246,229,207,178,151,129
MA11,1989/10/20,113,110,119,134,153,176,193,207,212,210,207,204,201,204,213,222,231,239,238,227,213,194,170,146
MA11,1989/10/21,129,117,114,121,132,147,165,181,189,195,197,196,195,195,198,206,213,218,223,221,213,203,187,169
MA11,1989/10/22,151,139,129,124,129,139,151,167,180,188,195,198,198,198,200,202,204,208,212,215,215,212,204,193
MA11,1989/10/23,181,168,155,145,143,145,152,164,177,189,198,206,209,208,207,201,197,195,195,197,200,202,203,202
MA11,1989/10/24,195,187,175,160,150,143,142,147,158,171,186,199,204,206,205,199,189,181,175,172,176,183,190,196
MA11,1989/10/25,199,198,192,177,164,153,144,143,149,161,177,194,205,211,211,203,191,176,165,158,156,164,176,189
MA11,1989/10/26,201,207,206,198,186,168,155,150,150,157,173,192,207,216,219,213,197,178,161,146,141,146,156,171
MA11,1989/10/27,191,204,210,209,198,181,164,153,149,151,164,184,198,212,221,216,201,179,156,135,123,125,134,150
MA11,1989/10/28,176,198,212,219,216,203,186,172,162,160,170,187,206,222,234,235,220,199,175,150,132,126,131,146
MA11,1989/10/29,172,197,217,232,234,225,211,196,181,174,178,192,209,224,238,240,230,210,181,154,128,115,113,125
MA11,1989/10/30,144,172,197,216,226,223,212,198,181,171,170,178,193,212,227,238,231,214,190,157,130,114,105,110
MA11,1989/10/31,130,156,183,209,226,231,225,215,198,186,182,187,198,214,233,246,246,234,212,181,153,131,117,117
MA11,1989/11/01,132,155,181,208,230,242,244,236,224,212,205,205,212,227,245,257,262,256,238,210,181,153,134,128
MA11,1989/11/02,129,148,171,193,217,234,241,240,229,215,204,202,206,216,230,242,250,246,231,209,179,152,128,113
MA11,1989/11/03,111,123,139,162,186,204,216,222,217,209,202,198,198,204,218,230,238,240,233,215,191,166,141,123
MA11,1989/11/04,116,118,129,147,166,186,202,210,213,209,202,199,197,199,209,219,226,232,229,217,201,179,156,137
MA11,1989/11/05,125,119,123,135,150,168,184,198,205,205,205,202,200,201,205,211,218,222,225,219,207,192,173,154
MA11,1989/11/06,139,130,126,130,140,153,168,185,196,202,207,206,203,202,201,203,207,210,214,214,209,203,191,176
MA11,1989/11/07,163,151,141,138,141,149,160,174,188,198,207,211,210,209,204,198,197,196,196,200,202,201,197,189
MA11,1989/11/08,180,166,155,146,141,141,146,156,169,183,197,205,209,208,205,195,186,181,178,181,187,194,201,204
MA11,1989/11/09,203,197,187,176,165,158,156,163,173,188,203,216,224,225,219,208,193,180,169,164,170,181,193,204
MA11,1989/11/10,213,216,211,198,184,171,161,158,164,177,193,210,221,226,222,209,189,167,147,136,135,144,160,180
MA11,1989/11/11,199,211,216,210,197,180,166,158,158,165,180,198,213,222,222,210,189,161,136,113,105,108,123,148
MA11,1989/11/12,174,198,212,218,211,200,185,172,164,166,176,193,210,224,230,222,203,174,138,108,090,083,093,115
MA11,1989/11/13,144,174,200,217,222,217,206,192,182,178,184,197,214,230,243,241,228,202,167,132,103,083,082,097
MA11,1989/11/14,123,157,187,209,225,228,221,210,197,190,190,197,209,227,240,244,238,215,183,145,107,082,068,069
MA11,1989/11/15,087,117,147,178,202,213,215,209,199,189,184,188,199,214,231,243,242,228,204,169,133,101,078,068
MA11,1989/11/16,074,096,123,155,182,200,211,212,205,197,191,189,196,208,223,238,245,240,225,199,166,135,106,086
MA11,1989/11/17,080,091,111,133,160,186,200,205,206,199,191,188,187,196,210,224,237,241,231,213,190,162,135,110
MA11,1989/11/18,098,097,108,125,149,174,194,206,210,207,202,196,192,196,204,217,229,236,237,227,212,194,167,148
MA11,1989/11/19,132,122,126,136,153,173,191,207,216,216,212,206,200,199,202,207,216,222,225,226,216,204,189,169
MA11,1989/11/20,151,140,130,130,140,152,170,186,199,205,204,199,194,188,184,185,188,191,196,199,198,195,187,174
MA11,1989/11/21,163,150,140,135,137,146,157,173,187,196,203,202,196,191,183,176,173,171,173,179,183,186,187,183
MA11,1989/11/22,177,169,159,152,149,151,157,168,181,194,203,206,204,198,190,181,171,163,160,162,167,175,183,187
MA11,1989/11/23,189,188,182,173,166,161,159,167,179,191,203,210,210,208,199,185,170,156,145,142,146,154,165,179
MA11,1989/11/24,188,193,193,188,179,171,166,167,174,184,198,209,214,214,206,191,175,154,136,128,128,135,149,165
MA11,1989/11/25,182,193,199,198,191,182,174,169,171,180,192,205,214,218,214,202,182,159,136,120,114,118,129,148
MA11,1989/11/26,170,187,201,206,202,195,185,176,173,176,186,200,211,219,219,210,193,167,141,119,107,103,113,131
MA11,1989/11/27,153,177,199,210,212,207,199,189,182,181,186,199,213,223,228,224,209,184,156,131,111,102,107,119
MA11,1989/11/28,143,169,196,215,223,222,216,208,198,193,196,204,217,232,241,241,229,206,179,150,124,108,103,109
MA11,1989/11/29,130,156,186,209,224,232,227,219,210,202,200,206,216,229,241,247,242,223,197,166,136,116,101,102
MA11,1989/11/30,119,139,167,194,211,224,227,219,209,201,194,195,203,213,229,239,237,226,204,175,145,117,099,092
MA11,1989/12/01,101,119,145,172,196,213,221,219,211,202,195,192,195,205,219,231,235,229,212,187,158,129,106,094
MA11,1989/12/02,093,104,126,150,174,196,209,213,210,203,196,191,192,199,212,225,235,236,227,209,183,155,130,112
MA11,1989/12/03,105,109,123,143,167,188,205,213,213,209,201,194,192,195,203,213,223,228,225,214,195,171,147,127
MA11,1989/12/04,114,111,119,133,152,175,195,209,216,215,210,204,199,197,201,209,219,227,230,225,211,193,172,151
MA11,1989/12/05,134,126,126,132,147,167,185,201,211,214,212,207,198,192,191,192,198,205,210,213,212,203,191,176
MA11,1989/12/06,161,150,145,146,152,165,180,196,209,217,219,215,207,197,188,182,180,183,188,195,200,201,196,187
MA11,1989/12/07,177,167,158,152,153,160,172,187,202,213,219,219,213,203,192,181,173,170,172,180,191,200,206,207
MA11,1989/12/08,205,199,191,182,177,178,183,193,206,218,227,229,225,216,202,185,168,154,148,151,160,174,189,200
MA11,1989/12/09,206,208,204,197,190,186,186,191,201,215,226,231,230,223,207,186,163,140,125,120,123,135,152,170
MA11,1989/12/10,187,199,204,202,197,191,188,187,192,203,215,223,228,227,216,196,169,139,114,098,094,102,120,145
MA11,1989/12/11,170,193,208,215,214,210,204,199,198,204,213,224,234,239,235,221,196,162,130,103,086,082,092,114
MA11,1989/12/12,142,172,197,212,218,217,211,203,197,198,205,215,227,237,241,234,215,184,148,114,087,072,072,086
MA11,1989/12/13,111,143,174,198,212,218,215,207,200,197,199,206,218,232,242,242,231,209,176,140,106,080,069,073
MA11,1989/12/14,091,120,152,182,205,219,223,219,211,205,203,207,219,235,250,261,261,248,224,192,156,126,105,099
MA11,1989/12/15,106,125,156,188,215,235,243,240,234,226,218,216,222,233,250,262,267,261,243,216,184,149,119,102
MA11,1989/12/16,098,110,132,157,184,207,220,223,220,211,201,195,196,205,218,232,243,245,238,221,196,166,136,114
MA11,1989/12/17,103,105,120,142,167,192,210,218,217,210,199,188,183,185,195,209,221,229,229,221,205,183,157,134
MA11,1989/12/18,118,113,118,132,153,176,195,207,210,207,197,186,177,173,174,183,195,204,209,208,201,187,169,149
MA11,1989/12/19,133,124,124,131,147,168,187,202,209,209,202,191,180,172,169,172,179,188,195,200,201,196,186,174
MA11,1989/12/20,161,153,149,151,161,176,193,208,218,221,218,208,196,184,175,170,171,175,182,187,191,193,191,184
MA11,1989/12/21,177,170,165,162,165,175,188,201,213,220,220,213,203,191,179,170,163,161,163,168,175,181,186,187
MA11,1989/12/22,186,184,180,176,175,179,187,198,209,219,222,219,213,202,188,176,164,156,153,156,163,174,184,191
MA11,1989/12/23,195,199,199,196,193,193,196,202,211,220,226,227,224,215,203,188,170,154,143,139,142,150,161,173
MA11,1989/12/24,186,197,203,203,200,198,198,199,206,215,223,227,228,224,215,200,180,159,142,131,128,134,147,162
MA11,1989/12/25,180,198,210,215,214,210,205,203,205,211,219,224,229,230,223,210,190,165,142,125,115,115,125,142
MA11,1989/12/26,163,185,203,212,215,214,209,203,201,204,211,219,227,232,232,222,205,179,152,128,111,106,112,126
MA11,1989/12/27,148,174,198,214,223,225,220,213,208,207,210,218,229,239,244,241,227,203,175,146,122,108,105,114
MA11,1989/12/28,134,160,186,207,221,228,226,218,210,204,204,210,220,232,243,245,236,217,190,159,130,109,099,102
MA11,1989/12/29,117,141,169,195,215,228,230,223,214,206,201,203,212,227,241,249,248,236,211,181,150,123,106,101
MA11,1989/12/30,110,130,157,184,208,225,232,228,219,208,200,197,202,214,229,243,249,243,226,200,169,139,118,106
MA11,1989/12/31,107,122,146,172,198,219,231,232,225,216,205,197,197,205,220,237,248,249,239,220,194,164,137,119
