MA11,2001/01/01,148,143,147,160,177,197,217,228,232,230,222,211,201,195,194,199,207,215,221,221,214,203,188,171
MA11,2001/01/02,158,150,150,156,168,186,204,218,227,230,227,219,210,201,196,194,197,203,210,214,215,209,201,190
MA11,2001/01/03,176,167,163,163,170,184,198,213,223,229,229,224,213,203,193,185,182,183,186,192,199,202,201,197
MA11,2001/01/04,190,183,178,174,176,184,195,206,219,228,232,229,221,210,197,184,174,167,166,171,180,189,195,199
MA11,2001/01/05,199,197,192,185,182,183,189,198,209,219,227,229,225,216,202,186,170,156,149,149,155,167,180,191
MA11,2001/01/06,200,205,204,199,194,191,191,194,201,211,221,226,227,222,209,191,169,147,130,122,124,134,149,167
MA11,2001/01/07,184,197,204,203,198,192,187,186,190,198,209,219,225,226,219,202,179,152,127,110,103,108,124,147
MA11,2001/01/08,172,196,212,220,221,217,211,204,203,208,218,229,240,245,245,235,213,182,148,120,101,094,102,122
MA11,2001/01/09,147,176,201,216,222,221,213,202,194,193,198,208,221,234,241,237,222,196,161,127,100,085,083,096
MA11,2001/01/10,121,155,189,216,233,239,236,226,214,208,207,211,222,238,251,256,250,229,198,161,125,098,085,085
MA11,2001/01/11,101,130,163,194,217,231,233,225,215,206,200,202,213,230,248,260,263,252,228,194,158,124,098,088
MA11,2001/01/12,092,112,142,172,201,222,231,228,219,207,195,189,192,204,221,239,250,249,237,214,182,147,116,096
MA11,2001/01/13,090,101,124,152,182,207,223,226,220,209,196,184,181,187,200,218,234,242,240,228,206,178,149,124
MA11,2001/01/14,111,113,127,149,177,204,224,233,232,222,208,193,183,181,189,201,216,228,233,230,219,199,174,150
MA11,2001/01/15,133,126,130,144,165,190,211,224,227,222,209,193,179,171,172,179,190,202,212,215,213,203,187,169
MA11,2001/01/16,153,141,140,146,160,181,201,217,225,223,214,200,184,171,164,164,169,177,186,194,199,197,190,180
MA11,2001/01/17,168,158,154,154,161,175,191,206,217,220,216,204,187,173,161,152,149,152,158,166,175,180,183,182
MA11,2001/01/18,178,173,169,166,169,176,187,200,213,222,223,216,205,192,177,163,154,148,146,149,157,166,174,180
MA11,2001/01/19,183,183,181,178,176,176,181,189,198,208,214,215,209,198,184,169,153,140,131,128,132,141,154,166
MA11,2001/01/20,178,186,191,190,187,185,186,190,195,204,213,218,219,214,203,188,170,152,137,129,129,136,149,165
MA11,2001/01/21,183,200,211,215,215,212,208,206,208,213,221,227,231,230,224,212,193,170,147,130,123,124,132,149
MA11,2001/01/22,169,189,205,213,215,210,202,196,192,194,200,210,219,225,225,218,202,178,152,128,112,107,112,125
MA11,2001/01/23,147,171,193,207,214,213,208,199,191,188,191,200,212,223,229,226,215,194,166,138,115,101,099,108
MA11,2001/01/24,127,152,178,198,209,213,208,198,187,179,179,185,196,209,221,226,221,204,177,147,120,100,092,096
MA11,2001/01/25,111,136,163,187,204,212,210,201,188,177,174,175,185,201,217,228,230,219,197,170,140,116,100,097
MA11,2001/01/26,108,130,157,183,205,217,220,213,199,186,178,176,182,197,216,231,237,232,217,192,160,134,114,102
MA11,2001/01/27,108,126,149,177,201,216,223,219,207,194,182,175,178,188,207,229,241,244,237,217,191,165,141,127
MA11,2001/01/28,126,136,156,179,202,222,232,230,221,206,190,179,174,179,195,213,228,236,231,217,197,172,147,129
MA11,2001/01/29,122,128,143,164,187,208,220,222,216,202,187,174,164,163,171,187,203,214,217,210,195,176,153,135
MA11,2001/01/30,124,124,134,151,171,194,210,216,215,205,191,177,165,159,164,176,190,203,211,211,204,188,169,151
MA11,2001/01/31,138,134,139,150,167,186,203,213,214,207,195,181,166,154,151,156,166,178,189,196,196,190,179,166
MA11,2001/02/01,156,152,153,158,172,190,206,218,224,223,215,202,187,174,166,165,169,177,187,196,201,201,196,187
MA11,2001/02/02,179,172,168,170,177,188,201,212,219,220,215,204,189,174,160,151,147,147,152,161,171,179,184,186
MA11,2001/02/03,185,184,182,181,183,190,199,208,213,215,215,209,196,179,163,148,134,126,124,127,137,150,162,172
MA11,2001/02/04,178,182,183,180,178,180,183,189,196,201,206,206,199,188,173,155,137,120,108,104,109,122,138,155
MA11,2001/02/05,172,185,192,192,191,190,188,188,192,197,205,211,211,207,197,180,157,132,111,097,093,100,117,139
MA11,2001/02/06,162,184,200,207,209,207,202,198,196,198,206,216,224,227,224,211,189,160,130,104,090,087,095,115
MA11,2001/02/07,141,169,192,206,211,210,203,194,187,186,191,202,215,226,232,228,213,187,154,122,096,082,082,097
MA11,2001/02/08,123,154,184,208,221,223,217,205,190,183,183,191,206,223,237,242,234,215,183,146,112,087,074,077
MA11,2001/02/09,096,124,158,187,205,216,215,204,189,175,167,171,183,200,221,237,241,234,212,179,145,112,090,084
MA11,2001/02/10,092,114,145,175,200,215,217,207,191,174,161,159,165,181,203,221,232,233,220,195,164,132,104,088
MA11,2001/02/11,088,103,130,160,187,206,214,208,193,174,155,145,145,155,175,198,216,225,224,211,189,161,132,110
MA11,2001/02/12,101,107,126,152,179,203,215,214,201,182,161,144,135,136,149,169,189,207,215,211,200,180,157,137
MA11,2001/02/13,125,125,137,157,180,203,220,224,217,201,181,162,147,139,144,158,175,193,206,210,207,196,180,165
MA11,2001/02/14,153,147,153,167,185,207,224,232,229,218,200,179,159,145,141,145,156,170,182,190,194,191,183,172
MA11,2001/02/15,163,157,157,163,177,193,208,218,221,214,201,184,165,148,138,135,138,146,156,166,174,178,178,175
MA11,2001/02/16,172,170,171,174,182,193,206,219,225,223,217,206,190,171,156,148,143,141,147,153,159,167,172,174
MA11,2001/02/17,177,178,177,176,178,184,191,198,203,205,202,196,185,172,159,146,136,129,127,129,136,146,157,167
MA11,2001/02/18,176,184,188,188,189,189,191,195,200,205,209,209,205,197,186,173,157,141,131,127,129,136,148,161
MA11,2001/02/19,175,188,196,199,198,194,191,189,191,195,201,207,208,206,200,186,167,148,130,117,112,114,125,141
MA11,2001/02/20,159,178,192,198,199,195,188,183,180,181,188,197,203,207,205,197,180,158,135,116,105,103,110,125
MA11,2001/02/21,147,169,188,199,202,200,193,183,176,173,178,190,202,212,219,218,207,187,163,139,120,112,114,126
MA11,2001/02/22,147,171,193,209,217,215,206,192,178,169,171,180,192,206,218,222,216,199,175,147,123,108,104,111
MA11,2001/02/23,128,153,180,200,212,214,206,192,178,166,162,167,180,198,215,226,226,215,193,166,138,117,106,108
MA11,2001/02/24,123,147,173,198,215,221,216,204,187,171,161,162,173,191,211,228,235,230,214,189,160,135,120,114
MA11,2001/02/25,122,143,168,192,213,223,220,208,188,168,153,148,154,168,188,209,222,224,214,193,166,139,117,105
MA11,2001/02/26,109,126,148,173,195,209,211,202,185,164,145,135,136,145,163,186,204,213,211,196,174,150,128,114
MA11,2001/02/27,112,122,141,164,186,203,210,205,190,169,148,134,127,132,148,169,189,204,209,202,187,167,147,131
MA11,2001/02/28,126,133,148,168,191,211,222,221,210,191,170,154,143,141,151,169,189,206,217,218,210,195,176,160
MA11,2001/03/01,151,153,162,176,196,214,226,230,222,204,184,163,145,137,140,151,168,185,198,206,207,200,189,176
MA11,2001/03/02,168,169,173,183,199,214,225,230,227,214,196,176,157,142,137,140,148,161,174,185,191,191,185,177
MA11,2001/03/03,171,168,168,173,184,196,206,213,212,204,192,176,157,140,129,124,125,132,143,155,167,176,181,182
MA11,2001/03/04,181,182,183,185,192,202,211,219,223,221,216,208,195,180,165,154,147,144,149,157,167,181,192,199
MA11,2001/03/05,206,211,212,212,213,215,219,223,226,227,226,222,212,197,180,163,146,133,126,126,132,144,159,175
MA11,2001/03/06,189,201,206,206,204,202,199,200,202,205,211,214,212,205,194,178,156,134,117,107,107,117,134,156
MA11,2001/03/07,178,197,210,216,217,214,208,201,200,203,210,222,231,232,228,216,194,167,141,121,110,111,123,143
MA11,2001/03/08,168,194,214,224,225,220,209,198,189,187,193,206,220,233,240,238,224,199,169,141,118,108,112,126
MA11,2001/03/09,152,182,207,223,230,225,211,195,180,170,171,182,198,216,232,240,236,217,188,155,124,104,098,105
MA11,2001/03/10,126,155,185,207,219,219,207,189,168,152,146,152,168,189,213,231,238,231,210,180,148,122,107,105
MA11,2001/03/11,119,145,174,200,218,223,215,196,172,150,136,135,145,164,189,214,230,232,221,199,169,141,120,110
MA11,2001/03/12,117,137,163,190,212,223,219,203,178,153,133,123,125,140,165,193,215,227,227,215,194,169,146,133
MA11,2001/03/13,133,146,168,191,213,227,228,216,193,164,139,122,115,121,138,161,185,201,209,206,193,174,154,138
MA11,2001/03/14,132,138,153,174,196,213,220,214,195,170,146,125,112,111,122,142,164,183,197,203,199,189,176,163
MA11,2001/03/15,157,159,169,185,205,223,235,235,224,204,181,158,140,131,131,141,157,174,190,199,202,199,190,180
MA11,2001/03/16,173,171,174,184,197,211,221,224,216,201,183,163,145,132,126,128,137,149,161,172,181,183,182,179
MA11,2001/03/17,176,175,177,180,189,200,209,214,212,205,192,177,161,147,138,135,137,143,152,162,173,182,188,193
MA11,2001/03/18,196,198,200,202,207,213,220,224,225,221,215,205,191,177,163,154,150,147,147,152,160,169,178,185
MA11,2001/03/19,191,196,198,199,199,200,201,203,204,204,203,200,194,184,174,164,152,143,138,138,143,151,163,176
MA11,2001/03/20,188,198,203,203,202,199,195,194,194,197,202,206,207,204,198,187,172,157,144,138,138,145,157,174
MA11,2001/03/21,190,205,215,217,214,206,197,190,186,186,193,201,206,209,207,199,185,166,148,134,126,128,137,153
MA11,2001/03/22,174,193,206,212,211,202,191,180,172,171,178,189,201,212,217,215,204,185,164,145,132,128,134,148
MA11,2001/03/23,169,191,206,214,215,205,191,176,163,157,161,171,186,201,212,215,209,192,168,145,126,116,116,127
MA11,2001/03/24,148,172,193,207,212,206,191,172,154,143,141,150,167,186,204,215,215,203,182,158,135,120,115,122
MA11,2001/03/25,140,164,188,206,215,214,201,181,159,142,136,141,157,180,203,221,228,223,207,184,161,142,132,133
MA11,2001/03/26,148,172,196,217,231,232,222,203,180,158,146,144,154,172,196,220,234,235,224,205,184,162,146,142
MA11,2001/03/27,150,168,190,210,225,230,222,203,177,150,132,124,127,143,167,192,212,222,218,205,186,166,149,140
MA11,2001/03/28,143,156,175,196,213,222,219,204,181,155,133,119,117,127,148,175,201,217,222,217,205,187,170,160
MA11,2001/03/29,159,167,184,202,219,230,231,220,199,173,148,130,120,121,135,158,184,205,218,222,217,206,192,181
MA11,2001/03/30,178,182,193,209,224,236,240,233,214,190,165,143,127,121,126,140,160,180,195,203,204,198,188,178
MA11,2001/03/31,172,172,179,189,202,215,223,220,209,191,170,148,130,120,116,122,137,154,171,187,195,196,193,187
MA11,2001/04/01,184,185,186,192,201,212,220,222,216,204,189,170,151,133,122,120,124,133,147,162,175,184,188,189
MA11,2001/04/02,190,190,190,192,196,202,209,212,211,206,197,184,169,153,138,129,124,125,132,144,159,173,185,194
MA11,2001/04/03,201,204,205,205,204,206,209,211,211,210,208,203,195,183,168,154,140,128,125,128,137,151,167,181
MA11,2001/04/04,194,202,205,204,199,195,192,191,192,196,201,205,206,202,191,174,155,137,123,116,119,129,146,165
MA11,2001/04/05,184,198,206,205,198,189,179,171,168,172,181,192,202,207,206,197,179,156,134,118,111,114,127,149
MA11,2001/04/06,172,193,206,209,203,190,174,160,152,151,159,174,190,205,213,211,199,176,150,126,110,106,113,132
MA11,2001/04/07,157,181,200,209,206,194,175,155,139,132,137,151,172,195,211,220,217,200,175,149,127,114,112,126
MA11,2001/04/08,150,176,199,213,213,203,183,157,134,119,116,126,146,172,197,216,224,217,199,175,150,131,123,129
MA11,2001/04/09,148,173,198,215,221,214,195,166,137,115,104,105,121,147,176,201,218,221,211,193,170,149,136,135
MA11,2001/04/10,147,170,194,214,225,223,208,183,152,124,105,099,106,126,153,181,204,216,216,206,188,167,151,145
MA11,2001/04/11,152,168,190,211,227,231,222,201,172,143,119,106,106,119,141,169,195,213,221,219,209,194,180,171
MA11,2001/04/12,171,181,199,219,235,244,240,224,200,172,146,127,118,122,137,159,184,204,215,218,215,206,193,184
MA11,2001/04/13,180,182,193,207,221,231,233,222,202,178,153,130,114,108,114,129,148,167,182,192,195,190,184,177
MA11,2001/04/14,172,173,179,189,201,211,216,213,200,182,161,141,126,117,117,126,140,155,171,185,194,196,193,189
MA11,2001/04/15,188,187,188,193,200,209,214,214,206,195,180,162,145,133,126,127,135,144,154,167,178,184,188,189
MA11,2001/04/16,189,189,188,189,192,196,200,201,198,192,183,171,159,147,136,130,130,132,138,148,160,169,177,183
MA11,2001/04/17,187,190,189,187,185,186,187,188,189,188,185,180,172,163,152,143,135,130,130,136,146,157,168,179
MA11,2001/04/18,188,194,195,192,186,181,179,178,179,182,186,187,185,180,172,161,150,139,133,133,140,150,164,178
MA11,2001/04/19,191,200,204,201,193,185,178,172,171,176,184,191,197,198,195,186,173,159,147,142,143,150,163,180
MA11,2001/04/20,197,209,216,215,206,193,179,167,161,163,171,183,194,202,203,197,184,167,149,136,130,132,143,161
MA11,2001/04/21,181,197,208,208,200,186,169,151,139,138,146,161,179,195,204,205,197,181,162,146,135,133,140,156
MA11,2001/04/22,177,197,211,217,212,198,178,157,139,132,137,152,173,195,211,219,216,202,183,163,147,137,139,151
MA11,2001/04/23,171,192,210,218,215,201,179,153,130,115,113,125,145,171,196,212,218,212,196,177,159,146,142,149
MA11,2001/04/24,166,189,209,220,223,213,192,165,137,115,107,111,128,153,181,204,218,219,208,192,174,158,149,152
MA11,2001/04/25,165,184,205,220,226,220,202,176,146,119,103,100,111,134,163,191,212,222,219,208,191,174,162,159
MA11,2001/04/26,166,182,202,217,226,225,212,187,156,127,104,092,094,111,136,166,193,209,214,210,199,184,170,163
MA11,2001/04/27,165,177,193,209,222,225,217,197,168,137,110,093,087,094,113,139,166,189,203,207,203,192,181,172
MA11,2001/04/28,171,177,189,203,216,222,220,207,184,157,130,107,093,090,100,118,142,167,185,196,200,195,188,181
MA11,2001/04/29,178,180,187,197,209,218,221,214,198,177,153,129,111,100,099,108,126,146,166,183,193,197,195,192
MA11,2001/04/30,190,190,192,197,206,216,221,220,213,199,182,163,143,128,119,118,125,138,154,172,187,197,201,202
MA11,2001/05/01,201,200,198,198,201,206,210,214,211,205,196,183,167,150,135,125,122,124,133,146,162,178,188,195
MA11,2001/05/02,199,199,196,192,189,188,190,192,195,197,196,193,185,172,157,142,131,126,125,132,147,164,180,192
MA11,2001/05/03,200,203,201,194,185,178,174,173,176,182,189,194,195,192,181,167,151,137,127,127,136,152,168,186
MA11,2001/05/04,199,206,206,198,185,172,161,154,154,159,171,185,196,202,201,191,176,157,140,131,132,140,157,176
MA11,2001/05/05,194,207,210,203,189,171,153,139,131,134,146,163,181,197,204,203,192,175,155,139,132,135,146,165
MA11,2001/05/06,186,204,213,210,198,178,154,132,117,113,120,138,161,184,202,211,209,196,178,159,146,143,149,165
MA11,2001/05/07,186,206,220,223,214,194,168,141,120,108,109,122,145,173,198,215,222,217,204,187,171,160,159,169
MA11,2001/05/08,188,209,227,234,231,215,191,161,132,112,105,112,131,158,186,210,226,229,222,208,192,178,171,175
MA11,2001/05/09,189,209,228,242,244,234,213,183,151,125,110,108,120,143,171,199,221,232,231,223,210,196,186,184
MA11,2001/05/10,191,206,224,240,246,241,224,197,165,136,114,104,106,121,146,173,197,215,222,219,210,197,186,180
MA11,2001/05/11,182,193,209,224,234,235,224,204,176,146,122,106,100,109,126,149,174,195,208,212,208,199,190,183
MA11,2001/05/12,182,187,197,211,222,227,224,209,185,159,134,114,104,103,113,132,153,173,189,198,200,197,190,183
MA11,2001/05/13,180,181,187,197,208,216,218,209,193,171,150,130,115,109,112,123,140,158,174,186,194,195,192,188
MA11,2001/05/14,185,182,184,189,197,204,209,206,196,181,163,146,130,120,117,121,132,146,160,174,185,192,193,191
MA11,2001/05/15,189,187,186,186,190,195,200,201,197,189,178,165,152,140,133,133,137,145,156,170,183,194,200,202
MA11,2001/05/16,202,199,195,192,191,192,195,198,198,197,193,186,177,166,157,151,148,150,156,167,180,192,202,208
MA11,2001/05/17,210,209,203,195,188,184,182,182,185,188,191,192,188,180,171,161,153,149,148,154,164,177,190,200
MA11,2001/05/18,206,208,204,195,184,175,167,165,167,174,183,190,193,192,187,178,168,160,154,155,162,173,188,201
MA11,2001/05/19,211,217,216,206,192,178,166,159,158,163,175,189,200,206,205,197,186,175,165,160,163,172,184,200
MA11,2001/05/20,213,222,223,215,199,181,162,149,142,144,155,173,190,204,210,208,200,187,174,163,159,163,174,190
MA11,2001/05/21,206,219,224,218,204,183,160,139,126,123,131,149,172,193,208,214,210,200,186,173,164,163,170,184
MA11,2001/05/22,201,217,225,224,213,192,165,138,118,108,111,127,151,178,201,216,220,215,202,188,176,170,173,183
MA11,2001/05/23,199,216,229,233,226,207,180,150,123,105,100,110,132,160,189,213,226,228,221,208,195,185,181,186
MA11,2001/05/24,200,218,234,243,241,227,202,172,140,113,100,102,118,145,176,204,226,237,236,227,214,202,194,194
MA11,2001/05/25,202,217,234,246,249,241,221,191,157,125,103,094,099,118,145,175,202,219,226,224,214,203,193,188
MA11,2001/05/26,192,205,221,234,243,241,228,205,173,140,114,097,092,102,123,150,178,202,218,223,222,214,204,197
MA11,2001/05/27,197,203,215,228,239,243,238,222,196,167,137,114,101,099,110,130,155,181,201,213,217,215,208,202
MA11,2001/05/28,198,199,205,215,226,235,236,227,211,188,162,138,118,107,107,118,135,157,178,195,204,208,205,199
MA11,2001/05/29,194,190,190,195,203,211,218,217,210,196,178,158,138,122,114,114,123,139,158,177,193,202,204,202
MA11,2001/05/30,197,191,186,184,187,193,200,205,205,200,193,180,165,149,136,128,129,137,149,166,183,198,207,208
MA11,2001/05/31,206,201,193,187,183,183,188,194,199,203,205,202,196,185,172,161,155,154,160,172,188,205,218,224
MA11,2001/06/01,224,219,208,196,184,176,173,173,178,187,195,202,204,199,191,179,167,159,157,161,174,189,204,216
MA11,2001/06/02,222,221,211,196,178,163,152,149,151,161,175,189,200,206,206,198,185,174,165,162,168,180,196,212
MA11,2001/06/03,222,225,218,204,185,164,145,134,131,137,152,171,191,207,216,216,209,197,185,177,177,185,198,214
MA11,2001/06/04,228,237,236,224,204,180,155,135,123,123,133,153,176,198,215,222,221,212,198,186,179,180,188,202
MA11,2001/06/05,219,233,236,230,213,189,160,134,114,105,110,126,150,176,199,216,221,219,209,196,185,181,185,195
MA11,2001/06/06,211,227,236,236,225,204,177,148,122,104,101,112,132,158,186,209,223,228,222,212,201,193,191,198
MA11,2001/06/07,211,228,242,248,244,229,204,173,143,120,109,110,124,147,174,200,221,231,231,224,212,201,195,196
MA11,2001/06/08,205,218,233,243,245,235,214,186,156,128,109,103,110,127,151,178,201,217,223,220,211,202,193,188
MA11,2001/06/09,192,204,218,231,238,236,222,198,169,140,118,105,104,115,135,159,183,203,215,218,214,206,196,189
MA11,2001/06/10,189,196,208,221,232,237,229,212,189,163,139,122,115,119,134,154,9999,9999,9999,9999,9999,9999,9999,9999
MA11,2001/06/11,9999,9999,9999,9999,9999,9999,9999,9999,9999,9999,9999,9999,9999,9999,9999,9999,9999,9999,9999,9999,9999,9999,9999,9999
MA11,2001/06/12,9999,9999,9999,9999,9999,9999,9999,9999,9999,9999,9999,9999,9999,9999,9999,9999,9999,9999,9999,9999,9999,9999,9999,9999
MA11,2001/06/13,9999,9999,9999,9999,9999,9999,9999,9999,9999,9999,9999,169,154,143,139,142,152,165,181,195,206,213,214,210
MA11,2001/06/14,205,198,192,189,190,195,201,205,206,202,195,185,173,161,154,152,155,163,175,188,201,211,215,215
MA11,2001/06/15,211,204,195,187,183,182,185,190,194,198,198,193,186,178,169,163,161,163,170,181,193,206,214,216
MA11,2001/06/16,214,207,196,184,173,165,164,166,172,180,186,190,190,185,179,171,165,162,164,171,183,195,206,213
MA11,2001/06/17,214,210,200,184,169,156,148,147,152,162,174,186,195,198,196,189,182,175,172,174,182,194,207,218
MA11,2001/06/18,224,223,214,198,179,160,145,136,136,146,161,179,196,207,211,209,201,193,185,182,185,195,207,220
MA11,2001/06/19,232,236,231,217,196,173,151,134,127,131,145,166,189,210,224,228,225,217,206,198,195,200,211,224
MA11,2001/06/20,237,246,246,236,216,190,162,137,121,117,126,146,171,198,220,232,234,230,219,208,200,199,204,214
MA11,2001/06/21,228,241,246,241,226,201,169,137,112,097,097,111,135,165,193,215,227,228,221,209,199,194,193,201
MA11,2001/06/22,216,232,242,245,237,217,189,154,120,096,086,090,108,136,168,197,218,228,227,218,207,198,193,195
MA11,2001/06/23,206,220,235,244,244,231,208,175,139,108,087,080,088,109,138,170,197,215,222,218,210,200,192,189
MA11,2001/06/24,196,209,223,236,243,240,225,200,166,132,105,089,086,099,122,151,181,206,220,223,218,209,200,193
MA11,2001/06/25,193,201,214,228,240,245,241,224,198,169,138,115,104,104,118,142,168,195,216,225,227,223,212,202
MA11,2001/06/26,197,198,206,218,231,241,243,236,220,196,170,146,127,118,121,135,156,181,202,218,225,223,215,205
MA11,2001/06/27,196,191,192,198,209,222,230,232,226,213,195,174,154,140,136,141,156,176,196,215,226,229,224,213
MA11,2001/06/28,202,193,185,185,190,198,209,216,217,214,206,193,177,162,152,149,154,167,184,202,217,225,225,219
MA11,2001/06/29,209,197,185,176,174,177,184,192,200,205,206,203,196,186,175,168,167,172,182,197,212,224,228,226
MA11,2001/06/30,219,207,191,176,166,161,163,168,177,187,196,202,203,200,194,186,181,180,185,195,208,223,234,237
MA11,2001/07/01,235,225,210,192,175,163,156,156,163,174,188,201,210,213,212,205,197,190,187,191,200,213,225,231
MA11,2001/07/02,232,227,214,195,174,154,139,130,130,139,153,171,189,202,209,209,203,196,190,188,191,200,212,223
MA11,2001/07/03,231,232,224,210,188,164,141,125,117,121,134,152,174,195,210,219,219,213,205,198,196,201,210,222
MA11,2001/07/04,235,243,242,231,212,188,160,136,120,115,122,140,162,186,208,222,227,226,218,208,202,200,205,217
MA11,2001/07/05,231,242,246,242,228,207,179,150,127,114,113,125,146,172,197,217,229,233,228,218,208,201,201,208
MA11,2001/07/06,222,238,248,250,243,225,198,168,140,120,111,115,133,157,181,206,223,231,230,221,210,200,194,196
MA11,2001/07/07,208,222,235,243,242,230,208,180,151,125,109,105,115,135,161,188,210,223,227,221,212,202,192,190
MA11,2001/07/08,196,209,225,238,244,239,224,200,171,143,122,112,114,128,151,177,201,219,227,226,219,208,197,190
MA11,2001/07/09,191,200,213,228,238,240,231,212,186,158,134,119,115,122,139,162,186,206,219,223,218,209,197,187
MA11,2001/07/10,183,188,198,212,225,231,230,218,197,173,150,131,122,123,135,154,176,197,212,220,220,213,201,190
MA11,2001/07/11,183,183,189,199,211,223,227,222,209,190,168,149,137,133,139,154,173,193,210,221,224,220,211,199
MA11,2001/07/12,190,185,185,192,202,213,221,222,216,202,186,170,155,147,148,157,171,189,205,219,226,226,219,207
MA11,2001/07/13,196,189,184,183,189,199,208,214,214,207,197,184,171,162,158,161,170,183,199,213,222,225,221,211
MA11,2001/07/14,201,189,178,171,171,176,186,194,200,201,197,190,182,173,168,166,170,180,192,204,216,223,223,217
MA11,2001/07/15,207,195,180,168,162,161,166,174,182,191,196,197,194,189,183,179,179,182,189,198,210,220,225,224
MA11,2001/07/16,216,204,190,174,159,152,151,154,163,175,187,197,202,204,202,198,194,193,195,201,211,222,230,232
MA11,2001/07/17,230,221,207,188,168,152,141,137,143,155,172,188,202,211,215,214,209,204,200,200,207,216,225,233
MA11,2001/07/18,235,231,220,201,178,155,136,123,121,129,145,167,189,206,217,222,220,213,206,201,202,209,218,228
MA11,2001/07/19,236,239,233,218,195,168,141,119,107,107,119,141,166,192,212,225,228,224,215,207,203,205,211,223
MA11,2001/07/20,235,244,246,237,220,193,161,130,106,095,098,114,140,170,198,219,230,231,224,215,206,201,203,212
MA11,2001/07/21,225,240,250,250,239,218,187,152,119,097,088,094,114,143,175,202,222,230,228,219,207,198,193,198
MA11,2001/07/22,210,227,242,251,250,238,214,180,144,113,093,089,099,123,154,186,212,228,231,226,216,204,194,192
MA11,2001/07/23,199,213,231,247,255,252,238,212,178,144,117,102,102,117,143,173,203,225,235,234,225,212,198,189
MA11,2001/07/24,189,199,215,233,247,253,250,234,208,177,147,125,115,119,136,162,189,214,229,233,228,216,199,185
MA11,2001/07/25,178,180,192,207,224,238,242,236,220,197,171,147,132,128,136,155,179,202,221,230,230,221,205,188
MA11,2001/07/26,175,170,173,184,199,215,226,229,223,209,191,170,153,145,145,156,175,196,216,229,233,228,214,197
MA11,2001/07/27,180,167,161,163,173,186,198,207,211,207,198,186,172,161,158,161,173,189,206,221,231,230,222,208
MA11,2001/07/28,191,175,162,156,157,164,175,185,193,198,198,195,188,181,175,174,180,190,203,217,228,232,229,219
MA11,2001/07/29,206,189,173,159,152,151,156,164,174,184,191,196,197,196,192,190,190,193,201,212,223,231,233,228
MA11,2001/07/30,218,205,188,171,156,147,144,148,156,168,181,192,201,206,207,205,202,201,203,208,217,227,233,235
MA11,2001/07/31,231,221,206,188,169,153,143,139,142,151,166,182,197,209,216,219,217,212,207,207,212,220,228,234
MA11,2001/08/01,237,234,224,208,188,167,148,135,130,135,147,164,183,201,214,221,221,216,208,202,201,205,213,223
MA11,2001/08/02,231,235,231,219,201,177,153,133,120,117,126,142,164,186,205,218,222,219,210,201,195,195,200,210
MA11,2001/08/03,222,232,236,231,217,194,168,142,122,112,114,127,148,173,197,216,225,225,218,208,198,193,195,204
MA11,2001/08/04,217,232,242,243,234,217,193,164,138,121,115,123,141,166,192,215,229,233,228,217,204,194,189,194
MA11,2001/08/05,206,221,236,244,242,230,208,180,151,128,115,116,129,150,176,201,220,229,228,218,204,192,184,183
MA11,2001/08/06,192,208,225,239,245,240,224,199,170,144,126,120,126,144,168,194,216,230,232,226,213,198,187,181
MA11,2001/08/07,185,198,215,231,242,243,233,212,185,157,136,125,126,139,160,185,209,225,231,227,217,201,187,177
MA11,2001/08/08,175,184,200,217,232,240,237,222,200,174,151,136,131,137,154,177,200,218,228,229,221,206,190,176
MA11,2001/08/09,170,174,185,201,218,230,234,228,213,192,171,153,144,146,158,177,198,217,230,234,229,216,200,184
MA11,2001/08/10,173,170,175,187,202,218,228,228,219,204,186,169,158,155,163,177,195,213,227,235,234,225,210,193
MA11,2001/08/11,179,170,168,174,187,201,213,218,217,209,197,184,173,167,169,178,191,207,221,229,231,225,213,197
MA11,2001/08/12,181,168,159,158,164,176,189,198,202,201,196,187,179,174,173,178,186,198,210,221,226,224,216,203
MA11,2001/08/13,187,172,160,151,150,157,166,177,186,193,197,196,193,189,188,189,193,199,208,218,225,227,223,214
MA11,2001/08/14,201,186,170,155,145,143,147,156,167,179,189,196,199,201,202,201,201,203,206,213,220,224,225,222
MA11,2001/08/15,213,201,184,164,147,137,132,133,141,154,170,185,197,205,209,210,209,206,205,209,214,221,226,227
MA11,2001/08/16,226,219,205,185,163,142,127,120,122,133,151,172,193,210,221,225,223,218,213,210,211,216,223,231
MA11,2001/08/17,237,238,230,213,190,163,139,120,111,114,128,150,175,200,220,232,235,230,220,212,208,209,216,227
MA11,2001/08/18,239,247,249,240,220,192,161,131,110,101,106,124,150,180,208,226,234,232,221,209,199,193,196,206
MA11,2001/08/19,221,237,248,249,238,216,185,150,118,098,092,101,124,155,187,213,229,233,225,210,195,183,179,186
MA11,2001/08/20,201,221,240,251,251,239,214,180,145,117,101,100,115,141,174,204,227,237,233,220,203,186,175,175
MA11,2001/08/21,186,205,228,248,259,259,245,219,186,153,130,120,125,144,173,204,230,245,247,238,219,199,182,173
MA11,2001/08/22,176,191,212,235,254,264,261,246,221,191,164,147,143,154,176,204,231,251,257,253,238,216,195,180
MA11,2001/08/23,174,178,192,212,232,248,253,247,231,208,183,164,154,156,170,192,216,236,246,245,234,213,189,168
MA11,2001/08/24,155,151,158,173,192,211,224,228,222,210,192,176,165,162,170,185,205,225,238,243,238,222,200,178
MA11,2001/08/25,160,149,148,156,170,188,203,213,215,212,202,192,183,178,181,191,207,223,237,245,244,234,217,197
MA11,2001/08/26,178,162,153,152,158,170,184,195,203,207,206,202,198,195,195,200,208,219,231,240,243,239,228,213
MA11,2001/08/27,196,180,167,158,156,161,168,177,187,195,201,205,207,208,208,208,212,218,224,232,239,238,233,224
MA11,2001/08/28,211,196,181,167,157,153,154,159,167,177,187,197,205,210,213,214,213,212,213,218,223,227,228,226
MA11,2001/08/29,220,210,197,180,164,153,146,144,148,157,170,185,198,210,218,220,218,214,210,210,213,217,222,226
MA11,2001/08/30,227,223,214,199,180,162,149,140,137,143,156,173,191,208,220,226,225,219,211,206,205,209,215,224
MA11,2001/08/31,232,235,232,222,204,184,164,146,137,138,148,165,186,207,224,234,236,229,218,208,202,200,205,216
MA11,2001/09/01,228,237,241,236,221,200,176,153,137,132,137,151,173,197,218,233,237,231,220,206,194,189,191,202
MA11,2001/09/02,217,232,242,242,233,216,192,165,143,129,128,139,159,184,208,227,236,233,222,206,192,181,178,185
MA11,2001/09/03,200,218,234,242,239,227,205,177,151,133,126,132,148,172,198,220,233,235,226,212,194,178,170,174
MA11,2001/09/04,187,205,225,240,245,239,221,196,169,146,133,132,144,166,191,214,231,237,230,215,197,178,165,163
MA11,2001/09/05,172,190,212,231,242,243,233,212,187,162,145,139,146,163,187,212,230,238,235,223,204,183,165,156
MA11,2001/09/06,160,175,196,217,234,241,238,223,200,177,159,149,150,163,184,208,228,239,240,231,213,191,170,157
MA11,2001/09/07,153,161,179,201,222,237,241,232,216,196,177,164,160,167,184,205,226,239,244,238,224,202,179,162
MA11,2001/09/08,153,154,166,184,205,222,232,231,221,206,190,176,169,171,183,200,218,232,239,236,225,206,184,163
MA11,2001/09/09,149,144,148,161,178,197,211,217,215,207,195,184,177,177,183,196,211,224,233,235,228,214,194,174
MA11,2001/09/10,158,147,144,150,162,178,195,206,211,210,206,200,194,193,195,203,213,224,232,237,235,225,210,193
MA11,2001/09/11,176,161,152,148,152,163,176,189,198,205,209,209,208,209,211,215,222,230,238,244,246,242,232,219
MA11,2001/09/12,202,184,168,156,151,153,161,170,182,193,202,208,213,215,216,217,218,220,224,228,231,230,226,218
MA11,2001/09/13,207,194,177,159,146,138,136,141,150,164,180,195,207,215,219,219,216,212,211,213,216,218,221,222
MA11,2001/09/14,220,212,199,179,159,141,129,125,128,141,160,179,199,214,222,224,221,212,205,202,203,208,216,224
MA11,2001/09/15,231,232,226,210,187,162,141,124,118,124,139,162,189,210,227,235,233,224,213,203,198,200,208,221
MA11,2001/09/16,236,247,251,242,224,198,169,143,126,121,131,151,178,206,229,242,244,235,220,205,193,188,193,207
MA11,2001/09/17,227,246,259,262,252,231,201,170,144,128,128,141,165,194,221,241,247,240,222,202,183,170,169,179
MA11,2001/09/18,197,221,243,256,257,245,221,190,159,136,127,133,151,179,209,233,245,242,227,205,180,160,150,153
MA11,2001/09/19,168,192,219,241,253,251,237,211,181,154,136,133,145,167,195,222,240,243,231,210,183,157,138,132
MA11,2001/09/20,140,160,187,213,234,245,241,226,203,177,158,149,152,168,193,219,239,247,241,225,200,170,146,133
MA11,2001/09/21,132,144,165,190,214,231,237,232,217,198,179,167,164,173,191,215,234,244,243,231,208,180,153,132
MA11,2001/09/22,122,125,139,159,181,202,215,217,212,200,187,176,169,172,185,202,220,233,236,229,213,190,163,140
MA11,2001/09/23,125,119,124,137,155,175,191,199,201,197,189,181,176,176,183,196,211,223,229,228,218,201,179,157
MA11,2001/09/24,139,129,126,131,142,157,172,184,191,193,193,191,188,187,190,198,207,215,222,225,222,211,196,179
MA11,2001/09/25,163,150,142,139,142,151,161,173,183,191,197,201,202,202,204,207,211,215,219,222,223,219,209,198
MA11,2001/09/26,185,171,159,150,145,145,151,158,167,177,187,196,202,205,207,208,208,207,208,212,214,214,212,208
MA11,2001/09/27,201,191,179,166,155,148,147,150,157,168,181,194,205,213,217,218,213,208,205,205,207,211,215,217
MA11,2001/09/28,218,214,206,191,175,162,153,149,152,160,172,189,205,216,224,225,219,209,199,193,193,196,202,211
MA11,2001/09/29,217,219,215,203,187,170,152,140,137,141,154,171,190,208,220,223,219,207,193,182,176,176,183,196
MA11,2001/09/30,209,218,221,215,202,183,163,146,136,135,144,162,183,203,220,228,226,214,199,184,173,169,175,188
MA11,2001/10/01,206,223,232,233,226,210,189,169,153,146,153,169,191,215,235,248,250,239,222,204,189,180,181,193
MA11,2001/10/02,212,234,251,258,255,242,220,196,176,162,160,170,188,212,234,248,251,242,223,201,179,164,160,168
MA11,2001/10/03,186,209,231,244,247,239,221,197,173,156,149,154,169,191,215,233,240,234,218,196,171,151,140,143
MA11,2001/10/04,159,182,207,228,239,239,227,206,184,165,155,155,167,187,210,230,242,240,228,207,180,156,141,137
MA11,2001/10/05,148,169,194,218,237,244,238,223,203,185,171,166,172,188,209,230,243,245,236,217,192,166,145,134
MA11,2001/10/06,138,153,177,202,224,239,242,233,217,199,184,176,177,188,205,224,238,243,237,222,199,172,148,131
MA11,2001/10/07,127,135,153,177,201,220,231,230,220,207,193,184,181,187,201,219,234,241,239,229,209,184,159,138
MA11,2001/10/08,126,127,137,156,179,201,216,223,221,214,205,196,193,195,204,218,231,240,243,238,223,202,179,157
MA11,2001/10/09,141,134,135,146,164,185,203,216,221,220,216,211,206,206,211,219,228,236,240,238,229,213,194,174
MA11,2001/10/10,156,142,135,136,145,159,175,189,201,208,210,210,208,207,209,214,219,225,229,231,229,220,208,193
MA11,2001/10/11,176,161,148,141,141,146,157,171,185,199,210,216,220,222,223,224,225,225,227,229,229,226,221,212
MA11,2001/10/12,201,187,172,157,147,142,144,153,165,181,197,211,220,225,226,225,220,215,213,214,217,220,223,224
MA11,2001/10/13,223,216,203,186,167,153,145,144,151,166,185,204,219,229,232,231,223,212,203,197,197,204,212,221
MA11,2001/10/14,228,230,223,208,188,167,148,137,136,145,162,185,206,222,232,232,223,208,191,179,174,177,187,203
MA11,2001/10/15,219,231,234,227,211,187,162,142,131,131,145,167,191,213,228,232,223,205,183,163,150,147,156,173
MA11,2001/10/16,195,217,232,236,229,211,186,161,142,135,142,160,185,210,230,240,237,219,194,169,148,139,141,156
MA11,2001/10/17,180,209,232,248,251,240,219,194,171,157,155,167,188,213,236,251,251,237,212,182,154,134,128,134
MA11,2001/10/18,154,183,211,234,248,248,234,213,190,171,162,166,180,203,227,245,250,241,219,190,158,131,115,113
MA11,2001/10/19,125,149,178,205,227,237,233,220,202,183,170,168,177,195,218,238,247,243,227,200,167,137,115,104
MA11,2001/10/20,108,124,147,175,200,216,222,218,206,191,178,172,175,187,205,224,237,240,230,209,180,149,124,106
MA11,2001/10/21,101,110,129,153,178,199,210,213,210,200,189,182,181,187,201,218,231,238,235,220,198,172,145,124
MA11,2001/10/22,113,113,124,142,163,183,199,209,212,208,202,197,194,197,207,220,232,240,242,235,220,199,177,155
MA11,2001/10/23,139,133,136,147,163,180,196,209,216,218,216,214,212,212,216,223,231,237,240,237,227,213,196,177
MA11,2001/10/24,161,150,145,146,154,165,179,191,201,207,211,212,211,210,211,214,217,220,223,223,220,212,201,188
MA11,2001/10/25,175,163,153,148,148,154,161,171,182,192,200,207,210,211,210,209,208,206,206,207,208,207,202,196
MA11,2001/10/26,188,178,167,157,151,150,152,159,169,180,192,202,208,212,212,208,202,196,192,192,193,197,200,200
MA11,2001/10/27,199,194,184,173,162,154,151,152,159,170,185,199,210,217,219,215,205,194,184,179,180,186,194,202
MA11,2001/10/28,207,208,203,193,180,167,157,153,156,166,182,199,215,225,230,226,216,202,189,180,177,182,193,206
MA11,2001/10/29,219,228,229,222,209,194,178,167,164,169,181,198,216,230,238,236,225,206,186,170,159,159,170,185
MA11,2001/10/30,202,217,225,223,214,197,180,165,156,157,167,184,204,222,234,236,226,206,183,161,146,141,148,165
MA11,2001/10/31,187,208,223,230,226,213,193,175,163,157,163,178,197,218,233,238,230,212,187,161,140,129,131,144
MA11,2001/11/01,167,193,215,229,232,224,208,189,173,163,164,175,192,212,231,241,239,223,198,169,143,125,119,128
MA11,2001/11/02,148,176,203,223,234,232,221,205,188,174,169,174,187,206,225,237,239,227,203,175,145,121,109,110
MA11,2001/11/03,124,151,180,207,226,234,230,218,201,186,178,180,190,208,227,242,248,241,222,195,165,137,120,114
MA11,2001/11/04,121,141,169,197,222,238,240,234,221,205,194,190,193,205,220,234,241,238,225,201,171,140,114,099
MA11,2001/11/05,097,110,131,158,184,205,218,218,211,200,190,184,185,193,208,224,236,240,234,216,191,163,136,117
MA11,2001/11/06,109,113,129,153,180,204,222,231,230,224,216,209,208,212,221,234,243,245,241,230,211,185,158,134
MA11,2001/11/07,117,110,114,127,145,167,187,201,208,208,204,200,196,195,201,209,217,224,225,220,209,191,170,148
MA11,2001/11/08,130,118,113,117,129,146,165,183,196,202,205,205,203,201,202,205,209,213,217,218,214,204,192,176
MA11,2001/11/09,159,144,133,128,130,139,153,169,186,199,207,212,213,211,209,206,205,205,206,208,210,210,206,199
MA11,2001/11/10,188,175,160,147,141,140,146,158,173,190,204,213,217,218,214,207,199,191,189,190,193,199,204,206
MA11,2001/11/11,205,197,183,168,153,142,139,144,156,172,190,206,216,219,216,207,194,180,171,167,169,178,191,203
MA11,2001/11/12,212,215,210,196,180,163,151,148,154,167,185,204,220,229,230,220,204,185,167,156,154,160,173,191
MA11,2001/11/13,209,221,226,221,208,190,173,161,158,165,181,201,219,233,238,231,214,190,165,145,135,136,149,169
MA11,2001/11/14,193,215,231,236,230,215,196,179,169,168,179,198,218,234,243,240,224,198,168,140,121,114,118,136
MA11,2001/11/15,163,191,215,230,234,226,210,192,177,169,173,187,206,225,240,243,233,210,179,146,119,103,100,113
MA11,2001/11/16,136,166,196,220,233,233,224,209,194,181,178,185,201,220,238,246,242,224,196,162,130,107,095,098
MA11,2001/11/17,115,142,173,201,221,230,229,219,205,192,184,187,198,215,233,245,248,238,215,184,151,121,102,097
MA11,2001/11/18,104,125,152,179,203,220,225,222,213,202,193,191,196,209,226,241,248,244,228,203,172,142,117,103
MA11,2001/11/19,102,115,137,162,187,208,220,223,219,210,200,195,195,202,216,230,240,241,231,212,187,159,132,113
MA11,2001/11/20,104,108,122,142,165,187,204,212,212,208,201,194,192,194,203,215,226,231,228,216,198,174,150,129
MA11,2001/11/21,116,112,118,131,149,170,187,199,204,204,201,197,193,193,197,206,215,221,222,217,206,189,170,151
MA11,2001/11/22,137,129,128,134,146,161,177,191,200,205,207,205,201,199,199,202,207,211,214,214,208,199,186,171
MA11,2001/11/23,158,148,142,142,148,159,172,186,198,206,211,211,210,207,204,202,202,202,204,206,207,204,198,189
MA11,2001/11/24,178,168,160,155,154,159,168,179,192,202,210,215,215,213,208,202,197,193,192,194,197,200,202,200
MA11,2001/11/25,195,189,182,173,167,166,169,178,189,202,214,222,226,226,221,213,203,193,186,183,185,191,199,204
MA11,2001/11/26,207,204,197,189,179,172,171,173,182,196,210,222,231,234,230,221,206,190,176,169,171,180,191,202
MA11,2001/11/27,210,214,213,206,196,186,178,176,180,190,204,218,228,234,233,222,205,184,165,153,148,153,167,184
MA11,2001/11/28,200,214,219,217,207,195,185,177,175,182,195,210,224,233,234,225,207,183,158,138,127,129,141,161
MA11,2001/11/29,184,205,220,224,220,210,197,185,180,182,191,206,222,236,242,238,223,198,169,145,128,122,130,150
MA11,2001/11/30,177,205,229,242,245,240,229,216,205,201,205,216,229,244,254,253,241,219,188,157,130,115,113,126
MA11,2001/12/01,151,180,207,227,236,236,227,214,200,191,191,198,211,229,242,247,242,222,193,161,129,106,097,102
MA11,2001/12/02,121,151,182,209,228,235,232,221,207,197,193,197,208,224,240,249,248,234,208,174,140,110,092,089
MA11,2001/12/03,099,123,154,183,208,225,230,227,219,209,202,201,208,221,236,250,255,248,228,199,165,134,108,095
MA11,2001/12/04,097,111,136,166,195,217,229,231,226,216,207,202,204,214,228,241,249,249,237,215,186,155,126,105
MA11,2001/12/05,095,100,116,141,167,192,209,218,218,212,205,198,196,201,212,224,236,241,237,225,205,180,152,128
MA11,2001/12/06,113,110,117,134,156,181,203,219,227,228,223,216,211,210,215,223,232,240,242,237,225,207,184,161
MA11,2001/12/07,140,127,125,131,145,165,186,204,215,220,219,213,205,199,197,200,204,209,213,214,210,202,188,171
MA11,2001/12/08,153,139,130,127,132,145,162,178,195,207,212,211,205,197,190,185,184,186,190,195,198,199,197,189
MA11,2001/12/09,178,164,152,143,140,144,155,170,187,202,212,215,212,205,196,186,178,174,174,178,185,192,198,201
MA11,2001/12/10,200,193,183,172,162,159,162,171,186,201,213,221,222,217,207,192,177,164,156,155,160,170,183,195
MA11,2001/12/11,203,206,203,193,182,173,169,172,181,195,210,222,227,225,216,201,182,161,145,137,137,146,160,177
MA11,2001/12/12,194,208,214,211,202,191,182,179,183,193,208,222,233,237,232,217,195,169,145,128,121,125,139,160
MA11,2001/12/13,182,204,221,227,225,217,206,198,197,203,216,232,247,257,258,248,229,204,175,148,131,127,136,155
MA11,2001/12/14,179,205,227,241,245,241,230,218,211,208,214,225,239,252,258,253,237,211,179,149,125,112,113,127
MA11,2001/12/15,148,174,202,223,235,238,231,220,208,201,202,210,223,238,248,248,238,216,185,152,121,099,090,095
MA11,2001/12/16,113,139,169,195,212,222,221,213,202,193,190,193,203,218,233,241,240,227,202,170,139,113,097,093
MA11,2001/12/17,103,124,151,179,202,217,223,220,212,202,194,192,199,212,228,242,246,239,221,194,164,135,113,100
MA11,2001/12/18,101,116,139,165,189,208,219,220,213,204,195,188,188,197,210,224,232,231,220,200,173,145,119,102
MA11,2001/12/19,096,103,120,142,165,186,201,207,205,199,189,181,179,182,193,206,217,221,217,202,183,159,134,113
MA11,2001/12/20,103,103,115,132,154,176,193,203,206,202,194,185,178,177,182,192,202,209,210,204,191,172,150,130
MA11,2001/12/21,117,113,117,129,147,167,185,199,207,209,204,196,188,184,186,191,200,208,214,215,209,198,184,169
MA11,2001/12/22,155,148,147,152,164,180,196,212,223,228,226,219,211,204,197,195,197,201,206,209,207,201,190,177
MA11,2001/12/23,165,155,149,149,154,165,178,192,203,210,212,207,200,191,183,177,174,172,176,180,184,184,182,175
MA11,2001/12/24,168,160,153,150,151,156,166,178,191,202,207,206,202,195,186,176,166,160,160,163,169,176,179,181
MA11,2001/12/25,180,176,172,168,164,166,171,179,191,202,209,213,211,206,198,184,168,157,149,149,157,165,176,186
MA11,2001/12/26,192,194,192,187,182,180,179,182,192,203,214,220,221,217,209,195,176,156,141,134,135,144,157,172
MA11,2001/12/27,186,195,198,196,191,186,181,180,184,194,204,213,220,222,216,203,182,158,136,120,114,120,134,154
MA11,2001/12/28,175,193,204,209,206,199,192,187,187,192,201,213,222,228,228,217,195,168,139,115,102,101,111,132
MA11,2001/12/29,156,181,201,211,214,212,203,193,189,190,197,208,221,232,237,232,215,188,158,129,107,097,101,119
MA11,2001/12/30,145,175,203,223,235,238,233,223,214,209,211,218,232,245,253,253,240,216,182,146,115,094,085,092
MA11,2001/12/31,115,144,174,200,217,224,221,211,200,192,188,192,204,219,235,243,238,222,195,160,125,097,079,078
