MA11,1992/01/01,179,191,197,199,199,197,197,199,205,215,223,227,226,220,209,193,173,151,131,119,116,122,134,151
MA11,1992/01/02,170,188,200,206,207,205,201,199,199,204,213,221,226,228,223,210,191,165,139,120,109,109,117,132
MA11,1992/01/03,154,177,195,207,212,212,206,199,195,196,202,211,221,227,228,221,204,178,150,126,107,099,102,114
MA11,1992/01/04,136,162,185,202,213,215,209,198,191,188,190,198,210,222,230,230,216,196,167,138,114,098,092,102
MA11,1992/01/05,122,145,173,195,208,213,211,199,190,182,182,188,198,214,227,232,227,208,181,150,120,100,086,087
MA11,1992/01/06,104,127,156,180,197,209,211,200,190,179,172,172,181,198,214,225,227,217,195,166,139,112,094,091
MA11,1992/01/07,099,124,150,175,197,212,215,209,197,184,176,173,175,190,209,224,233,230,214,190,162,137,115,105
MA11,1992/01/08,107,124,147,170,196,211,217,212,201,188,175,165,164,173,189,206,219,222,214,195,170,144,119,103
MA11,1992/01/09,101,110,129,154,178,198,210,212,205,192,178,166,162,167,180,199,216,225,224,213,194,172,148,132
MA11,1992/01/10,125,130,144,163,186,208,221,224,219,206,190,174,163,160,167,181,196,207,211,206,193,175,154,137
MA11,1992/01/11,127,126,134,150,171,191,206,214,212,203,188,172,157,150,151,160,172,183,192,194,190,179,163,148
MA11,1992/01/12,137,133,137,148,165,185,201,210,213,208,196,180,163,152,148,150,158,168,179,186,189,186,177,167
MA11,1992/01/13,158,153,153,160,173,190,205,215,220,218,210,196,179,165,156,151,152,157,165,175,183,186,186,183
MA11,1992/01/14,180,178,177,181,188,199,211,221,229,231,225,214,197,179,163,151,142,140,143,150,159,168,174,178
MA11,1992/01/15,180,181,180,179,182,189,198,206,214,218,217,211,199,184,168,150,134,123,118,120,130,142,154,166
MA11,1992/01/16,178,184,186,187,187,189,192,197,204,209,213,212,207,197,183,164,142,123,109,103,107,118,135,155
MA11,1992/01/17,175,190,200,204,204,204,204,203,208,214,221,229,230,226,218,200,176,150,124,107,101,106,120,143
MA11,1992/01/18,169,193,211,223,226,225,219,213,210,211,217,227,235,239,239,227,204,174,140,112,092,086,094,110
MA11,1992/01/19,139,167,193,211,218,217,213,203,197,196,200,208,221,232,238,236,221,191,158,122,091,076,072,079
MA11,1992/01/20,105,137,168,193,208,214,209,198,186,180,179,185,198,216,231,240,234,216,188,148,114,085,070,071
MA11,1992/01/21,089,117,151,179,201,214,214,200,186,175,167,166,177,194,216,234,241,235,213,182,149,114,092,084
MA11,1992/01/22,092,112,145,176,204,222,226,218,203,186,172,169,172,186,208,232,248,251,242,221,189,157,129,108
MA11,1992/01/23,107,120,144,173,203,224,234,230,213,194,176,162,156,164,181,203,223,235,236,227,206,182,152,131
MA11,1992/01/24,124,128,145,170,196,217,230,230,217,198,177,156,145,145,154,172,190,207,216,215,203,187,166,145
MA11,1992/01/25,137,132,144,162,184,207,224,228,220,205,184,164,147,136,137,150,166,182,195,201,201,192,177,163
MA11,1992/01/26,151,146,151,164,182,201,216,225,225,212,195,175,155,138,134,136,144,157,170,177,183,184,179,170
MA11,1992/01/27,166,162,164,172,184,199,216,228,230,226,214,198,180,163,151,146,146,148,154,162,171,177,178,178
MA11,1992/01/28,177,176,176,177,183,194,204,214,222,222,214,202,187,169,154,141,134,132,133,138,145,154,163,169
MA11,1992/01/29,176,182,184,186,192,198,206,214,222,226,226,219,206,191,178,161,147,136,129,127,134,143,152,164
MA11,1992/01/30,176,185,192,194,195,197,199,202,206,212,218,220,215,207,197,182,164,146,134,125,124,132,141,157
MA11,1992/01/31,174,190,200,206,206,205,202,198,202,208,213,218,220,218,212,199,181,161,141,125,119,120,131,148
MA11,1992/02/01,168,190,207,219,223,223,218,214,210,213,219,227,234,239,238,232,215,192,165,142,125,119,120,137
MA11,1992/02/02,157,179,196,207,213,212,202,195,184,179,183,194,204,213,220,220,208,186,161,133,112,099,097,107
MA11,1992/02/03,129,153,178,194,206,208,202,192,179,172,172,182,197,213,226,232,227,212,188,161,135,118,110,114
MA11,1992/02/04,134,160,185,206,223,230,224,213,197,184,180,184,195,211,229,241,243,233,210,183,154,130,115,114
MA11,1992/02/05,126,149,175,199,215,228,222,208,193,177,166,164,172,189,208,227,235,232,217,189,163,137,118,111
MA11,1992/02/06,117,135,161,185,206,219,219,209,192,173,159,152,155,168,189,211,224,228,220,201,176,150,130,119
MA11,1992/02/07,121,136,159,184,207,224,228,221,204,184,166,154,150,158,174,194,212,222,221,209,187,162,141,127
MA11,1992/02/08,124,133,152,175,197,214,223,218,203,184,164,148,139,142,155,175,195,209,215,210,196,177,158,143
MA11,1992/02/09,137,142,155,174,196,214,224,223,212,193,172,152,139,134,140,155,174,190,201,203,196,183,167,153
MA11,1992/02/10,145,145,155,171,189,207,219,223,216,201,183,164,145,134,134,143,157,175,188,195,196,191,181,170
MA11,1992/02/11,161,160,166,175,188,203,214,220,217,205,189,169,149,134,126,125,132,144,156,166,173,176,175,171
MA11,1992/02/12,166,166,170,175,186,199,210,217,219,212,201,187,169,150,138,131,129,133,141,152,164,173,178,181
MA11,1992/02/13,183,184,188,191,196,204,213,219,222,221,215,205,190,173,157,143,131,125,125,131,141,153,164,175
MA11,1992/02/14,185,193,197,199,201,204,208,213,216,219,220,217,208,195,178,159,139,122,111,107,112,124,140,158
MA11,1992/02/15,175,188,198,201,202,202,201,202,204,207,213,218,217,212,204,186,162,140,120,105,102,109,125,147
MA11,1992/02/16,171,193,209,218,219,217,212,208,206,210,219,229,235,239,236,222,199,171,141,115,099,096,104,122
MA11,1992/02/17,147,174,195,207,210,207,197,187,178,174,180,193,207,220,228,226,213,189,156,124,098,084,085,099
MA11,1992/02/18,124,156,184,203,213,212,201,187,172,163,163,174,191,212,232,243,240,224,197,162,131,108,098,104
MA11,1992/02/19,125,155,186,211,224,225,214,194,173,155,148,152,165,186,211,230,238,233,214,186,153,125,107,102
MA11,1992/02/20,114,138,168,195,213,220,215,197,173,151,134,129,138,156,181,206,223,228,221,201,174,147,124,113
MA11,1992/02/21,118,136,163,191,214,227,225,210,187,160,138,127,126,138,161,186,207,221,224,213,194,172,150,136
MA11,1992/02/22,135,146,167,192,215,230,234,223,200,173,147,126,116,120,135,157,180,199,208,207,197,181,163,149
MA11,1992/02/23,143,149,164,185,206,223,230,225,208,184,158,135,119,114,121,137,156,175,189,196,195,186,174,163
MA11,1992/02/24,157,159,168,184,204,221,232,233,223,205,184,163,142,132,132,140,154,170,183,193,199,198,193,187
MA11,1992/02/25,183,183,187,196,209,223,233,237,232,219,201,182,162,146,138,137,141,150,159,168,176,180,180,178
MA11,1992/02/26,178,179,181,185,194,204,213,219,219,212,201,186,169,153,141,133,130,131,137,144,152,160,166,170
MA11,1992/02/27,175,179,182,184,189,196,203,209,213,213,209,202,191,178,165,154,144,139,137,138,143,151,159,168
MA11,1992/02/28,178,185,189,191,192,192,194,196,198,199,200,198,192,182,172,158,144,132,123,119,122,130,141,155
MA11,1992/02/29,170,183,191,195,195,193,191,190,191,194,200,206,208,205,200,189,173,157,141,131,128,133,144,159
MA11,1992/03/01,178,195,206,211,211,206,198,192,188,189,195,205,213,217,216,208,193,173,152,134,123,122,129,144
MA11,1992/03/02,163,184,200,208,208,202,190,179,171,169,175,186,199,210,216,214,202,182,159,136,120,114,118,130
MA11,1992/03/03,152,175,194,206,211,206,192,178,165,158,160,172,186,202,215,220,214,197,174,148,126,113,111,120
MA11,1992/03/04,139,163,184,200,208,204,191,174,155,141,138,146,161,181,200,213,214,202,182,157,133,116,108,113
MA11,1992/03/05,130,155,178,197,209,209,197,178,157,140,132,135,147,168,194,213,222,221,206,184,161,141,131,132
MA11,1992/03/06,146,170,198,222,237,243,234,214,189,166,151,148,156,173,198,221,235,238,229,209,185,162,145,138
MA11,1992/03/07,145,161,183,204,220,226,219,200,175,148,128,118,120,133,156,182,202,212,210,197,178,158,141,131
MA11,1992/03/08,133,146,166,187,205,215,213,200,176,148,126,111,105,114,133,158,182,198,204,199,185,169,153,142
MA11,1992/03/09,142,152,167,187,207,219,221,212,192,166,142,122,111,112,125,146,169,188,202,204,198,187,174,163
MA11,1992/03/10,161,167,179,195,214,227,232,228,213,190,166,144,128,121,124,138,157,177,192,201,202,198,189,180
MA11,1992/03/11,177,178,185,197,211,222,229,228,217,199,177,156,136,121,117,121,132,146,161,172,180,183,181,178
MA11,1992/03/12,176,177,181,188,198,209,217,220,216,205,189,170,150,133,123,119,120,127,138,151,164,173,178,181
MA11,1992/03/13,183,186,188,191,197,204,211,215,214,210,202,190,174,157,142,131,123,120,123,132,143,157,169,178
MA11,1992/03/14,186,191,193,194,195,196,199,201,203,205,205,201,193,180,165,150,134,122,115,115,123,136,151,168
MA11,1992/03/15,182,192,199,201,199,197,194,193,197,202,207,213,215,210,201,186,166,146,129,119,120,129,145,166
MA11,1992/03/16,186,202,212,214,209,200,191,183,179,182,191,203,213,218,217,207,187,161,135,115,104,105,118,138
MA11,1992/03/17,162,184,198,203,199,187,172,157,147,145,153,167,185,201,211,212,201,178,150,124,104,097,103,119
MA11,1992/03/18,144,170,189,199,198,186,168,147,130,122,125,140,162,187,209,222,223,210,187,160,134,118,117,127
MA11,1992/03/19,149,177,200,213,217,206,185,159,134,116,110,118,137,163,190,211,220,216,200,175,149,128,119,122
MA11,1992/03/20,139,163,189,209,217,210,191,163,134,109,096,095,109,133,161,189,207,212,205,189,167,146,132,129
MA11,1992/03/21,140,162,187,210,224,225,212,189,159,130,111,104,109,127,152,180,204,217,219,209,191,172,155,147
MA11,1992/03/22,150,165,186,207,221,227,219,199,170,138,111,095,091,099,117,142,167,187,196,194,184,170,156,147
MA11,1992/03/23,146,154,171,189,206,216,214,199,175,147,120,100,088,088,101,122,144,164,178,184,183,175,166,158
MA11,1992/03/24,156,161,173,188,205,219,223,216,199,175,150,128,113,107,111,124,139,156,172,184,187,185,180,175
MA11,1992/03/25,173,175,181,192,206,220,227,225,213,196,176,156,138,126,123,128,138,150,163,175,182,185,185,184
MA11,1992/03/26,183,183,186,191,200,209,216,217,211,201,186,169,153,140,132,129,131,136,145,155,164,170,173,176
MA11,1992/03/27,178,180,181,182,185,190,195,198,197,193,186,176,163,151,139,132,128,127,131,138,145,154,162,170
MA11,1992/03/28,175,179,180,179,178,179,181,182,184,185,184,179,173,164,154,143,132,125,122,124,130,139,150,162
MA11,1992/03/29,173,180,183,181,178,174,171,169,171,175,180,183,183,181,174,163,151,138,130,127,129,137,150,166
MA11,1992/03/30,181,192,198,198,193,187,179,174,172,177,185,195,203,207,203,195,181,164,151,141,137,141,151,166
MA11,1992/03/31,183,197,204,204,196,184,170,157,150,151,160,173,187,198,202,199,187,169,150,134,125,125,134,150
MA11,1992/04/01,171,189,201,205,199,186,169,151,139,137,144,158,177,195,206,209,204,188,167,149,136,131,137,152
MA11,1992/04/02,173,195,211,218,215,201,181,160,141,132,136,148,168,191,208,219,219,207,188,167,149,139,139,150
MA11,1992/04/03,168,189,207,216,215,202,181,154,129,114,110,119,138,163,187,206,214,209,195,175,155,140,134,140
MA11,1992/04/04,156,176,196,210,214,205,186,158,129,107,096,099,114,139,168,193,209,213,205,189,171,155,146,148
MA11,1992/04/05,160,179,201,217,224,222,206,179,149,121,104,099,107,128,156,184,206,217,215,205,190,174,162,158
MA11,1992/04/06,164,179,198,215,226,226,214,190,160,131,107,093,093,106,129,157,182,200,207,203,193,179,166,160
MA11,1992/04/07,162,171,188,205,218,224,216,198,171,141,113,093,084,088,103,127,151,173,186,190,185,175,164,156
MA11,1992/04/08,154,160,173,188,201,210,210,199,178,151,124,102,087,082,090,107,129,151,170,181,185,181,175,171
MA11,1992/04/09,169,172,180,192,204,214,219,215,202,182,159,137,117,105,103,110,123,141,157,173,183,185,183,181
MA11,1992/04/10,179,179,182,188,195,205,213,214,208,197,181,162,143,126,115,113,118,127,141,158,173,183,188,190
MA11,1992/04/11,192,193,194,196,200,206,214,219,219,215,206,194,182,167,152,142,136,136,142,154,168,182,193,200
MA11,1992/04/12,204,205,203,199,196,195,197,200,203,207,208,205,199,188,175,161,148,139,136,141,153,168,184,196
MA11,1992/04/13,207,213,212,206,197,189,184,182,183,190,199,206,208,206,196,182,166,149,136,132,136,148,164,182
MA11,1992/04/14,196,204,206,199,186,173,161,152,151,159,171,186,200,207,207,199,184,164,146,134,132,138,152,172
MA11,1992/04/15,191,204,208,202,189,171,151,136,127,129,142,160,180,198,208,209,201,183,163,146,136,137,147,166
MA11,1992/04/16,187,205,215,215,203,184,161,139,122,118,125,143,166,191,211,222,222,211,193,174,159,152,157,170
MA11,1992/04/17,192,213,228,231,222,202,175,146,121,106,106,117,140,168,193,212,221,217,205,188,170,158,156,165
MA11,1992/04/18,183,204,222,232,230,215,190,159,129,107,098,102,120,146,175,201,219,224,219,207,191,176,170,173
MA11,1992/04/19,186,205,225,239,242,233,212,182,149,120,100,095,105,126,153,182,204,217,219,212,200,186,175,172
MA11,1992/04/20,179,195,214,230,238,237,222,197,166,136,114,102,101,114,134,160,184,201,208,208,201,190,178,172
MA11,1992/04/21,174,184,200,215,226,230,221,202,174,145,119,102,095,100,115,138,162,183,197,202,201,194,185,179
MA11,1992/04/22,179,185,198,212,225,234,233,222,202,178,152,133,122,119,127,144,164,186,204,215,217,213,204,197
MA11,1992/04/23,193,192,198,208,218,229,232,225,211,190,168,148,131,121,121,129,142,157,172,185,192,193,190,187
MA11,1992/04/24,184,183,185,190,198,206,213,212,205,194,178,161,146,136,132,134,143,155,168,181,193,199,200,197
MA11,1992/04/25,194,193,192,191,195,200,205,209,206,200,191,178,164,152,143,138,140,145,154,164,175,183,188,191
MA11,1992/04/26,192,189,185,181,178,179,183,186,188,188,187,183,176,166,157,149,145,146,149,157,169,180,188,196
MA11,1992/04/27,200,200,196,189,182,177,176,178,182,187,191,194,192,187,179,169,160,154,152,156,165,176,187,198
MA11,1992/04/28,206,209,206,197,184,174,167,165,167,174,184,194,200,201,198,190,180,170,163,162,167,178,190,203
MA11,1992/04/29,215,221,219,210,194,177,163,154,150,155,167,181,195,204,206,201,190,178,166,159,159,165,177,192
MA11,1992/04/30,207,216,217,210,194,175,157,141,132,135,147,166,186,202,212,217,213,203,191,180,176,181,192,209
MA11,1992/05/01,225,238,244,238,222,200,175,151,135,130,138,156,178,200,217,225,223,213,198,183,173,169,172,185
MA11,1992/05/02,201,217,226,225,214,194,167,140,117,105,107,123,146,175,199,217,225,221,209,195,183,175,175,184
MA11,1992/05/03,199,216,230,235,229,211,184,153,124,104,098,106,126,153,181,205,221,225,219,208,195,185,181,186
MA11,1992/05/04,200,216,231,239,238,226,202,172,140,112,097,096,108,131,160,188,210,222,222,213,201,189,181,180
MA11,1992/05/05,187,201,217,230,235,230,212,184,151,120,097,085,089,105,131,160,186,205,213,212,205,193,183,178
MA11,1992/05/06,181,192,206,221,230,230,218,197,167,134,106,087,080,087,105,131,158,181,196,203,200,193,184,177
MA11,1992/05/07,177,184,195,209,222,228,225,211,188,161,132,109,094,091,101,120,143,168,188,201,206,204,198,192
MA11,1992/05/08,190,191,198,209,221,231,236,231,217,197,172,148,129,119,118,126,141,161,181,197,207,211,208,201
MA11,1992/05/09,196,192,192,197,205,214,221,222,216,205,189,170,151,136,126,125,132,146,163,180,194,202,204,201
MA11,1992/05/10,196,190,183,180,181,185,191,197,199,196,189,178,163,148,135,127,125,130,141,155,171,184,191,192
MA11,1992/05/11,188,181,172,164,159,158,161,167,174,179,183,182,175,165,152,140,131,129,133,143,158,174,186,193
MA11,1992/05/12,193,188,177,165,153,144,141,143,149,160,171,180,185,184,176,166,154,145,142,146,157,171,185,195
MA11,1992/05/13,201,199,190,175,157,141,130,124,127,136,151,167,181,189,191,186,175,162,153,151,157,168,183,198
MA11,1992/05/14,209,211,206,193,172,151,132,119,115,121,134,154,175,192,205,208,201,190,177,168,166,171,183,199
MA11,1992/05/15,213,221,220,208,188,162,136,113,100,098,109,128,152,176,195,205,207,200,187,176,169,169,176,191
MA11,1992/05/16,208,220,225,220,205,181,153,125,104,094,096,112,136,162,188,207,216,215,207,195,186,180,181,191
MA11,1992/05/17,208,225,235,236,225,205,177,145,117,096,090,098,116,142,169,193,209,214,210,199,188,179,175,180
MA11,1992/05/18,193,209,225,232,228,215,191,160,130,106,092,092,105,128,156,183,206,219,221,215,206,195,188,188
MA11,1992/05/19,197,211,227,238,241,234,214,186,154,124,104,097,101,117,140,167,191,207,214,213,206,196,186,183
MA11,1992/05/20,186,197,211,225,233,233,221,199,172,143,120,105,102,111,130,154,178,198,210,214,211,203,194,187
MA11,1992/05/21,186,192,203,217,228,233,229,214,191,166,142,123,113,115,126,145,166,186,201,209,211,206,198,191
MA11,1992/05/22,187,188,195,205,216,225,226,219,203,183,161,142,130,124,128,143,162,180,196,207,211,210,204,196
MA11,1992/05/23,190,187,188,195,203,212,218,216,207,192,175,158,143,134,134,142,154,170,186,199,209,213,210,204
MA11,1992/05/24,197,191,187,187,191,199,206,208,205,198,187,174,161,151,146,149,157,169,182,194,205,213,213,210
MA11,1992/05/25,204,196,188,183,183,186,192,196,199,198,194,187,177,167,160,156,158,164,174,186,198,208,212,211
MA11,1992/05/26,206,198,187,177,170,167,170,175,181,186,190,189,184,179,172,166,162,164,169,178,190,201,208,211
MA11,1992/05/27,210,204,192,179,167,159,156,158,164,172,182,189,192,192,187,181,175,171,170,175,185,198,208,214
MA11,1992/05/28,216,213,202,186,169,153,143,139,143,153,167,181,193,199,201,197,190,183,179,179,186,197,209,220
MA11,1992/05/29,226,226,218,203,183,162,143,132,131,138,153,172,190,204,211,211,204,196,188,183,183,190,201,213
MA11,1992/05/30,222,226,221,207,187,162,138,119,109,110,123,144,168,190,206,213,212,206,196,188,183,186,194,206
MA11,1992/05/31,219,228,229,220,202,175,145,119,100,093,099,117,143,170,193,209,216,213,205,194,186,184,188,198
MA11,1992/06/01,213,226,233,230,216,193,162,129,102,086,083,095,118,147,178,202,216,221,216,206,195,188,187,193
MA11,1992/06/02,205,221,233,237,230,212,183,149,115,090,077,079,095,121,152,181,203,216,217,210,200,191,185,187
MA11,1992/06/03,196,211,226,236,239,229,207,176,140,108,086,077,083,102,131,162,189,207,215,213,205,195,186,182
MA11,1992/06/04,186,198,214,228,237,236,223,200,168,135,107,089,084,092,113,140,169,194,209,213,210,201,190,183
MA11,1992/06/05,182,188,201,216,229,236,232,218,195,166,137,114,100,099,111,131,156,181,201,212,215,208,198,188
MA11,1992/06/06,181,180,186,197,210,221,225,220,207,186,161,138,119,109,112,124,143,166,187,202,210,208,199,187
MA11,1992/06/07,176,170,169,174,185,197,207,210,207,196,180,162,144,130,125,129,141,159,179,197,209,213,209,199
MA11,1992/06/08,188,177,169,167,171,180,190,198,202,202,197,187,174,161,151,149,154,165,182,199,214,222,223,217
MA11,1992/06/09,206,191,177,167,162,163,170,178,185,192,195,194,190,181,171,164,161,165,174,187,201,212,216,213
MA11,1992/06/10,205,191,174,158,145,138,138,142,150,161,172,181,185,185,180,174,168,166,170,178,190,203,213,215
MA11,1992/06/11,212,203,186,167,149,135,127,126,133,144,159,175,188,196,199,198,194,188,185,188,197,209,221,229
MA11,1992/06/12,232,226,213,194,172,149,131,121,119,127,142,161,181,197,207,211,208,201,194,190,192,199,210,221
MA11,1992/06/13,229,230,222,206,184,159,134,116,107,108,120,139,162,184,201,211,214,209,200,193,189,192,200,211
MA11,1992/06/14,223,231,230,219,201,176,149,123,104,098,103,118,142,168,193,210,219,219,212,203,195,192,195,204
MA11,1992/06/15,218,230,236,232,220,199,170,140,114,099,096,106,126,152,179,200,215,221,216,207,197,190,188,193
MA11,1992/06/16,206,222,233,236,231,215,189,159,129,106,095,096,109,132,159,184,203,213,214,207,197,187,181,181
MA11,1992/06/17,191,205,219,230,232,223,203,176,146,118,100,094,102,120,145,172,195,211,216,212,203,193,183,179
MA11,1992/06/18,184,195,209,223,231,229,216,193,164,136,114,102,101,113,135,160,184,204,214,215,209,198,187,179
MA11,1992/06/19,178,185,197,213,225,228,222,205,179,153,129,112,106,111,126,148,171,192,205,209,205,197,184,173
MA11,1992/06/20,169,172,180,194,207,216,217,207,189,167,144,126,115,114,124,142,164,186,202,210,211,205,194,183
MA11,1992/06/21,175,172,176,185,198,210,217,214,204,188,169,152,140,136,140,152,171,192,209,221,226,222,212,200
MA11,1992/06/22,188,181,179,183,191,202,211,214,209,200,186,170,157,149,148,155,168,185,201,213,220,221,213,200
MA11,1992/06/23,188,177,167,165,170,178,188,195,198,195,187,178,167,159,156,158,166,179,193,207,217,221,218,210
MA11,1992/06/24,198,185,173,165,164,168,176,185,191,195,195,192,185,179,174,173,177,183,193,206,216,223,223,216
MA11,1992/06/25,207,193,178,165,155,151,153,160,169,179,186,190,190,187,183,181,179,182,188,196,207,215,219,218
MA11,1992/06/26,211,199,182,164,148,138,134,136,144,155,168,181,189,193,194,191,188,187,187,192,200,209,216,219
MA11,1992/06/27,217,209,194,174,153,135,121,116,119,129,146,164,180,193,199,201,198,194,191,191,195,203,213,219
MA11,1992/06/28,223,220,209,191,168,143,122,107,102,108,123,145,168,188,203,211,213,209,203,198,197,202,211,221
MA11,1992/06/29,230,234,229,216,195,166,137,112,096,093,102,122,148,175,198,213,219,218,212,203,197,197,203,213
MA11,1992/06/30,225,236,239,233,217,190,158,126,100,086,087,101,125,155,185,208,222,226,220,211,202,198,200,209
MA11,1992/07/01,223,240,253,257,251,233,204,170,136,110,098,101,118,145,177,205,225,234,232,222,210,199,193,195
MA11,1992/07/02,206,222,237,247,249,239,216,184,148,116,095,087,095,117,148,179,206,223,228,224,213,199,188,185
MA11,1992/07/03,191,205,222,238,249,249,237,213,181,148,121,105,102,114,138,167,196,219,230,230,223,209,194,183
MA11,1992/07/04,182,189,204,221,238,247,244,230,207,178,150,127,116,119,135,159,186,211,227,232,226,212,195,180
MA11,1992/07/05,172,173,181,195,212,228,235,231,218,197,174,152,137,132,139,156,180,204,223,233,232,222,206,188
MA11,1992/07/06,174,167,168,176,189,205,219,223,219,209,193,176,160,151,152,162,179,200,220,232,237,232,218,200
MA11,1992/07/07,182,168,160,159,166,179,192,202,207,206,199,189,178,170,166,169,180,195,212,227,236,236,226,211
MA11,1992/07/08,193,175,160,152,151,156,166,177,186,193,195,195,191,186,182,181,185,194,207,220,231,235,232,221
MA11,1992/07/09,206,189,172,156,146,144,147,154,164,174,184,191,195,197,196,194,194,197,203,213,225,232,234,229
MA11,1992/07/10,218,204,185,165,149,137,132,133,140,151,165,178,189,196,199,200,198,196,197,202,210,220,226,227
MA11,1992/07/11,223,214,199,180,160,140,126,119,119,128,143,159,177,191,199,204,204,200,197,196,199,207,216,223
MA11,1992/07/12,227,225,215,198,176,154,133,117,110,113,124,141,162,182,198,207,210,206,200,194,192,196,203,214
MA11,1992/07/13,223,227,224,213,195,171,145,121,106,101,107,121,143,167,188,203,210,209,202,194,187,187,191,200
MA11,1992/07/14,214,226,230,226,212,191,164,136,114,102,101,112,133,157,181,202,214,216,211,200,191,185,185,192
MA11,1992/07/15,206,221,233,235,228,211,186,156,129,109,102,107,122,146,172,196,212,218,214,205,193,183,178,181
MA11,1992/07/16,192,209,225,234,234,224,203,175,146,122,107,105,115,136,162,188,209,220,219,210,197,184,175,172
MA11,1992/07/17,179,194,211,226,233,229,214,189,160,134,116,108,112,129,152,179,201,216,220,215,203,188,176,169
MA11,1992/07/18,172,183,200,216,230,234,227,210,185,159,138,126,125,136,157,183,206,223,231,229,218,203,188,176
MA11,1992/07/19,172,177,189,206,222,232,231,219,198,174,152,137,130,135,150,170,193,212,222,223,215,201,183,168
MA11,1992/07/20,160,160,168,182,198,211,217,212,198,179,159,143,134,133,143,161,181,201,214,219,216,204,187,170
MA11,1992/07/21,159,153,155,165,179,195,205,208,202,189,174,161,150,147,153,166,183,201,215,223,223,215,200,183
MA11,1992/07/22,167,156,152,155,166,180,193,201,201,195,185,174,165,161,162,170,184,199,213,223,227,222,210,194
MA11,1992/07/23,177,162,152,148,152,162,174,185,192,194,192,186,180,177,176,181,189,200,212,223,228,227,220,206
MA11,1992/07/24,190,174,159,147,143,145,153,163,173,182,186,188,188,187,186,187,191,198,207,216,223,227,223,213
MA11,1992/07/25,201,185,166,150,138,133,134,140,151,163,174,184,191,195,197,197,198,200,205,210,218,224,226,223
MA11,1992/07/26,215,203,185,165,147,133,124,123,130,142,159,176,192,203,209,211,211,207,206,209,214,221,227,230
MA11,1992/07/27,230,224,210,190,168,145,127,116,114,122,139,159,182,201,214,220,221,217,211,209,209,214,221,230
MA11,1992/07/28,237,238,232,216,193,165,138,116,104,103,114,136,161,187,208,222,226,222,214,206,202,202,208,219
MA11,1992/07/29,232,242,245,238,220,194,162,131,108,097,099,114,140,170,199,219,229,229,220,209,199,194,196,206
MA11,1992/07/30,221,238,251,253,245,225,193,158,126,104,095,102,123,152,184,211,229,233,226,213,198,186,182,187
MA11,1992/07/31,201,221,241,254,257,247,225,192,157,126,108,106,118,142,174,203,226,238,235,223,206,188,176,172
MA11,1992/08/01,180,197,220,239,252,253,240,216,183,151,127,114,117,134,160,191,218,233,235,225,207,186,168,156
MA11,1992/08/02,158,170,190,213,232,243,242,229,204,176,150,132,126,135,156,182,209,228,235,230,214,192,169,151
MA11,1992/08/03,143,147,161,180,202,220,228,224,210,190,167,148,139,141,154,176,200,220,232,232,221,201,177,154
MA11,1992/08/04,139,134,139,152,171,189,203,208,205,194,179,163,153,150,157,172,192,211,225,231,225,210,187,164
MA11,1992/08/05,145,132,128,134,147,163,179,189,194,192,186,176,169,166,169,178,193,209,223,232,232,223,206,186
MA11,1992/08/06,166,150,139,134,138,147,159,171,181,186,187,186,184,182,182,188,196,206,218,228,233,231,221,205
MA11,1992/08/07,188,170,155,144,138,140,146,154,164,174,182,187,191,193,195,197,201,205,211,220,228,230,226,217
MA11,1992/08/08,205,190,174,158,145,138,136,140,147,158,170,181,191,198,203,205,206,206,208,214,221,226,230,228
MA11,1992/08/09,222,213,198,180,163,149,139,136,139,148,162,178,193,206,214,216,214,210,205,204,207,212,218,223
MA11,1992/08/10,224,220,210,195,176,156,138,125,120,124,136,153,172,190,203,210,210,205,198,192,190,193,200,210
MA11,1992/08/11,218,222,220,210,192,171,148,128,116,113,121,137,158,180,197,208,211,206,197,188,182,180,186,198
MA11,1992/08/12,211,222,227,224,212,191,166,143,125,115,118,133,154,178,200,216,223,219,209,197,186,179,181,191
MA11,1992/08/13,207,224,236,239,233,215,192,166,141,126,123,132,151,177,202,222,232,232,223,208,193,182,178,184
MA11,1992/08/14,197,216,234,242,241,230,208,181,155,134,124,127,142,165,191,214,228,232,224,209,192,177,168,169
MA11,1992/08/15,181,200,220,236,243,238,222,197,170,147,132,129,139,159,184,209,227,234,229,215,197,178,164,160
MA11,1992/08/16,166,182,203,222,234,237,228,208,183,159,141,133,138,154,176,201,221,232,231,219,202,181,163,152
MA11,1992/08/17,152,164,183,204,222,231,230,216,195,173,154,143,144,155,174,197,218,232,235,227,211,190,167,151
MA11,1992/08/18,146,152,167,187,206,221,226,219,205,186,167,154,150,157,172,193,215,230,237,233,220,199,176,158
MA11,1992/08/19,147,146,155,172,191,208,220,220,212,199,184,171,166,169,179,196,215,230,239,239,230,212,191,171
MA11,1992/08/20,155,148,150,160,176,194,207,214,214,207,197,187,181,180,187,199,214,227,237,240,235,221,203,183
MA11,1992/08/21,165,152,147,149,159,173,187,199,205,205,202,197,193,192,195,202,213,223,231,237,236,227,213,195
MA11,1992/08/22,177,160,149,143,144,151,163,175,185,193,196,198,197,197,198,202,208,216,224,230,233,230,221,209
MA11,1992/08/23,193,175,159,146,137,136,141,150,161,173,184,192,198,201,204,205,206,210,213,219,224,225,224,218
MA11,1992/08/24,207,193,176,157,141,130,125,127,135,149,166,181,194,204,209,211,210,207,206,208,213,217,222,225
MA11,1992/08/25,222,214,201,181,158,138,123,115,116,128,146,168,188,204,215,219,217,211,204,199,200,206,215,224
MA11,1992/08/26,232,233,227,211,186,161,136,116,106,109,124,146,172,195,213,221,220,212,200,190,185,185,193,207
MA11,1992/08/27,223,235,239,232,215,188,158,130,110,103,110,129,156,184,208,224,227,218,203,187,175,169,174,187
MA11,1992/08/28,206,227,242,247,239,219,190,157,129,112,109,121,144,173,202,222,231,225,208,188,168,154,150,160
MA11,1992/08/29,178,203,226,241,245,237,214,183,152,128,115,118,135,162,191,215,229,229,214,192,168,146,134,135
MA11,1992/08/30,148,170,198,221,234,237,226,203,174,148,130,125,135,156,184,211,230,234,225,205,178,151,131,123
MA11,1992/08/31,128,146,171,197,219,231,230,217,195,172,152,141,144,159,182,208,229,239,235,220,195,165,139,123
MA11,1992/09/01,119,127,146,171,194,212,221,217,204,188,171,160,158,166,184,207,227,241,243,233,213,186,160,138
MA11,1992/09/02,125,126,137,154,175,196,210,215,211,202,192,183,178,181,192,211,230,245,252,250,238,216,192,170
MA11,1992/09/03,152,144,146,156,171,188,202,210,213,211,205,199,196,197,203,215,230,242,250,253,246,230,209,188
MA11,1992/09/04,169,155,148,149,157,171,184,195,203,208,208,207,206,208,211,219,228,238,247,253,251,243,229,212
MA11,1992/09/05,195,180,168,162,161,166,175,183,192,200,206,210,213,215,216,218,222,227,232,238,240,237,231,222
MA11,1992/09/06,209,194,180,167,157,154,156,160,168,177,187,197,204,208,211,211,210,209,210,213,217,220,221,218
MA11,1992/09/07,212,203,189,173,159,149,142,141,146,156,168,182,196,206,211,213,210,205,201,201,204,209,215,220
MA11,1992/09/08,222,219,211,197,179,162,149,143,142,148,161,178,194,209,218,220,215,207,198,193,192,196,205,215
MA11,1992/09/09,224,228,226,216,199,181,163,147,140,143,154,171,191,209,221,226,222,211,198,187,181,182,190,204
MA11,1992/09/10,219,231,237,232,220,202,179,159,147,143,152,169,191,212,230,239,237,228,213,199,188,184,189,204
MA11,1992/09/11,223,242,256,258,250,234,212,190,172,165,167,180,202,226,246,259,259,248,229,210,192,179,178,188
MA11,1992/09/12,206,227,244,252,249,236,214,189,166,152,148,157,177,200,222,239,244,236,218,197,175,159,153,160
MA11,1992/09/13,177,200,222,239,245,239,223,200,176,157,149,153,168,190,214,233,242,239,224,202,178,157,145,145
MA11,1992/09/14,157,180,205,227,240,241,230,210,187,168,155,154,165,184,207,228,241,242,230,210,185,160,143,137
MA11,1992/09/15,143,162,187,212,230,238,235,222,202,182,168,163,168,183,204,225,239,243,235,217,192,165,144,132
MA11,1992/09/16,133,145,166,191,214,229,232,225,211,195,181,173,174,184,202,222,238,246,243,229,208,181,157,140
MA11,1992/09/17,132,137,153,174,197,217,228,228,219,207,194,185,183,188,200,217,233,242,243,234,216,193,167,146
MA11,1992/09/18,133,129,136,151,172,192,208,215,213,207,199,191,187,188,197,210,223,234,239,236,224,205,183,162
MA11,1992/09/19,145,135,135,142,156,173,190,203,209,209,206,202,199,198,203,211,221,231,237,238,231,218,201,182
MA11,1992/09/20,163,149,141,137,142,153,168,182,193,200,204,204,204,204,206,210,215,220,225,230,230,223,212,199
MA11,1992/09/21,183,168,154,143,138,142,150,161,174,187,199,206,210,213,213,212,213,214,215,219,222,221,218,211
MA11,1992/09/22,200,187,171,154,140,132,130,136,147,163,179,193,203,209,211,210,205,199,196,197,200,205,210,213
MA11,1992/09/23,213,207,194,176,156,139,128,124,129,144,162,182,200,212,217,216,208,197,187,182,184,189,199,211
MA11,1992/09/24,219,223,218,205,184,160,140,126,122,130,147,171,195,214,225,227,218,203,187,175,171,174,185,203
MA11,1992/09/25,222,236,242,237,222,199,173,151,139,139,152,175,200,224,240,246,239,222,198,177,162,156,163,180
MA11,1992/09/26,202,225,241,247,240,222,197,171,149,140,145,161,184,210,231,240,236,219,194,167,144,131,132,146
MA11,1992/09/27,169,198,225,242,247,240,220,195,171,155,151,161,182,207,230,244,246,232,207,177,147,125,116,121
MA11,1992/09/28,140,168,198,222,238,240,229,210,188,169,159,162,175,197,223,242,249,242,221,192,159,130,111,106
MA11,1992/09/29,115,137,164,192,215,226,226,216,199,180,166,162,169,186,210,232,245,244,230,206,176,144,120,107
MA11,1992/09/30,108,122,145,172,197,216,223,220,209,195,182,175,176,187,206,227,242,247,240,221,194,164,137,117
MA11,1992/10/01,109,114,128,150,173,194,206,209,205,197,186,178,176,181,194,212,228,237,237,227,207,182,156,134
MA11,1992/10/02,121,118,125,139,158,178,194,203,205,202,197,192,189,190,198,211,224,234,238,234,223,204,183,162
MA11,1992/10/03,145,135,135,141,153,169,184,194,202,204,204,202,200,199,203,210,218,226,232,233,229,217,202,185
MA11,1992/10/04,168,156,149,147,152,162,174,186,195,203,208,210,210,210,210,210,213,216,220,224,224,219,210,198
MA11,1992/10/05,185,173,160,152,149,150,156,166,175,185,194,200,204,205,205,202,199,198,200,203,206,208,206,203
MA11,1992/10/06,197,187,175,163,153,149,149,152,161,173,185,197,205,208,208,205,198,191,187,186,189,194,199,202
MA11,1992/10/07,203,198,190,177,163,151,143,142,146,155,169,184,194,201,204,200,190,178,169,164,164,170,180,191
MA11,1992/10/08,199,202,198,188,174,159,147,139,139,147,161,177,193,205,210,208,198,182,167,157,154,160,171,186
MA11,1992/10/09,201,213,216,212,200,184,169,157,154,160,174,194,215,232,241,240,229,209,190,173,162,162,172,189
MA11,1992/10/10,209,228,238,239,231,215,197,181,169,165,172,188,207,225,237,239,230,211,187,163,146,140,145,161
MA11,1992/10/11,184,207,226,234,232,220,201,181,166,160,163,175,194,214,230,237,231,214,190,163,141,129,128,141
MA11,1992/10/12,164,190,213,229,234,227,212,193,175,164,163,172,188,209,228,238,238,224,199,171,144,125,118,124
MA11,1992/10/13,143,171,198,221,234,235,224,208,191,176,171,175,187,206,225,239,243,233,213,185,154,129,115,114
MA11,1992/10/14,128,151,179,206,227,236,233,220,204,189,180,179,188,204,223,240,247,244,228,201,172,144,122,114
MA11,1992/10/15,120,137,163,191,215,231,236,230,218,203,192,189,193,205,222,238,249,250,238,218,191,161,135,120
MA11,1992/10/16,118,129,148,173,198,218,229,230,222,212,203,197,196,203,216,231,243,247,242,227,204,178,151,130
MA11,1992/10/17,120,120,131,150,173,195,212,220,220,214,206,200,197,200,210,222,233,240,240,231,214,193,167,144
MA11,1992/10/18,128,121,122,132,149,169,187,201,207,207,205,201,197,196,200,207,216,222,226,224,215,201,182,161
MA11,1992/10/19,144,131,124,124,133,148,165,182,193,200,203,202,199,197,197,199,204,209,213,216,214,208,196,183
MA11,1992/10/20,167,152,140,133,131,138,149,164,180,194,202,207,208,206,204,202,201,199,201,207,211,213,212,207
MA11,1992/10/21,198,187,173,160,151,149,154,164,178,194,208,217,221,221,217,209,200,192,189,190,195,203,209,213
MA11,1992/10/22,213,207,195,179,163,150,144,145,154,169,187,202,211,214,211,201,187,173,162,156,160,170,183,197
MA11,1992/10/23,208,213,209,197,181,164,150,144,147,159,178,198,214,222,223,213,197,176,156,144,141,148,163,183
MA11,1992/10/24,203,219,227,225,213,196,178,165,161,168,183,203,223,237,243,237,219,194,169,149,137,138,151,172
MA11,1992/10/25,199,225,242,249,246,233,214,197,185,182,191,209,229,246,256,254,239,213,182,152,131,122,126,143
MA11,1992/10/26,169,199,224,239,245,240,224,206,190,180,182,194,211,230,246,252,242,219,188,155,126,108,103,112
MA11,1992/10/27,135,164,193,218,233,236,227,212,197,184,180,187,201,221,241,251,249,232,205,172,140,113,099,098
MA11,1992/10/28,112,137,167,195,217,228,227,218,205,192,185,186,195,212,231,247,251,242,221,191,157,127,106,096
MA11,1992/10/29,102,120,145,173,199,216,223,221,211,200,190,187,191,203,221,238,248,247,234,210,181,152,127,112
MA11,1992/10/30,109,118,137,161,187,209,222,226,222,215,207,201,201,208,222,237,249,255,250,234,210,183,158,139
MA11,1992/10/31,130,131,141,158,179,200,216,224,224,219,212,206,202,203,211,223,234,241,242,234,218,197,174,154
MA11,1992/11/01,140,135,137,147,164,182,198,211,216,216,213,208,203,201,204,211,219,226,229,228,218,204,187,168
MA11,1992/11/02,153,144,139,142,152,164,180,194,202,206,206,204,199,196,195,196,199,204,208,210,208,202,192,179
MA11,1992/11/03,166,155,147,143,146,154,165,178,188,197,202,204,201,198,194,190,188,189,191,194,197,197,195,189
MA11,1992/11/04,183,174,165,158,155,156,163,172,183,192,200,204,204,200,195,189,180,174,172,173,178,184,187,188
MA11,1992/11/05,187,182,174,164,157,153,154,159,168,179,191,200,203,203,199,190,178,166,158,156,161,170,180,189
MA11,1992/11/06,196,198,193,185,176,167,163,163,169,180,194,208,215,218,215,205,190,173,159,150,152,160,173,188
MA11,1992/11/07,202,211,213,207,197,187,177,173,176,183,196,212,223,231,232,221,204,183,161,146,141,145,159,178
MA11,1992/11/08,198,215,223,223,216,203,189,180,176,178,189,203,216,227,229,221,204,179,153,131,119,119,130,149
MA11,1992/11/09,174,198,214,221,218,207,193,182,173,171,179,193,208,222,230,228,212,188,159,130,110,105,111,128
MA11,1992/11/10,155,183,206,222,227,221,211,198,186,181,185,197,214,231,243,246,236,214,184,154,128,113,111,123
MA11,1992/11/11,147,175,204,227,239,239,229,214,200,190,187,194,207,223,237,243,237,220,192,158,127,103,091,094
MA11,1992/11/12,112,139,169,196,216,224,221,211,198,185,180,182,193,209,227,239,240,229,206,175,142,113,093,087
MA11,1992/11/13,096,116,145,175,200,216,221,216,206,194,186,184,189,202,219,233,240,236,221,196,165,133,109,095
MA11,1992/11/14,095,108,131,157,184,206,217,219,212,202,192,187,187,195,209,222,232,234,225,206,179,150,122,102
MA11,1992/11/15,093,096,110,132,159,184,202,211,211,205,198,191,188,193,203,215,227,235,234,223,205,182,157,135
MA11,1992/11/16,120,114,119,133,153,175,196,210,214,210,204,196,189,185,189,195,204,212,216,216,208,192,173,152
MA11,1992/11/17,134,122,117,120,132,150,169,186,197,201,200,195,187,182,179,180,185,192,198,203,202,196,186,172
MA11,1992/11/18,157,142,131,127,130,141,156,173,189,199,202,199,192,184,176,169,166,166,170,176,182,185,184,180
MA11,1992/11/19,172,161,150,141,136,138,146,161,177,191,201,204,199,192,182,169,159,155,154,159,168,178,188,194
MA11,1992/11/20,197,195,188,177,169,164,167,177,190,206,220,227,229,224,213,198,183,169,163,161,163,174,190,202
MA11,1992/11/21,214,222,220,212,200,189,184,187,194,206,221,232,237,236,225,208,186,162,143,132,130,140,157,176
MA11,1992/11/22,197,212,219,219,210,198,188,181,182,191,205,219,229,234,229,215,192,164,137,117,108,111,124,146
MA11,1992/11/23,171,195,213,220,220,212,199,188,184,187,197,213,227,238,239,229,208,178,145,117,099,092,098,115
MA11,1992/11/24,141,170,196,212,218,216,207,195,185,181,187,199,214,229,238,236,223,197,165,132,106,092,091,103
MA11,1992/11/25,125,153,183,207,221,226,222,212,201,194,193,200,214,231,246,252,245,226,198,164,134,112,102,105
MA11,1992/11/26,121,147,178,206,226,236,238,231,220,208,203,205,214,229,244,251,251,241,218,186,152,122,103,098
MA11,1992/11/27,104,123,148,175,198,213,219,214,204,192,184,181,185,197,213,227,234,230,213,187,156,126,102,089
MA11,1992/11/28,089,101,123,149,173,194,205,207,201,191,181,175,175,183,197,213,225,228,219,202,177,150,125,109
MA11,1992/11/29,101,106,122,144,168,190,206,213,211,205,196,188,184,186,194,206,217,223,223,213,193,171,148,127
MA11,1992/11/30,116,114,121,136,155,175,192,202,204,201,193,184,176,175,178,186,196,204,207,205,194,178,159,142
MA11,1992/12/01,128,123,126,136,151,170,187,202,209,210,205,197,188,183,182,184,190,198,204,206,203,194,180,166
MA11,1992/12/02,154,146,144,148,158,173,189,203,212,216,214,207,198,188,181,178,178,181,186,189,191,189,183,174
MA11,1992/12/03,163,154,150,148,151,160,172,184,195,203,205,201,193,184,174,166,160,158,160,166,172,177,179,177
MA11,1992/12/04,172,167,162,158,157,162,169,180,191,200,206,206,200,191,179,165,154,147,144,146,153,160,167,173
MA11,1992/12/05,174,172,168,162,157,157,160,166,177,188,197,201,199,193,182,166,150,135,125,123,128,138,152,165
MA11,1992/12/06,174,180,182,178,172,168,166,168,174,184,196,203,206,204,194,179,159,138,121,112,112,121,137,154
MA11,1992/12/07,171,185,192,192,189,182,177,175,178,187,199,209,216,219,214,201,180,154,130,114,106,110,124,146
MA11,1992/12/08,170,191,206,214,213,209,203,198,195,197,205,217,229,236,235,225,204,175,146,120,103,099,107,125
MA11,1992/12/09,150,176,198,211,215,212,205,195,189,187,192,202,216,228,234,230,214,188,156,124,100,088,089,102
MA11,1992/12/10,127,157,186,208,220,222,216,206,197,192,193,201,215,231,242,246,239,218,189,154,124,103,094,100
MA11,1992/12/11,121,151,185,213,233,242,239,231,220,211,208,212,222,235,248,257,255,238,211,177,141,112,092,087
MA11,1992/12/12,097,119,149,180,205,221,226,221,210,198,189,187,193,207,223,237,244,239,222,195,161,128,102,089
MA11,1992/12/13,090,105,130,160,188,210,223,223,215,205,195,189,190,201,218,236,249,254,247,227,200,170,141,120
MA11,1992/12/14,111,114,130,153,178,204,222,227,224,215,201,190,183,185,195,209,224,233,234,225,208,183,156,133
MA11,1992/12/15,117,112,120,136,160,185,205,217,219,213,202,187,175,171,173,182,195,206,213,213,205,191,172,151
MA11,1992/12/16,133,124,124,133,150,171,192,207,214,213,204,190,177,166,162,165,172,182,193,200,201,198,188,174
MA11,1992/12/17,160,150,145,146,156,172,191,207,219,223,218,206,192,178,168,162,160,164,172,181,188,193,193,189
MA11,1992/12/18,182,173,165,163,166,174,188,203,216,225,226,218,206,191,175,161,152,147,148,155,164,174,181,185
MA11,1992/12/19,185,184,180,176,173,175,184,195,207,218,222,218,209,195,179,161,144,130,125,125,132,145,159,172
MA11,1992/12/20,183,190,192,190,187,184,187,193,202,215,224,227,224,216,201,182,160,139,124,116,119,129,144,161
MA11,1992/12/21,180,194,202,205,202,198,194,193,197,207,219,227,230,228,219,202,179,152,128,112,105,110,123,142
MA11,1992/12/22,166,188,204,212,213,210,204,198,197,202,212,223,232,237,234,222,199,171,142,117,102,098,105,123
MA11,1992/12/23,148,174,198,214,220,220,216,207,202,203,209,221,234,245,250,246,230,205,174,143,119,106,104,116
MA11,1992/12/24,139,167,194,214,225,230,225,215,206,199,199,206,219,233,245,248,238,218,188,156,126,105,096,100
MA11,1992/12/25,116,142,170,195,212,221,219,211,199,191,185,186,197,212,228,237,237,224,200,169,138,112,095,091
MA11,1992/12/26,101,122,150,177,199,212,216,209,198,186,176,173,179,194,212,228,235,229,213,188,158,130,109,098
MA11,1992/12/27,102,120,144,170,194,211,219,216,206,194,181,172,174,185,201,218,231,233,224,205,180,153,129,113
MA11,1992/12/28,110,120,140,165,189,211,225,226,219,208,194,183,178,182,195,210,223,231,229,216,196,172,149,130
MA11,1992/12/29,122,125,138,157,180,201,215,219,216,206,192,178,169,167,174,187,200,210,214,209,195,177,156,138
MA11,1992/12/30,127,126,134,149,169,190,208,217,216,209,197,182,170,164,166,175,187,198,206,207,201,189,174,158
MA11,1992/12/31,146,141,144,154,169,187,204,215,219,215,205,191,176,165,160,162,167,176,185,191,191,186,177,164
