MA11,1980/01/01,149,175,193,205,205,201,194,184,177,179,186,196,212,222,227,224,207,180,150,121,097,088,090,104
MA11,1980/01/02,129,157,182,199,208,209,199,189,179,175,179,186,200,217,229,233,223,202,175,143,114,094,088,096
MA11,1980/01/03,118,146,174,199,214,221,216,204,192,185,180,186,200,214,232,246,242,225,203,171,139,113,097,096
MA11,1980/01/04,111,134,164,192,213,226,225,216,203,192,185,186,193,209,226,241,247,240,222,194,163,135,113,104
MA11,1980/01/05,108,126,152,180,204,221,228,224,212,200,189,181,185,195,210,229,239,239,230,206,180,154,125,112
MA11,1980/01/06,108,118,141,166,191,213,226,226,218,207,194,186,183,188,204,220,233,240,237,224,202,177,154,135
MA11,1980/01/07,124,131,148,168,195,220,233,242,236,222,210,194,186,181,181,200,213,220,222,216,198,181,156,136
MA11,1980/01/08,125,119,127,146,166,187,205,214,214,206,193,179,168,163,163,174,187,197,204,205,195,182,164,146
MA11,1980/01/09,134,128,130,138,156,177,193,208,213,208,200,187,175,169,166,170,180,189,196,200,200,194,184,173
MA11,1980/01/10,160,154,150,154,164,182,198,215,226,226,220,209,198,187,181,179,179,184,188,192,196,196,191,184
MA11,1980/01/11,174,168,164,160,164,177,188,203,213,218,217,206,196,184,172,163,159,157,158,163,170,176,178,176
MA11,1980/01/12,174,171,167,164,162,166,176,186,197,207,209,206,199,188,175,165,154,148,147,148,156,166,176,182
MA11,1980/01/13,185,189,187,183,181,181,188,194,202,215,221,222,220,212,200,188,174,158,148,146,149,161,174,186
MA11,1980/01/14,200,207,211,210,204,202,200,200,207,217,228,234,236,233,224,207,189,166,148,137,134,142,153,170
MA11,1980/01/15,188,204,213,216,215,209,203,197,198,206,216,226,234,236,229,216,196,171,146,127,119,120,131,148
MA11,1980/01/16,171,195,214,223,225,221,211,202,198,200,208,220,230,240,242,233,215,187,156,132,112,104,106,123
MA11,1980/01/17,146,174,198,216,224,226,215,203,195,190,194,206,220,236,247,247,237,215,181,150,125,106,100,109
MA11,1980/01/18,128,156,186,210,226,232,226,213,198,190,188,191,204,222,237,247,241,223,196,161,127,103,086,087
MA11,1980/01/19,104,127,158,187,208,221,221,210,195,183,173,172,182,199,219,236,242,233,212,181,147,119,096,084
MA11,1980/01/20,094,115,143,174,201,221,231,226,212,200,186,179,181,196,216,236,251,252,238,215,186,153,126,110
MA11,1980/01/21,107,120,140,170,194,220,234,235,226,210,194,181,175,180,195,214,233,244,241,228,207,180,151,130
MA11,1980/01/22,119,120,137,158,181,208,226,232,228,216,197,181,168,166,175,189,208,225,230,228,216,196,171,150
MA11,1980/01/23,134,128,138,151,172,197,214,224,228,219,206,189,172,160,162,171,183,199,212,219,216,207,192,172
MA11,1980/01/24,156,147,146,155,171,189,208,222,226,224,215,199,180,164,155,155,161,172,182,193,197,197,189,178
MA11,1980/01/25,169,161,157,160,170,184,199,212,221,224,219,206,191,174,160,152,147,149,157,166,178,186,187,185
MA11,1980/01/26,182,176,173,172,173,182,194,204,213,219,219,213,201,186,170,156,143,136,136,141,150,162,170,175
MA11,1980/01/27,180,180,178,177,174,178,184,192,200,209,215,215,210,199,186,169,150,135,126,121,130,141,154,170
MA11,1980/01/28,181,189,194,194,190,187,187,191,198,205,214,219,216,212,204,186,165,143,124,114,112,122,136,153
MA11,1980/01/29,172,188,198,201,200,195,192,188,190,197,204,216,222,224,222,211,192,170,144,124,113,113,124,142
MA11,1980/01/30,162,187,205,214,218,214,206,201,197,198,207,219,230,240,247,242,227,204,176,150,132,124,128,141
MA11,1980/01/31,164,192,212,227,234,230,218,208,198,194,199,207,221,235,244,247,236,215,185,156,131,115,112,121
MA11,1980/02/01,139,167,193,212,224,226,218,206,192,182,180,184,198,214,228,241,235,220,196,166,138,115,098,103
MA11,1980/02/02,119,143,173,196,211,223,219,207,192,179,167,168,178,193,213,228,234,228,208,181,153,125,107,101
MA11,1980/02/03,110,131,160,188,209,222,221,210,196,181,169,166,171,185,204,224,236,236,222,202,176,148,124,112
MA11,1980/02/04,114,130,154,179,201,218,223,216,203,185,169,159,159,167,185,204,220,228,220,205,183,159,135,120
MA11,1980/02/05,115,125,143,166,191,214,222,220,210,192,176,165,159,164,179,198,215,227,227,220,204,183,159,140
MA11,1980/02/06,130,130,146,166,190,209,222,223,215,201,184,169,155,152,162,177,191,208,214,209,200,184,164,150
MA11,1980/02/07,136,134,142,156,175,198,213,220,215,202,186,170,158,148,150,159,171,187,196,197,194,185,171,158
MA11,1980/02/08,145,142,144,156,172,190,206,214,214,205,192,176,160,149,144,148,156,167,176,184,187,184,178,167
MA11,1980/02/09,162,156,155,162,172,187,203,213,217,214,204,190,175,161,154,150,151,157,165,172,178,181,181,177
MA11,1980/02/10,173,168,165,166,171,180,191,202,208,208,205,196,183,168,155,144,139,138,140,147,156,164,170,175
MA11,1980/02/11,178,180,178,175,175,180,186,195,202,207,209,205,196,183,169,155,143,133,130,132,137,148,161,171
MA11,1980/02/12,180,188,190,191,187,184,185,189,194,200,205,208,206,196,184,170,150,134,122,116,118,129,144,160
MA11,1980/02/13,176,191,199,201,198,193,189,186,184,191,200,210,213,210,202,189,166,145,122,107,102,106,118,136
MA11,1980/02/14,158,178,193,200,199,193,185,175,171,173,182,194,204,211,211,203,181,158,132,106,092,089,098,117
MA11,1980/02/15,144,170,194,209,214,209,200,186,176,172,176,190,206,218,227,229,213,189,160,126,102,088,086,099
MA11,1980/02/16,122,149,177,198,208,208,198,183,170,159,156,168,182,200,220,228,220,202,175,141,112,088,077,081
MA11,1980/02/17,097,126,157,181,201,208,201,186,169,151,142,146,158,178,202,219,226,220,198,168,135,106,087,080
MA11,1980/02/18,089,113,142,170,194,209,209,196,178,156,140,134,140,154,179,205,220,223,214,189,162,133,108,092
MA11,1980/02/19,095,110,134,163,188,207,216,208,192,169,148,136,131,142,162,188,209,226,225,211,191,162,137,118
MA11,1980/02/20,112,120,139,162,186,206,215,216,201,179,156,137,124,123,135,158,180,200,209,206,194,175,150,133
MA11,1980/02/21,122,122,136,154,175,196,210,213,206,188,167,145,126,118,120,134,152,172,186,193,193,182,166,151
MA11,1980/02/22,140,138,142,153,173,191,206,214,210,199,181,159,140,124,118,122,132,146,160,173,178,178,171,161
MA11,1980/02/23,154,148,150,155,167,183,196,207,208,202,188,174,154,138,126,122,124,133,143,155,166,171,172,168
MA11,1980/02/24,166,163,163,165,170,181,192,199,205,206,198,189,175,159,145,131,124,123,125,134,147,158,166,170
MA11,1980/02/25,172,173,174,174,175,178,183,190,195,198,199,194,187,175,161,147,132,121,116,118,124,136,149,161
MA11,1980/02/26,171,180,182,184,181,179,181,185,190,196,203,207,205,200,191,176,160,144,132,126,128,137,151,168
MA11,1980/02/27,184,198,204,206,202,194,189,187,186,192,200,207,212,215,209,198,180,158,138,122,115,120,130,146
MA11,1980/02/28,168,184,199,205,202,196,188,180,176,176,182,194,205,213,217,213,196,173,150,128,112,108,114,131
MA11,1980/02/29,152,174,193,203,203,196,184,172,162,155,160,173,186,200,212,215,204,188,162,136,117,106,105,119
MA11,1980/03/01,141,163,188,205,213,211,198,182,170,160,161,172,186,203,226,236,231,216,191,164,136,117,110,115
MA11,1980/03/02,132,160,182,200,213,212,199,182,163,149,143,147,159,177,196,214,217,208,190,164,136,116,100,100
MA11,1980/03/03,116,138,164,186,204,208,198,183,163,143,132,132,142,159,184,204,215,217,204,182,155,131,113,108
MA11,1980/03/04,116,136,161,185,205,218,210,196,176,154,139,132,136,152,174,194,212,220,212,197,174,149,130,118
MA11,1980/03/05,119,134,156,177,200,214,214,202,181,158,142,130,125,136,153,176,196,210,210,201,184,164,143,129
MA11,1980/03/06,123,134,149,170,192,206,212,206,187,165,147,130,120,124,138,160,178,194,200,200,187,172,152,138
MA11,1980/03/07,132,134,146,165,184,200,210,208,193,173,154,136,125,122,130,148,164,180,195,201,196,187,175,162
MA11,1980/03/08,155,156,164,176,194,210,220,224,214,197,180,158,142,132,130,139,152,165,179,186,188,184,174,162
MA11,1980/03/09,156,151,154,164,176,189,200,208,203,191,176,159,142,132,127,130,140,151,164,177,186,192,191,189
MA11,1980/03/10,188,185,185,189,196,208,221,228,225,217,205,187,172,156,146,140,139,144,150,158,167,176,179,183
MA11,1980/03/11,184,184,182,181,185,188,194,200,203,205,200,189,178,164,150,142,135,130,133,139,148,160,170,179
MA11,1980/03/12,188,192,192,190,187,184,186,190,193,197,200,198,192,182,171,154,141,129,120,119,124,136,149,164
MA11,1980/03/13,179,190,196,195,190,185,179,176,178,181,187,192,194,190,181,166,149,128,113,106,104,109,126,145
MA11,1980/03/14,165,185,196,200,196,188,177,171,166,170,181,192,203,210,208,200,183,161,138,119,110,111,122,140
MA11,1980/03/15,164,187,204,215,211,201,184,171,158,156,162,176,193,206,216,215,202,176,149,122,103,095,096,112
MA11,1980/03/16,135,161,186,202,207,200,183,164,146,134,137,150,169,190,209,220,216,195,170,139,111,096,089,098
MA11,1980/03/17,120,149,174,199,212,206,194,170,146,128,122,128,147,170,195,217,224,216,195,168,140,118,104,106
MA11,1980/03/18,120,142,171,196,211,218,204,182,157,130,112,109,118,140,168,194,212,216,206,186,158,132,113,105
MA11,1980/03/19,111,130,156,180,201,210,203,185,159,130,108,094,094,113,138,165,192,206,206,194,177,153,132,120
MA11,1980/03/20,122,134,156,178,200,216,217,202,182,154,128,108,096,101,122,146,172,192,204,202,192,175,155,142
MA11,1980/03/21,139,146,160,179,200,217,223,216,197,174,148,124,106,102,110,130,152,172,187,196,193,186,172,160
MA11,1980/03/22,154,154,163,176,194,208,218,217,204,188,166,142,124,112,110,120,137,154,174,190,197,196,188,183
MA11,1980/03/23,177,174,179,186,197,210,220,223,217,206,188,168,148,132,120,121,127,137,152,163,174,178,178,175
MA11,1980/03/24,172,170,170,172,179,189,197,203,203,195,188,174,158,144,129,120,116,120,128,136,150,159,165,170
MA11,1980/03/25,170,170,168,167,168,172,177,180,184,184,180,175,165,153,141,129,118,114,115,122,133,145,156,168
MA11,1980/03/26,176,178,179,177,174,173,172,174,180,182,186,190,188,180,170,158,146,131,124,122,127,137,150,166
MA11,1980/03/27,178,185,188,185,179,173,167,164,162,168,176,180,184,186,179,170,154,134,118,109,108,116,127,144
MA11,1980/03/28,161,177,184,182,176,165,156,146,140,142,150,162,174,182,183,180,167,146,129,113,106,108,118,136
MA11,1980/03/29,156,176,188,192,187,175,162,148,137,132,140,154,168,184,192,196,188,170,150,130,115,110,119,132
MA11,1980/03/30,153,180,194,205,204,194,179,162,146,138,144,154,173,192,208,218,214,198,175,153,132,121,119,129
MA11,1980/03/31,148,171,191,203,204,194,178,157,134,122,117,128,142,163,186,202,207,200,182,160,140,126,116,125
MA11,1980/04/01,144,169,195,209,215,215,198,176,152,133,124,127,140,162,186,208,218,216,203,182,159,139,124,124
MA11,1980/04/02,138,157,178,198,207,206,192,170,144,120,108,105,113,134,157,179,196,200,197,179,159,140,122,118
MA11,1980/04/03,123,140,159,178,192,196,187,166,140,114,096,088,090,104,127,152,173,185,187,177,162,142,125,118
MA11,1980/04/04,120,131,149,170,186,194,192,176,150,124,104,089,086,095,114,138,159,177,186,182,174,158,140,130
MA11,1980/04/05,129,134,147,168,182,193,196,184,163,140,115,100,092,094,109,128,150,170,184,189,187,177,164,156
MA11,1980/04/06,152,151,163,177,190,204,210,206,191,171,148,130,117,114,118,130,148,167,184,195,199,194,188,178
MA11,1980/04/07,169,168,170,176,188,197,203,204,195,176,158,138,120,111,108,114,122,136,149,162,171,174,174,169
MA11,1980/04/08,166,163,162,166,172,180,187,192,188,178,165,148,132,120,112,111,117,126,138,152,164,175,178,180
MA11,1980/04/09,182,180,179,180,181,185,192,197,198,197,188,176,163,147,136,130,125,125,130,140,154,166,175,182
MA11,1980/04/10,186,187,185,182,178,175,174,176,177,180,180,178,169,160,145,131,120,111,106,111,121,134,148,162
MA11,1980/04/11,176,183,183,175,169,161,155,154,154,160,170,174,176,173,164,150,135,120,107,104,109,120,136,155
MA11,1980/04/12,173,186,192,188,180,169,156,148,144,148,160,174,184,189,188,178,162,143,123,112,111,115,126,148
MA11,1980/04/13,172,190,203,203,196,181,162,146,137,137,147,166,185,204,212,211,200,181,160,140,131,126,133,153
MA11,1980/04/14,180,200,218,225,219,202,180,157,138,131,137,152,178,200,219,228,224,205,182,160,141,130,128,140
MA11,1980/04/15,166,190,210,222,221,206,183,155,126,110,106,116,140,168,196,216,222,216,198,174,152,136,129,135
MA11,1980/04/16,154,177,200,216,220,210,190,157,126,102,087,091,108,132,166,193,209,213,204,186,169,150,135,137
MA11,1980/04/17,151,171,196,216,227,225,210,185,149,124,102,091,098,120,145,176,203,213,216,207,190,172,156,148
MA11,1980/04/18,154,168,189,208,222,224,212,190,161,129,103,084,080,091,113,141,168,189,195,193,184,170,154,145
MA11,1980/04/19,145,154,170,188,202,211,210,193,169,140,114,092,080,082,096,118,144,166,185,190,188,181,170,161
MA11,1980/04/20,159,160,168,184,200,210,217,209,192,172,149,126,110,105,108,120,139,159,180,195,197,195,187,179
MA11,1980/04/21,175,173,175,184,196,208,214,215,205,190,173,154,136,122,116,120,130,144,162,178,188,193,192,188
MA11,1980/04/22,186,182,180,182,188,195,202,205,199,193,181,168,152,137,129,122,125,136,145,158,174,180,185,187
MA11,1980/04/23,188,186,183,180,180,184,189,192,194,193,189,182,174,163,152,142,138,137,142,153,168,180,186,194
MA11,1980/04/24,199,194,191,187,179,178,179,180,181,184,186,184,180,174,166,152,140,134,132,136,147,158,170,181
MA11,1980/04/25,188,191,190,182,173,165,159,156,159,164,170,177,180,181,175,166,154,140,132,129,132,144,158,172
MA11,1980/04/26,186,190,192,190,177,164,155,146,142,147,157,167,177,184,185,180,169,152,137,129,128,132,146,162
MA11,1980/04/27,178,188,194,188,177,164,146,132,126,123,132,147,162,178,187,188,181,166,150,138,132,133,143,160
MA11,1980/04/28,180,196,205,209,202,185,168,150,138,134,141,156,174,192,207,213,210,199,179,162,151,146,148,164
MA11,1980/04/29,182,199,213,218,208,192,172,146,127,118,119,130,152,172,195,209,210,204,188,170,156,144,142,152
MA11,1980/04/30,167,188,206,213,212,198,174,151,128,109,106,114,131,155,182,198,211,212,198,183,167,152,148,151
MA11,1980/05/01,165,187,205,218,222,211,189,165,138,117,107,108,122,145,170,194,212,216,212,196,180,165,155,152
MA11,1980/05/02,164,180,198,214,220,214,200,171,141,118,101,096,104,123,146,173,194,206,207,200,187,171,157,152
MA11,1980/05/03,158,170,186,203,215,215,203,180,151,123,103,092,094,107,130,157,182,198,207,204,196,184,170,162
MA11,1980/05/04,164,171,186,203,215,219,214,195,170,144,121,105,100,105,122,145,168,190,204,208,207,196,184,176
MA11,1980/05/05,173,175,186,199,210,220,221,209,189,166,140,121,108,106,114,128,150,172,189,200,204,200,194,186
MA11,1980/05/06,181,180,184,193,204,214,219,217,204,184,165,144,127,119,120,128,142,158,177,193,200,205,203,196
MA11,1980/05/07,191,185,182,186,192,200,206,206,200,188,170,152,133,119,114,112,118,130,142,158,172,179,183,183
MA11,1980/05/08,178,175,168,166,168,171,177,183,182,180,173,160,147,134,123,117,117,122,132,145,160,174,185,190
MA11,1980/05/09,192,190,186,178,173,174,176,180,186,190,192,190,181,169,159,149,140,138,140,147,161,177,188,199
MA11,1980/05/10,206,206,201,190,177,170,165,163,168,176,184,191,190,185,179,164,151,142,135,135,144,158,174,191
MA11,1980/05/11,204,209,210,199,183,168,154,148,148,154,168,182,190,197,196,184,170,154,140,135,137,144,162,180
MA11,1980/05/12,195,206,209,200,184,164,142,126,119,122,137,157,176,194,202,200,193,178,162,150,143,149,161,178
MA11,1980/05/13,198,216,223,220,206,184,158,134,119,115,123,144,168,190,210,218,217,208,189,172,161,156,160,176
MA11,1980/05/14,194,214,227,227,216,196,168,137,113,100,099,113,138,165,192,212,220,216,203,186,170,162,161,170
MA11,1980/05/15,190,210,228,237,233,217,193,157,127,109,096,100,122,148,177,206,225,228,223,205,187,174,166,168
MA11,1980/05/16,184,198,216,231,233,222,202,167,137,106,085,081,092,114,146,174,200,216,217,210,197,181,172,170
MA11,1980/05/17,174,190,207,222,230,226,212,186,153,122,096,079,080,095,118,148,176,195,204,203,193,181,170,164
MA11,1980/05/18,164,174,190,205,218,222,216,198,170,139,113,093,084,088,104,127,151,174,190,196,196,186,177,169
MA11,1980/05/19,165,170,180,192,206,215,213,203,184,156,132,110,094,090,098,112,137,160,178,192,195,192,184,174
MA11,1980/05/20,170,168,172,180,192,201,208,204,191,175,155,132,117,106,104,113,129,146,167,182,190,194,191,184
MA11,1980/05/21,179,176,174,179,185,194,202,204,199,190,177,162,147,133,127,129,136,150,167,184,196,204,204,202
MA11,1980/05/22,198,193,190,189,191,196,200,204,204,200,194,184,171,159,149,141,140,148,157,171,186,196,200,202
MA11,1980/05/23,196,189,183,175,169,170,171,173,178,180,179,177,172,163,154,145,142,143,146,158,171,184,194,199
MA11,1980/05/24,200,195,187,176,166,159,156,158,161,167,175,179,180,178,173,163,154,148,146,152,164,177,190,200
MA11,1980/05/25,204,203,197,186,173,159,150,148,148,155,166,177,186,191,188,182,173,162,156,156,163,174,188,202
MA11,1980/05/26,212,216,212,201,188,172,158,150,148,154,166,183,198,211,219,216,207,198,184,178,180,187,200,215
MA11,1980/05/27,228,235,234,220,203,184,164,147,137,136,145,162,179,198,210,212,208,196,181,171,165,166,177,188
MA11,1980/05/28,205,219,222,217,203,180,158,135,118,113,118,135,158,180,200,212,213,206,193,179,167,165,168,179
MA11,1980/05/29,196,211,221,220,207,186,162,134,114,103,102,116,137,162,187,205,215,215,204,191,178,169,166,176
MA11,1980/05/30,193,213,227,229,224,206,180,152,122,105,098,104,123,147,174,198,213,218,215,202,187,177,170,173
MA11,1980/05/31,186,202,218,227,228,217,193,162,133,109,092,093,103,124,153,178,199,215,216,206,193,180,171,170
MA11,1980/06/01,176,190,207,221,226,220,201,173,143,115,096,087,091,107,131,158,184,203,214,211,202,190,177,172
MA11,1980/06/02,175,184,201,215,226,226,215,196,168,139,114,099,094,103,124,150,174,197,212,216,214,206,193,185
MA11,1980/06/03,182,187,198,212,224,235,227,212,192,164,137,119,107,105,119,136,157,182,199,210,213,209,200,190
MA11,1980/06/04,182,180,184,192,206,214,219,212,196,174,152,129,112,106,106,118,136,157,177,192,200,204,199,190
MA11,1980/06/05,182,176,172,177,186,194,204,205,198,186,168,147,131,116,112,116,127,142,162,179,192,200,201,195
MA11,1980/06/06,185,177,170,166,170,176,185,192,194,189,179,168,150,137,127,122,126,137,150,166,182,194,198,199
MA11,1980/06/07,191,182,173,162,157,158,163,171,177,181,182,178,168,156,145,136,133,135,142,157,173,187,198,202
MA11,1980/06/08,201,196,182,166,155,149,146,151,160,171,179,184,184,180,172,162,152,149,150,156,169,184,198,207
MA11,1980/06/09,212,209,197,182,164,150,140,138,144,157,172,187,198,204,200,191,181,171,166,166,172,185,202,214
MA11,1980/06/10,223,226,220,201,180,156,137,127,123,133,150,170,190,204,212,210,202,191,179,172,175,182,196,210
MA11,1980/06/11,224,232,230,218,198,173,145,122,112,110,124,147,172,194,212,218,216,207,195,183,178,180,190,204
MA11,1980/06/12,220,233,238,231,215,189,159,130,108,098,103,122,148,175,201,217,223,221,212,197,187,184,185,196
MA11,1980/06/13,214,230,242,242,230,211,180,145,116,095,092,102,122,151,181,202,216,222,215,202,190,181,178,184
MA11,1980/06/14,196,214,230,237,235,220,193,161,130,100,085,086,100,124,154,181,202,214,215,207,194,184,174,175
MA11,1980/06/15,184,201,218,230,236,230,212,185,153,123,100,091,095,112,139,168,193,213,219,216,207,196,185,180
MA11,1980/06/16,181,189,206,226,235,236,227,206,177,148,123,105,102,110,130,156,182,203,218,221,214,206,195,185
MA11,1980/06/17,183,190,200,216,230,237,235,222,201,177,154,129,118,120,134,153,179,204,222,229,228,224,214,202
MA11,1980/06/18,196,195,200,212,226,235,240,234,220,199,176,155,141,132,136,150,168,190,209,222,227,222,212,201
MA11,1980/06/19,190,185,183,189,198,208,216,214,207,194,177,159,144,132,128,135,146,162,182,196,206,210,201,191
MA11,1980/06/20,183,173,169,170,171,180,189,194,194,188,179,168,156,143,137,137,144,158,174,188,203,210,208,202
MA11,1980/06/21,193,184,176,167,166,171,177,183,187,189,188,181,171,164,156,150,151,159,168,182,196,208,211,208
MA11,1980/06/22,203,192,180,169,162,159,161,164,171,176,182,183,180,174,168,160,155,156,161,171,186,197,205,209
MA11,1980/06/23,204,196,184,169,155,146,142,143,150,158,168,9999,9999,9999,9999,9999,9999,9999,9999,9999,9999,9999,9999,9999
MA11,1980/06/24,9999,9999,9999,9999,9999,9999,9999,9999,9999,9999,9999,9999,9999,9999,9999,194,188,180,175,174,180,190,201,213
MA11,1980/06/25,220,221,212,198,179,158,141,128,123,130,142,159,180,196,206,209,202,194,186,177,179,187,196,208
MA11,1980/06/26,220,226,223,212,192,170,148,128,116,117,126,145,167,189,206,216,217,210,202,190,185,188,194,208
MA11,1980/06/27,225,238,240,234,217,194,168,144,124,115,120,135,159,181,207,223,229,226,218,204,195,192,194,204
MA11,1980/06/28,219,234,244,242,231,210,184,152,127,110,106,114,134,160,188,210,224,228,222,210,199,190,186,191
MA11,1980/06/29,206,222,236,240,236,220,192,164,132,107,097,098,112,136,163,190,212,222,222,214,201,189,182,180
MA11,1980/06/30,190,205,220,233,236,228,206,178,146,116,094,087,094,111,140,167,191,212,218,212,204,192,182,174
MA11,1980/07/01,177,190,208,223,233,232,219,196,161,130,108,091,091,105,126,153,180,204,215,216,211,198,185,178
MA11,1980/07/02,175,181,197,213,228,235,229,214,190,158,134,114,104,108,124,146,172,198,215,224,224,214,199,188
MA11,1980/07/03,181,180,187,197,209,220,226,220,210,195,172,147,131,126,133,148,171,192,212,224,229,226,214,201
MA11,1980/07/04,188,181,180,186,199,212,222,225,220,204,186,166,149,138,136,142,156,175,193,210,220,223,216,204
MA11,1980/07/05,190,178,169,168,172,182,196,205,208,204,192,180,166,152,144,145,152,166,182,198,212,220,218,209
MA11,1980/07/06,196,182,169,159,156,161,170,181,190,196,196,193,184,175,167,160,162,169,179,193,208,219,222,218
MA11,1980/07/07,210,198,181,164,150,146,149,158,170,180,189,193,192,190,184,177,172,173,180,188,199,210,218,223
MA11,1980/07/08,213,201,191,181,170,158,148,148,157,165,174,184,196,200,200,195,188,184,183,187,195,207,215,220
MA11,1980/07/09,222,212,198,182,166,149,133,120,123,132,147,167,185,198,208,210,202,196,190,186,191,200,211,223
MA11,1980/07/10,230,230,224,210,185,161,134,116,107,108,123,145,168,188,204,211,212,204,194,188,184,190,200,211
MA11,1980/07/11,226,232,226,207,185,162,142,124,114,113,124,141,150,175,201,218,222,216,208,197,189,190,199,211
MA11,1980/07/12,222,238,247,246,232,212,184,153,128,110,105,117,138,163,191,213,226,228,220,207,197,189,186,194
MA11,1980/07/13,206,222,239,242,238,222,197,164,132,108,096,098,115,137,168,193,214,223,218,208,195,184,177,178
MA11,1980/07/14,190,205,222,234,238,231,212,183,153,126,105,098,108,127,152,182,204,220,223,216,204,193,180,177
MA11,1980/07/15,184,198,214,231,243,243,232,210,181,152,128,115,112,126,147,173,198,217,226,223,212,199,186,177
MA11,1980/07/16,174,186,199,214,230,237,232,216,191,166,144,123,116,121,136,162,188,209,220,222,214,201,186,174
MA11,1980/07/17,167,170,181,194,207,218,218,207,192,172,151,134,120,120,131,148,172,191,209,216,212,200,187,172
MA11,1980/07/18,162,159,165,176,188,201,210,208,197,182,164,146,134,128,133,148,165,186,204,213,216,210,196,181
MA11,1980/07/19,172,164,164,170,178,190,202,204,200,193,179,166,153,144,144,150,163,178,194,206,215,214,204,192
MA11,1980/07/20,179,168,160,157,161,169,178,185,189,186,180,176,162,155,152,152,160,171,182,196,208,211,207,198
MA11,1980/07/21,184,174,160,152,150,153,157,167,175,180,182,180,175,170,166,164,166,173,181,194,204,213,215,208
MA11,1980/07/22,200,187,173,161,152,147,150,155,162,171,180,186,188,187,184,180,178,180,184,192,202,214,218,218
MA11,1980/07/23,212,200,188,176,164,153,145,146,149,158,170,184,194,200,202,198,195,192,190,195,202,210,219,225
MA11,1980/07/24,225,218,204,188,168,151,139,132,135,135,157,174,190,202,210,212,206,200,195,191,195,201,212,221
MA11,1980/07/25,225,225,220,9999,9999,9999,9999,9999,9999,9999,9999,9999,9999,9999,9999,9999,9999,9999,9999,9999,9999,9999,9999,9999
MA11,1980/07/26,9999,9999,9999,9999,9999,9999,9999,9999,9999,9999,9999,9999,9999,9999,9999,9999,9999,9999,9999,9999,9999,9999,9999,9999
MA11,1980/07/27,9999,9999,9999,9999,9999,9999,9999,9999,9999,9999,9999,9999,9999,9999,9999,9999,9999,9999,9999,9999,9999,9999,9999,9999
MA11,1980/07/28,9999,9999,9999,9999,9999,9999,9999,9999,9999,9999,9999,9999,9999,9999,9999,9999,9999,9999,9999,9999,9999,9999,9999,9999
MA11,1980/07/29,9999,9999,9999,9999,9999,9999,9999,9999,9999,9999,9999,9999,9999,9999,9999,9999,9999,9999,9999,9999,9999,9999,9999,9999
MA11,1980/07/30,9999,9999,9999,9999,9999,9999,9999,9999,9999,9999,9999,9999,9999,125,149,177,204,226,233,231,220,202,188,176
MA11,1980/07/31,175,185,203,222,241,252,248,233,208,177,151,132,125,131,149,174,198,221,232,235,227,213,196,180
MA11,1980/08/01,168,170,180,196,216,232,238,233,218,192,170,149,134,132,144,162,185,208,222,231,229,216,201,180
MA11,1980/08/02,162,158,159,168,187,205,217,220,214,200,182,162,150,141,144,158,175,194,214,227,229,223,209,186
MA11,1980/08/03,172,160,153,156,164,179,196,206,210,207,197,183,172,161,160,166,176,193,208,221,230,229,218,205
MA11,1980/08/04,188,168,157,148,148,159,171,183,194,198,199,194,186,180,176,176,182,191,203,217,226,231,228,219
MA11,1980/08/05,206,186,170,154,144,145,152,160,172,184,191,196,196,194,190,188,190,194,199,210,220,228,230,225
MA11,1980/08/06,217,204,188,167,150,141,137,140,150,164,177,190,198,203,206,204,202,200,198,206,213,221,227,231
MA11,1980/08/07,229,220,208,188,167,148,137,129,132,142,156,174,190,202,209,212,210,206,201,199,200,208,216,225
MA11,1980/08/08,230,228,222,206,185,163,142,125,120,121,136,156,176,196,207,215,214,208,201,192,190,194,201,214
MA11,1980/08/09,224,230,231,220,203,178,154,128,114,109,116,136,159,182,203,216,219,216,204,192,187,183,188,201
MA11,1980/08/10,214,228,236,232,222,200,173,144,124,108,108,122,141,170,194,211,221,220,209,197,185,175,175,184
MA11,1980/08/11,197,217,230,236,232,215,191,162,135,113,105,108,128,154,180,205,218,223,216,202,188,174,168,172
MA11,1980/08/12,184,203,222,234,236,229,211,182,155,127,113,110,121,145,172,198,216,226,221,209,195,177,168,165
MA11,1980/08/13,172,189,209,227,236,238,226,203,176,147,128,119,124,140,165,194,215,228,230,220,206,189,174,164
MA11,1980/08/14,166,180,196,215,230,238,234,216,193,165,146,132,128,139,160,186,210,227,232,226,214,195,178,166
MA11,1980/08/15,161,169,184,202,218,232,234,223,206,185,164,148,140,144,158,181,203,222,232,231,220,204,186,173
MA11,1980/08/16,162,162,170,185,200,217,223,222,212,195,177,162,151,149,159,174,196,214,227,232,226,210,194,176
MA11,1980/08/17,164,157,160,170,182,200,210,213,210,200,187,172,162,158,160,172,189,206,219,228,228,219,202,183
MA11,1980/08/18,169,160,156,160,167,180,193,200,202,198,191,181,173,166,168,176,185,200,212,221,226,221,206,191
MA11,1980/08/19,176,162,156,152,154,164,174,184,192,195,194,190,185,182,180,182,186,197,206,217,224,222,215,204
MA11,1980/08/20,189,175,163,155,152,153,160,168,176,185,190,194,195,192,190,191,192,196,202,210,218,222,220,213
MA11,1980/08/21,203,189,176,162,150,146,146,150,157,168,179,188,195,199,199,198,198,196,195,202,209,214,219,218
MA11,1980/08/22,213,204,191,172,156,144,137,136,138,149,163,177,193,202,208,209,205,199,195,194,197,203,210,218
MA11,1980/08/23,220,214,206,190,170,152,138,126,124,132,146,166,185,204,217,222,221,214,206,198,199,201,208,220
MA11,1980/08/24,228,232,231,217,197,173,151,131,121,121,130,150,173,197,216,228,231,223,210,199,190,188,195,208
MA11,1980/08/25,223,237,242,237,221,198,170,145,124,112,116,132,154,183,205,226,232,228,217,200,188,180,180,191
MA11,1980/08/26,208,227,240,243,237,217,190,158,131,112,108,115,134,163,189,216,230,232,221,206,186,171,166,171
MA11,1980/08/27,185,209,230,244,245,238,216,184,154,128,116,114,128,152,180,211,230,236,232,216,198,175,160,157
MA11,1980/08/28,169,188,211,234,248,248,233,210,178,147,127,117,120,139,166,194,218,231,231,220,199,175,156,147
MA11,1980/08/29,147,160,182,206,226,239,236,219,196,167,144,133,129,138,160,185,211,229,234,228,214,189,164,146
MA11,1980/08/30,140,143,158,183,206,226,234,229,215,193,172,156,147,151,166,188,211,231,241,241,230,208,184,162
MA11,1980/08/31,147,142,150,164,186,208,224,228,223,210,195,180,171,171,178,192,212,231,243,246,240,226,204,180
MA11,1980/09/01,161,148,146,152,166,186,201,213,216,210,202,192,182,179,180,192,206,220,233,242,240,231,214,193
MA11,1980/09/02,174,156,146,142,146,159,174,187,196,200,200,197,191,187,186,191,199,208,218,226,232,230,219,207
MA11,1980/09/03,190,172,157,144,138,141,150,160,173,185,192,197,198,196,196,194,195,201,205,214,221,222,221,214
MA11,1980/09/04,202,189,174,156,144,136,136,143,152,165,181,192,198,202,203,202,200,197,198,203,209,214,218,220
MA11,1980/09/05,218,210,196,178,160,144,135,132,136,148,165,181,195,207,211,212,211,203,198,198,200,208,216,223
MA11,1980/09/06,228,228,220,205,186,164,149,135,131,138,151,170,189,203,215,219,215,206,197,188,188,192,198,210
MA11,1980/09/07,223,229,230,222,204,183,159,139,130,126,139,160,178,201,219,226,225,218,203,189,184,178,184,200
MA11,1980/09/08,213,227,235,232,221,202,176,151,132,123,126,142,164,186,208,224,227,220,207,189,176,166,166,178
MA11,1980/09/09,197,212,230,236,231,217,196,165,141,124,120,130,147,174,200,218,227,223,208,190,177,160,152,161
MA11,1980/09/10,176,196,216,230,235,228,209,182,156,134,125,126,140,166,191,215,230,230,220,202,182,164,152,154
MA11,1980/09/11,167,188,211,231,240,240,231,207,181,158,142,138,148,169,194,218,235,240,233,216,195,173,158,153
MA11,1980/09/12,160,176,197,223,237,244,240,222,199,176,157,148,152,169,190,214,234,245,242,227,206,183,162,150
MA11,1980/09/13,151,162,180,204,222,234,238,225,206,187,168,156,156,165,181,206,226,238,239,228,211,188,164,150
MA11,1980/09/14,146,148,163,185,202,219,228,222,210,195,179,165,160,163,176,195,213,229,232,226,214,192,172,154
MA11,1980/09/15,144,142,151,166,182,200,211,216,211,201,189,176,170,169,176,192,207,222,229,229,220,202,182,164
MA11,1980/09/16,150,144,147,155,169,188,201,210,210,205,198,190,183,181,184,192,206,218,225,230,225,212,196,176
MA11,1980/09/17,161,151,146,148,156,167,181,194,200,202,198,195,193,189,188,192,200,209,216,222,221,212,200,184
MA11,1980/09/18,168,156,148,143,144,151,161,173,184,191,196,196,196,195,194,196,199,202,207,213,218,214,208,198
MA11,1980/09/19,185,172,160,149,143,144,148,157,167,178,190,197,201,204,204,204,202,200,201,208,213,214,213,210
MA11,1980/09/20,202,192,179,164,151,143,140,143,150,163,179,194,204,211,214,212,208,200,196,195,199,204,208,213
MA11,1980/09/21,213,208,197,179,161,146,132,126,130,140,156,176,194,209,218,219,214,204,193,186,186,191,200,210
MA11,1980/09/22,221,224,219,206,186,164,145,132,126,129,145,164,187,206,221,226,222,208,191,178,170,170,179,194
MA11,1980/09/23,211,224,228,222,204,182,156,134,118,114,123,142,167,191,212,224,225,211,190,171,157,150,154,170
MA11,1980/09/24,191,213,228,231,223,205,176,149,128,115,116,130,153,181,209,225,232,222,203,180,158,141,138,150
MA11,1980/09/25,172,197,223,237,240,230,205,178,149,129,122,129,147,172,200,222,233,230,211,189,161,138,126,129
MA11,1980/09/26,144,170,198,224,238,237,223,199,171,148,134,130,142,163,189,213,231,232,221,197,169,141,119,113
MA11,1980/09/27,120,139,170,200,222,233,231,216,194,171,151,145,152,167,186,214,234,237,234,216,187,161,132,118
MA11,1980/09/28,116,123,149,176,199,222,232,224,213,192,172,164,160,166,185,206,225,236,236,225,204,175,148,126
MA11,1980/09/29,114,115,127,147,171,193,211,217,211,200,187,176,172,174,185,203,221,233,240,235,220,199,173,151
MA11,1980/09/30,133,126,128,140,160,180,200,214,218,216,208,201,196,194,200,212,226,237,243,245,236,221,200,178
MA11,1980/10/01,157,140,134,134,143,159,173,188,198,200,199,196,190,189,191,195,204,212,217,222,220,212,198,182
MA11,1980/10/02,166,149,136,130,130,138,150,163,175,187,192,195,197,194,192,195,197,200,204,209,211,209,205,196
MA11,1980/10/03,185,172,157,144,137,134,140,148,160,174,186,195,201,202,200,198,195,192,193,195,199,203,205,204
MA11,1980/10/04,200,191,178,163,148,138,133,134,142,153,167,182,192,199,200,196,190,180,174,173,176,181,186,193
MA11,1980/10/05,196,197,190,176,160,145,130,124,127,137,153,172,188,200,204,203,196,182,172,166,163,168,177,188
MA11,1980/10/06,200,208,208,200,185,167,149,134,130,136,149,170,190,206,216,220,212,197,182,169,160,162,171,186
MA11,1980/10/07,203,218,228,228,215,198,178,157,143,144,152,169,191,210,224,232,226,209,192,173,158,154,160,173
MA11,1980/10/08,195,214,228,236,229,216,195,170,154,146,150,166,187,208,228,241,237,223,202,178,157,145,144,154
MA11,1980/10/09,172,194,214,225,229,220,199,176,156,140,137,147,164,188,208,222,227,214,196,170,146,130,122,129
MA11,1980/10/10,147,172,194,213,222,221,208,188,165,150,140,144,160,181,204,224,230,222,206,181,156,136,124,124
MA11,1980/10/11,138,161,187,208,224,232,223,208,188,168,157,154,162,181,202,220,234,232,217,195,168,143,127,120
MA11,1980/10/12,126,145,169,193,213,223,222,211,194,176,162,154,156,171,191,209,222,224,216,196,170,146,125,113
MA11,1980/10/13,113,127,147,169,194,211,215,212,200,185,173,164,163,173,190,208,223,231,226,214,192,167,145,127
MA11,1980/10/14,124,130,145,168,191,210,223,227,222,213,200,191,190,192,201,218,230,241,240,227,211,191,166,145
MA11,1980/10/15,135,134,143,156,173,191,206,211,211,206,197,190,184,182,189,200,209,218,222,214,202,185,162,144
MA11,1980/10/16,128,122,124,130,144,161,176,189,194,193,192,189,183,182,185,192,199,206,211,211,205,193,178,159
MA11,1980/10/17,144,135,129,129,138,148,163,177,188,196,200,201,199,196,196,198,200,204,208,210,209,203,193,180
MA11,1980/10/18,165,152,140,135,136,140,150,162,174,186,196,200,202,202,200,198,195,193,194,196,198,202,199,194
MA11,1980/10/19,183,173,159,148,143,139,141,149,160,176,189,201,209,211,210,202,195,188,184,184,189,196,202,206
MA11,1980/10/20,204,199,188,173,156,146,139,138,147,160,177,196,209,216,220,216,204,192,180,173,173,180,192,204
MA11,1980/10/21,214,218,212,198,183,165,149,140,144,152,170,194,212,226,236,232,221,202,182,168,163,168,180,198
MA11,1980/10/22,218,230,234,226,209,186,166,148,140,144,157,178,200,218,232,233,223,203,176,154,138,138,146,164
MA11,1980/10/23,190,213,226,231,223,204,180,158,142,135,142,160,182,206,224,232,226,206,179,150,124,113,116,130
MA11,1980/10/24,159,188,212,230,232,220,203,180,159,146,146,158,178,201,223,237,238,222,196,164,135,115,102,113
MA11,1980/10/25,134,166,198,224,239,243,233,213,194,180,174,179,196,219,246,266,271,264,242,209,175,146,126,124
MA11,1980/10/26,138,164,197,229,248,261,258,242,226,206,191,188,194,211,232,250,261,260,244,216,184,152,124,110
MA11,1980/10/27,111,128,155,181,211,232,240,236,224,209,195,188,188,198,216,234,247,251,242,223,196,164,136,115
MA11,1980/10/28,106,110,127,153,179,204,217,220,218,206,196,189,186,191,204,220,235,244,243,232,212,186,158,136
MA11,1980/10/29,121,116,124,140,161,186,205,216,221,216,210,204,196,191,206,214,228,237,240,236,222,203,182,158
MA11,1980/10/30,140,130,126,132,148,164,185,200,208,212,210,204,201,196,198,204,209,217,222,223,219,208,197,179
MA11,1980/10/31,164,150,142,142,147,160,177,192,204,211,214,214,211,206,205,204,206,208,210,214,214,210,205,194
MA11,1980/11/01,183,172,156,147,145,147,156,169,182,194,203,210,209,207,204,200,194,191,192,193,197,204,205,202
MA11,1980/11/02,198,188,178,166,157,152,152,160,172,184,196,208,214,216,215,206,196,188,182,181,184,190,198,204
MA11,1980/11/03,206,206,199,187,175,163,157,156,163,174,189,202,213,218,217,209,195,180,169,162,162,168,178,189
MA11,1980/11/04,200,207,204,197,184,169,157,148,151,160,175,192,206,216,219,214,200,184,168,153,148,154,164,180
MA11,1980/11/05,196,208,214,213,202,189,173,159,156,160,171,189,206,219,231,228,214,196,174,154,143,141,150,166
MA11,1980/11/06,188,206,219,224,220,206,189,174,164,160,171,186,202,220,233,232,222,203,177,153,137,128,134,149
MA11,1980/11/07,170,195,214,228,228,221,205,188,176,167,170,184,200,218,237,245,238,221,195,170,148,131,131,144
MA11,1980/11/08,164,190,216,234,242,240,225,208,191,176,172,179,194,212,229,242,237,222,198,169,140,122,112,116
MA11,1980/11/09,132,157,182,206,222,227,218,204,189,174,167,171,181,200,218,230,234,223,201,174,144,120,106,103
MA11,1980/11/10,114,136,162,187,209,220,220,210,197,180,169,170,176,190,209,223,231,227,212,186,156,128,110,099
MA11,1980/11/11,104,120,142,167,191,209,213,211,203,188,177,172,172,182,197,211,221,222,212,192,165,137,113,100
MA11,1980/11/12,098,108,127,150,177,196,209,212,208,197,187,181,180,187,200,214,226,231,227,212,191,166,142,124
MA11,1980/11/13,115,119,130,150,176,196,214,226,231,225,215,207,199,198,206,215,225,232,229,220,203,179,158,135
MA11,1980/11/14,121,119,122,134,152,170,188,202,208,207,204,197,191,190,193,199,209,214,218,216,204,191,173,152
MA11,1980/11/15,138,127,123,128,136,150,169,184,194,201,200,197,193,186,186,187,187,192,196,197,194,188,175,159
MA11,1980/11/16,144,132,122,120,122,132,145,160,176,187,193,196,193,188,185,180,176,178,178,184,185,186,186,176
MA11,1980/11/17,167,155,142,134,130,130,138,150,166,180,192,200,203,201,195,188,176,168,166,167,174,181,187,188
MA11,1980/11/18,186,179,168,156,146,139,140,144,156,170,187,201,207,208,205,193,179,162,151,148,151,161,174,186
MA11,1980/11/19,193,195,191,178,164,152,142,139,147,158,175,196,206,214,214,202,185,164,144,132,130,138,154,172
MA11,1980/11/20,190,204,209,204,191,176,160,150,149,156,171,190,207,221,224,216,198,170,143,122,108,113,126,148
MA11,1980/11/21,176,198,214,220,214,202,184,169,162,162,172,189,208,223,234,234,218,191,160,126,105,099,102,124
MA11,1980/11/22,154,184,213,229,232,224,211,193,181,175,178,191,207,228,244,249,240,219,183,149,119,099,093,105
MA11,1980/11/23,129,160,193,216,229,231,223,206,193,182,178,185,200,219,240,250,247,230,201,168,130,103,088,088
MA11,1980/11/24,101,132,166,194,216,226,226,218,202,190,183,183,194,208,228,243,248,240,218,189,153,122,100,088
MA11,1980/11/25,097,117,146,179,206,226,237,236,226,214,203,200,207,218,236,254,263,262,250,226,199,167,136,119
MA11,1980/11/26,112,122,143,172,197,221,236,239,233,224,212,205,203,208,222,235,246,249,242,224,200,172,145,122
MA11,1980/11/27,106,104,118,137,162,187,204,215,216,210,203,192,187,188,197,206,218,229,230,223,207,188,166,145
MA11,1980/11/28,129,121,124,135,154,176,196,212,217,216,212,204,196,194,194,200,209,217,221,222,215,204,185,166
MA11,1980/11/29,154,142,136,141,151,169,189,205,217,221,222,218,207,203,200,198,203,207,210,213,211,205,196,184
MA11,1980/11/30,170,158,149,143,146,157,169,185,198,207,213,208,204,199,191,186,184,183,186,191,194,199,198,193
MA11,1980/12/01,187,178,169,164,159,160,169,180,192,204,212,214,211,204,196,187,177,169,166,167,172,179,184,188
MA11,1980/12/02,188,183,177,168,159,154,155,161,172,186,200,208,210,209,202,190,178,167,158,154,160,169,180,192
MA11,1980/12/03,199,203,202,197,186,180,178,178,185,197,211,222,228,228,225,212,196,176,162,154,152,160,174,189
MA11,1980/12/04,204,217,224,222,216,206,197,190,186,195,208,220,232,236,235,224,202,180,160,144,138,140,150,167
MA11,1980/12/05,185,200,213,216,210,200,187,176,175,177,187,202,215,226,230,222,206,182,154,132,118,115,125,141
MA11,1980/12/06,162,186,205,214,216,208,197,185,174,175,182,192,208,224,231,228,216,189,163,138,116,106,111,123
MA11,1980/12/07,146,174,197,212,222,219,207,196,183,176,178,186,200,217,228,232,225,202,177,148,122,105,100,111
MA11,1980/12/08,130,156,184,208,224,227,222,209,194,187,184,186,199,215,230,240,234,218,193,163,134,113,099,098
MA11,1980/12/09,115,139,168,194,214,224,226,216,202,194,185,184,194,208,225,239,241,233,212,184,154,128,109,103
MA11,1980/12/10,112,131,157,184,208,223,231,227,214,202,190,185,188,199,217,232,240,237,219,196,165,135,111,098
MA11,1980/12/11,098,110,133,157,182,204,216,218,212,202,191,185,183,190,203,217,231,234,225,208,182,155,132,113
MA11,1980/12/12,106,111,126,148,173,197,215,222,222,218,209,200,196,200,208,221,237,244,242,230,210,186,162,141
MA11,1980/12/13,129,124,133,148,168,190,212,224,230,226,219,208,197,194,197,203,215,223,227,226,218,199,178,158
MA11,1980/12/14,140,132,132,138,154,173,194,208,219,223,221,212,202,198,194,194,200,207,214,219,215,208,194,178
MA11,1980/12/15,161,149,142,142,150,163,181,198,210,220,222,219,210,201,191,185,182,184,189,195,200,202,198,191
MA11,1980/12/16,177,165,156,150,148,156,169,182,200,212,219,219,214,205,194,181,174,169,166,173,181,189,194,194
MA11,1980/12/17,192,184,176,170,161,160,167,177,191,206,216,223,222,215,203,189,172,158,150,150,158,171,184,192
MA11,1980/12/18,200,201,198,191,181,177,175,178,188,202,216,226,232,232,224,208,187,166,148,139,141,153,170,187
MA11,1980/12/19,205,215,220,214,205,197,188,183,187,199,212,224,235,239,235,220,196,169,142,124,117,121,138,160
MA11,1980/12/20,180,203,218,222,220,211,202,194,190,197,208,221,235,246,247,239,218,188,157,129,109,104,112,130
MA11,1980/12/21,158,187,209,223,228,224,215,203,193,192,197,208,221,237,246,244,230,204,170,135,109,092,092,104
MA11,1980/12/22,128,160,190,212,225,231,222,211,201,193,192,200,212,230,245,250,245,225,194,160,125,101,088,090
MA11,1980/12/23,108,135,168,195,215,227,228,218,206,198,193,193,206,224,240,254,256,244,222,190,158,128,107,100
MA11,1980/12/24,109,134,168,199,225,248,256,254,248,238,232,231,239,254,271,289,296,294,275,252,222,186,161,143
MA11,1980/12/25,140,152,172,199,226,247,256,254,248,236,223,212,209,217,229,244,256,260,250,233,206,178,149,126
MA11,1980/12/26,117,122,139,161,188,211,226,233,230,224,213,199,193,196,206,220,234,244,247,236,221,199,174,154
MA11,1980/12/27,140,134,144,160,179,204,224,234,239,236,224,212,203,198,202,212,223,233,238,238,229,215,197,177
MA11,1980/12/28,161,152,154,162,179,200,219,232,240,240,234,221,210,202,198,202,208,216,224,227,224,218,206,192
MA11,1980/12/29,178,168,164,166,178,191,209,225,236,242,238,226,215,206,197,194,194,198,203,207,212,212,208,199
MA11,1980/12/30,190,181,175,171,174,184,198,210,222,233,235,226,218,207,197,190,182,180,184,188,193,198,201,198
MA11,1980/12/31,196,192,186,181,178,181,191,200,212,224,228,227,219,210,199,184,174,166,161,161,168,175,184,188
