MA11,1985/01/01,165,161,157,152,152,158,164,173,186,193,198,197,192,181,170,156,144,134,130,132,139,148,157,164
MA11,1985/01/02,168,170,168,165,163,162,166,172,179,189,196,200,198,192,180,166,148,131,120,117,121,132,143,155
MA11,1985/01/03,167,176,181,180,176,175,175,175,183,192,200,207,211,208,201,186,164,140,127,115,113,120,134,152
MA11,1985/01/04,170,186,196,199,197,194,188,186,189,194,201,212,219,220,216,203,181,156,132,111,102,103,116,136
MA11,1985/01/05,157,179,197,205,206,203,200,192,189,190,196,205,214,221,225,214,193,169,140,113,097,089,090,112
MA11,1985/01/06,135,162,188,200,210,210,203,195,190,186,190,200,211,220,227,224,208,185,154,124,097,080,078,088
MA11,1985/01/07,110,141,167,187,204,210,205,198,189,182,182,186,197,212,224,228,222,198,172,139,102,082,067,068
MA11,1985/01/08,089,115,144,171,193,206,208,200,192,183,175,176,187,200,215,228,227,214,191,158,124,094,073,067
MA11,1985/01/09,073,095,124,153,178,196,206,205,192,183,176,171,176,189,205,222,230,224,208,183,150,119,091,074
MA11,1985/01/10,074,088,112,142,167,193,212,212,206,198,184,176,180,184,200,219,230,232,226,209,182,153,120,097
MA11,1985/01/11,089,090,106,130,156,180,200,206,205,198,182,171,164,165,176,190,206,217,215,208,194,168,141,118
MA11,1985/01/12,099,095,102,119,142,168,188,201,205,198,187,174,160,158,164,171,188,201,207,213,208,192,173,150
MA11,1985/01/13,132,122,122,128,146,164,186,201,209,206,196,180,166,156,152,154,163,174,183,189,196,191,179,166
MA11,1985/01/14,152,142,138,138,148,164,182,198,210,214,206,193,176,163,152,144,147,150,156,164,172,176,176,169
MA11,1985/01/15,162,156,147,144,148,156,168,184,197,204,205,192,180,164,149,137,130,127,128,137,149,160,169,173
MA11,1985/01/16,176,177,176,170,172,176,183,191,202,212,215,210,198,184,168,149,133,121,116,114,121,133,147,158
MA11,1985/01/17,168,176,179,178,175,174,176,182,190,199,207,208,203,193,177,157,140,120,103,094,096,104,120,136
MA11,1985/01/18,153,170,183,182,182,180,178,178,180,186,197,202,206,202,192,177,154,129,106,089,080,083,094,112
MA11,1985/01/19,136,158,176,188,192,192,188,180,178,184,190,199,207,212,210,200,178,154,125,098,084,081,083,097
MA11,1985/01/20,123,149,176,192,204,206,204,198,192,191,197,205,216,227,233,230,218,192,161,132,104,090,087,095
MA11,1985/01/21,115,142,167,190,205,213,211,201,190,184,183,188,199,212,225,230,221,206,175,143,115,092,078,082
MA11,1985/01/22,094,120,150,175,194,209,209,201,192,180,176,177,186,205,222,232,236,226,204,174,143,114,096,088
MA11,1985/01/23,094,114,141,166,190,208,211,206,197,184,174,170,173,187,204,221,231,226,210,186,156,128,103,090
MA11,1985/01/24,091,106,127,152,178,199,208,208,198,184,171,162,160,170,186,204,219,223,215,198,174,148,122,101
MA11,1985/01/25,098,104,123,145,169,192,205,207,200,188,175,160,154,158,167,187,202,211,213,203,185,162,136,118
MA11,1985/01/26,107,107,120,139,158,181,198,201,198,187,170,156,145,141,149,160,176,190,196,192,184,166,145,128
MA11,1985/01/27,115,112,119,132,148,170,186,194,195,187,173,157,145,136,138,147,156,170,179,184,180,172,156,144
MA11,1985/01/28,133,129,134,143,157,177,194,205,211,206,196,181,162,151,146,143,151,161,168,177,178,176,170,158
MA11,1985/01/29,150,147,145,150,161,175,189,201,207,206,200,186,172,158,149,145,146,148,156,163,169,175,173,169
MA11,1985/01/30,166,162,164,165,171,182,194,202,208,212,208,197,181,168,155,145,137,137,140,145,154,162,169,172
MA11,1985/01/31,173,176,176,174,177,182,189,198,202,207,208,202,194,180,166,155,141,132,126,128,136,146,157,167
MA11,1985/02/01,176,184,187,188,190,192,196,201,206,212,215,212,207,198,186,170,152,136,124,118,121,130,142,156
MA11,1985/02/02,171,183,190,194,194,193,192,191,192,200,204,210,209,204,195,180,158,139,119,103,100,106,118,138
MA11,1985/02/03,158,180,195,204,206,206,204,202,198,203,209,214,222,224,219,210,189,160,135,109,094,093,097,115
MA11,1985/02/04,141,163,186,200,206,207,204,194,190,187,189,200,210,218,224,220,202,177,146,116,092,082,080,092
MA11,1985/02/05,116,142,172,192,206,211,203,195,184,176,178,186,197,212,226,228,220,200,168,136,104,083,074,077
MA11,1985/02/06,096,125,156,182,203,211,208,199,186,173,170,174,185,202,220,231,234,220,194,165,130,098,081,076
MA11,1985/02/07,088,110,140,170,195,210,210,200,184,170,160,156,163,177,198,217,227,224,208,180,147,115,087,074
MA11,1985/02/08,076,090,118,147,174,196,203,196,182,162,149,140,141,151,169,193,212,220,213,196,170,140,111,090
MA11,1985/02/09,082,093,112,137,166,190,202,204,191,171,156,140,135,139,154,177,201,219,226,218,206,186,163,144
MA11,1985/02/10,131,132,147,168,192,218,234,238,228,209,188,167,153,150,156,169,188,206,217,222,217,202,186,166
MA11,1985/02/11,152,146,152,162,185,206,222,229,221,206,188,163,144,130,124,134,145,159,176,186,190,186,177,164
MA11,1985/02/12,154,149,149,156,170,188,205,218,216,208,192,172,154,134,127,126,130,140,152,164,174,179,180,177
MA11,1985/02/13,174,172,172,176,184,199,212,224,230,224,217,202,181,162,148,137,132,136,140,150,162,172,179,184
MA11,1985/02/14,188,191,191,193,196,203,212,220,224,225,221,212,195,177,161,146,133,126,123,126,137,147,157,170
MA11,1985/02/15,181,187,194,196,196,200,204,208,213,218,217,216,207,194,181,166,150,136,121,117,120,127,140,156
MA11,1985/02/16,173,188,200,204,206,206,206,206,208,209,216,220,218,214,208,193,173,152,133,118,112,113,125,140
MA11,1985/02/17,163,184,200,210,213,208,205,199,194,196,201,208,214,218,214,206,187,164,138,114,102,097,097,114
MA11,1985/02/18,136,159,180,195,203,202,195,185,176,170,175,184,196,206,212,211,197,176,150,122,100,090,086,096
MA11,1985/02/19,119,142,169,189,199,204,196,184,175,164,162,171,185,200,213,224,218,200,176,147,121,103,092,097
MA11,1985/02/20,115,140,166,188,205,214,209,196,182,170,163,167,179,196,220,233,238,228,208,181,155,132,117,112
MA11,1985/02/21,125,148,175,197,218,230,226,215,198,178,168,170,174,192,211,229,242,238,221,198,172,146,124,115
MA11,1985/02/22,121,141,165,190,213,226,227,218,200,180,164,159,158,170,192,212,228,237,230,210,186,161,137,126
MA11,1985/02/23,128,140,160,181,205,223,228,219,204,184,164,152,146,155,170,194,214,224,226,214,196,175,154,138
MA11,1985/02/24,132,142,156,177,201,215,224,222,208,187,167,151,142,142,151,171,189,206,212,207,193,177,158,141
MA11,1985/02/25,134,137,146,162,182,199,209,209,196,179,159,140,125,118,127,139,158,175,185,189,184,172,159,148
MA11,1985/02/26,137,137,147,158,177,194,204,207,200,183,165,147,130,120,120,128,144,157,168,178,180,173,164,154
MA11,1985/02/27,146,146,153,158,174,188,197,202,198,184,170,156,136,121,117,116,127,138,148,160,167,167,164,160
MA11,1985/02/28,155,158,160,164,173,186,195,200,200,192,180,166,148,134,124,119,118,123,133,143,154,163,167,167
MA11,1985/03/01,172,175,176,180,188,192,202,207,208,205,198,188,174,158,144,137,127,124,128,131,143,154,162,170
MA11,1985/03/02,179,181,186,188,189,195,198,199,205,205,200,195,187,173,162,149,132,122,116,116,125,136,148,164
MA11,1985/03/03,178,190,196,199,200,200,199,199,200,198,204,205,201,194,180,166,148,128,112,102,099,106,119,137
MA11,1985/03/04,158,174,186,193,192,189,183,180,176,178,183,190,194,193,190,179,159,138,114,094,086,083,096,116
MA11,1985/03/05,139,164,183,194,200,195,184,176,169,164,172,184,193,203,209,206,192,168,140,112,092,084,087,100
MA11,1985/03/06,126,153,177,192,201,200,186,174,160,151,152,164,179,193,206,211,200,180,150,118,091,075,069,080
MA11,1985/03/07,099,126,155,176,190,191,179,162,146,133,129,137,152,172,194,208,210,198,175,144,111,086,072,072
MA11,1985/03/08,088,112,142,170,188,194,185,166,144,126,113,111,124,149,176,200,216,220,206,181,154,126,105,094
MA11,1985/03/09,105,129,156,185,208,220,213,196,171,144,126,116,122,136,161,187,206,217,213,197,175,148,124,109
MA11,1985/03/10,108,121,144,168,191,204,206,188,162,134,109,092,088,093,110,141,164,180,192,184,171,154,130,113
MA11,1985/03/11,111,117,134,157,180,195,202,191,171,146,117,094,084,083,092,117,142,164,181,188,184,176,161,151
MA11,1985/03/12,149,152,162,180,197,215,225,218,200,176,148,122,101,092,094,106,126,142,160,171,174,170,164,153
MA11,1985/03/13,148,147,153,164,177,195,205,203,195,179,155,133,111,095,090,093,101,115,128,143,152,154,155,156
MA11,1985/03/14,154,154,157,164,175,188,197,200,197,185,169,151,134,116,104,099,098,104,112,124,136,147,150,156
MA11,1985/03/15,160,164,166,170,173,180,186,190,188,184,176,163,149,134,120,106,099,096,096,101,109,118,129,141
MA11,1985/03/16,151,159,165,165,166,169,169,170,173,172,171,167,160,150,137,122,112,098,092,091,094,102,114,130
MA11,1985/03/17,146,158,166,170,172,169,166,165,165,166,173,176,177,177,168,156,142,123,108,100,097,104,115,132
MA11,1985/03/18,154,174,186,191,188,182,174,166,160,162,169,178,185,189,189,180,164,144,122,105,097,096,102,118
MA11,1985/03/19,140,162,177,188,189,182,172,159,148,147,151,160,177,187,192,196,186,162,140,118,102,094,098,112
MA11,1985/03/20,134,158,178,189,194,188,176,160,143,132,138,148,164,182,195,202,198,180,158,134,111,098,095,105
MA11,1985/03/21,126,150,174,190,196,194,182,162,143,128,126,134,150,172,193,207,208,200,180,156,134,113,104,110
MA11,1985/03/22,127,150,173,191,204,201,189,167,144,125,116,118,130,152,174,196,206,200,185,165,140,118,105,103
MA11,1985/03/23,115,136,160,178,192,194,185,165,142,120,102,101,108,126,153,176,194,199,189,174,152,129,114,107
MA11,1985/03/24,114,132,152,174,188,193,187,168,144,119,100,091,092,105,129,155,176,187,186,176,158,140,123,113
MA11,1985/03/25,116,130,150,169,187,195,190,178,154,129,108,095,090,100,119,142,170,186,194,191,176,164,152,139
MA11,1985/03/26,141,151,168,186,202,214,216,205,181,157,134,112,103,105,115,134,158,175,186,190,182,172,158,150
MA11,1985/03/27,147,153,165,180,194,207,209,200,184,163,141,123,107,104,114,130,150,169,184,194,200,191,183,177
MA11,1985/03/28,172,174,182,193,204,214,219,216,201,182,161,140,126,111,110,120,134,148,162,173,177,180,177,173
MA11,1985/03/29,172,173,177,185,194,204,211,208,200,188,172,155,138,122,116,117,122,132,144,158,170,175,177,179
MA11,1985/03/30,181,183,187,189,195,201,207,208,203,194,182,169,153,138,126,119,115,116,123,134,144,154,162,171
MA11,1985/03/31,177,180,183,184,186,190,191,190,190,187,182,176,166,154,141,127,115,108,108,112,121,135,148,161
MA11,1985/04/01,170,179,183,184,182,178,176,174,175,175,176,178,174,166,156,140,124,107,098,094,097,108,125,143
MA11,1985/04/02,160,176,183,185,180,173,166,159,155,158,165,172,180,180,174,164,146,123,104,092,088,095,107,129
MA11,1985/04/03,152,171,184,189,184,175,162,151,143,143,151,163,179,190,195,190,177,150,126,104,090,089,096,116
MA11,1985/04/04,144,169,188,198,193,182,167,151,136,131,139,152,171,194,209,216,211,189,164,140,119,107,111,124
MA11,1985/04/05,149,178,199,211,212,201,177,154,134,119,121,132,151,176,200,216,221,210,186,159,133,114,107,115
MA11,1985/04/06,136,161,186,204,209,201,181,152,124,103,095,099,116,142,169,195,211,211,200,178,154,133,117,119
MA11,1985/04/07,134,155,181,202,212,210,192,163,134,103,088,084,091,112,143,173,198,211,209,199,181,160,145,141
MA11,1985/04/08,147,167,190,210,224,230,215,192,160,126,103,089,088,103,126,152,181,202,211,210,200,185,170,165
MA11,1985/04/09,165,177,195,213,230,236,228,211,180,149,121,098,090,092,107,129,154,176,191,199,196,188,176,168
MA11,1985/04/10,166,171,183,200,214,225,225,211,190,162,135,110,093,088,092,108,127,147,164,176,182,180,176,173
MA11,1985/04/11,172,172,180,192,205,216,222,214,199,179,156,134,112,101,097,102,117,131,144,160,170,173,177,178
MA11,1985/04/12,178,182,184,190,198,207,214,212,202,192,177,156,139,124,112,109,115,122,133,146,157,166,174,180
MA11,1985/04/13,184,186,188,190,191,198,204,204,202,196,188,176,165,150,138,131,123,126,130,137,148,159,168,179
MA11,1985/04/14,188,190,193,192,188,189,189,189,190,191,188,182,174,164,152,139,130,122,114,121,128,138,149,162
MA11,1985/04/15,174,183,186,184,178,171,167,164,164,168,174,178,178,175,167,156,144,130,118,117,120,130,142,159
MA11,1985/04/16,174,186,196,193,184,176,164,158,154,158,167,177,184,191,190,180,168,152,136,126,126,130,141,158
MA11,1985/04/17,176,193,204,204,197,184,168,156,148,148,157,171,185,198,204,201,194,174,155,141,132,132,140,155
MA11,1985/04/18,175,192,206,210,203,188,172,154,138,135,141,154,172,190,203,209,204,188,169,152,137,130,134,146
MA11,1985/04/19,166,185,199,207,201,188,168,143,123,112,113,124,145,168,185,199,202,192,176,158,143,133,131,144
MA11,1985/04/20,160,180,198,210,211,199,178,154,130,110,110,118,136,162,186,204,217,212,199,183,164,150,147,150
MA11,1985/04/21,164,184,202,216,218,206,188,161,134,113,102,104,118,142,168,190,208,210,203,189,174,158,150,151
MA11,1985/04/22,159,176,195,208,216,210,194,169,141,116,100,094,104,124,150,175,199,209,208,201,186,172,161,158
MA11,1985/04/23,165,179,196,213,220,221,208,184,157,130,108,098,098,112,137,161,186,204,210,209,201,188,178,174
MA11,1985/04/24,176,187,202,216,227,233,224,205,180,151,128,113,105,111,129,150,176,192,204,210,203,194,184,176
MA11,1985/04/25,178,182,192,206,217,221,218,204,180,156,132,112,101,102,110,129,150,168,185,198,196,190,184,179
MA11,1985/04/26,179,182,189,198,208,217,217,208,192,169,148,127,110,106,106,119,136,154,172,188,194,196,192,190
MA11,1985/04/27,189,191,196,201,207,216,220,214,202,186,167,148,130,116,110,112,121,135,148,163,175,182,184,186
MA11,1985/04/28,184,184,185,186,191,196,199,199,194,185,173,159,142,129,118,110,112,118,127,140,155,166,176,183
MA11,1985/04/29,186,186,186,184,182,184,186,186,186,184,180,172,160,149,135,123,116,112,115,124,139,152,166,180
MA11,1985/04/30,186,189,188,184,176,172,170,169,169,174,178,178,175,168,157,143,128,116,109,112,122,138,154,171
MA11,1985/05/01,185,191,191,184,174,163,155,150,150,156,166,176,183,185,177,165,149,131,116,110,114,126,143,162
MA11,1985/05/02,182,193,199,190,178,162,148,136,132,137,150,166,184,195,199,194,179,160,140,126,121,126,139,158
MA11,1985/05/03,182,198,205,202,188,168,150,129,118,116,128,147,170,193,208,214,207,190,171,153,141,140,146,164
MA11,1985/05/04,186,204,216,218,204,181,156,128,105,099,101,117,142,168,196,212,214,207,188,168,153,143,143,156
MA11,1985/05/05,176,200,215,221,212,194,164,130,104,085,080,092,112,144,174,198,216,217,207,193,176,164,159,167
MA11,1985/05/06,184,204,223,232,232,217,190,155,122,096,082,082,095,118,150,176,198,214,212,204,191,178,170,170
MA11,1985/05/07,180,196,216,230,234,226,205,176,140,108,087,079,082,100,126,153,183,202,212,213,206,197,188,182
MA11,1985/05/08,189,201,216,230,239,235,222,198,164,131,104,086,082,088,104,130,154,178,193,201,202,197,190,186
MA11,1985/05/09,186,191,203,216,226,232,227,210,184,156,129,105,092,090,097,114,134,154,172,183,190,191,186,182
MA11,1985/05/10,181,182,190,200,209,218,219,210,193,172,148,128,108,100,102,109,125,143,158,174,184,190,190,189
MA11,1985/05/11,188,188,190,194,203,208,213,213,203,190,174,155,137,124,118,118,124,135,147,160,174,183,188,188
MA11,1985/05/12,188,186,183,184,185,187,192,195,192,186,177,166,152,138,128,123,121,129,136,148,160,171,179,184
MA11,1985/05/13,186,186,184,178,174,172,174,177,180,182,181,177,168,160,150,139,134,134,136,144,157,171,181,191
MA11,1985/05/14,198,198,194,187,178,172,171,170,174,180,185,189,190,185,178,166,156,150,146,149,157,169,182,194
MA11,1985/05/15,203,205,202,193,181,166,157,151,152,158,169,180,187,192,188,178,167,156,146,143,145,154,169,179
MA11,1985/05/16,193,201,196,188,174,156,142,130,125,131,142,157,171,183,184,180,172,158,147,139,137,143,154,170
MA11,1985/05/17,184,194,195,188,173,153,134,116,107,106,118,136,156,173,186,187,182,172,158,150,144,145,154,168
MA11,1985/05/18,184,199,204,200,187,166,145,121,105,100,107,125,147,168,186,195,198,190,178,166,156,154,159,170
MA11,1985/05/19,188,204,212,212,201,180,157,132,107,097,098,110,135,159,182,200,208,204,195,182,172,168,168,176
MA11,1985/05/20,191,206,218,224,216,198,176,146,122,102,096,104,123,148,175,196,213,218,209,200,190,180,177,181
MA11,1985/05/21,192,209,220,229,229,214,189,162,131,106,096,093,106,130,156,182,202,212,214,207,194,184,178,178
MA11,1985/05/22,186,201,214,226,228,218,199,172,142,114,096,090,093,111,137,162,185,204,209,205,198,188,180,177
MA11,1985/05/23,181,192,204,214,222,219,206,182,153,124,100,088,087,095,114,139,165,186,197,200,198,189,183,178
MA11,1985/05/24,178,187,198,208,218,221,214,197,173,146,121,102,093,095,108,128,151,173,190,199,202,200,193,186
MA11,1985/05/25,187,190,199,209,218,226,223,214,195,171,149,128,112,107,114,127,146,168,188,203,210,212,206,198
MA11,1985/05/26,194,195,198,205,212,220,225,218,206,191,172,153,134,120,117,122,134,150,168,185,196,206,204,200
MA11,1985/05/27,197,194,192,193,197,204,211,211,206,198,184,170,152,138,128,123,128,138,152,168,186,196,202,204
MA11,1985/05/28,200,196,190,184,185,186,189,194,196,194,191,183,170,156,144,134,129,131,141,156,172,189,199,205
MA11,1985/05/29,207,202,194,184,178,172,174,178,183,191,194,196,195,185,173,159,149,144,146,154,167,184,200,210
MA11,1985/05/30,215,209,200,186,170,160,154,152,157,166,178,191,198,198,191,180,164,155,146,148,157,171,188,202
MA11,1985/05/31,212,212,204,188,167,151,134,126,126,134,151,170,188,199,204,199,188,174,160,156,158,170,186,203
MA11,1985/06/01,214,222,217,200,180,154,130,113,105,108,123,143,169,191,206,212,208,197,183,172,167,173,184,200
MA11,1985/06/02,216,227,226,216,196,168,139,112,095,089,097,115,144,171,194,212,217,212,202,190,181,178,186,200
MA11,1985/06/03,215,231,237,231,216,190,158,126,099,084,083,095,117,148,178,201,216,222,217,206,195,188,190,199
MA11,1985/06/04,212,230,240,243,234,214,182,150,117,091,082,084,100,125,154,183,207,219,222,217,208,199,195,198
MA11,1985/06/05,207,223,238,245,246,232,209,180,142,111,091,085,091,109,136,163,190,210,218,219,213,205,197,195
MA11,1985/06/06,200,212,226,238,245,242,227,201,170,138,111,096,091,100,120,145,170,193,207,214,214,208,201,196
MA11,1985/06/07,196,204,214,226,237,241,234,217,192,161,134,114,101,100,114,132,152,174,193,204,210,208,202,194
MA11,1985/06/08,191,193,198,208,222,231,230,222,204,182,157,136,118,111,117,128,144,163,180,196,205,206,206,199
MA11,1985/06/09,193,190,190,196,205,213,218,218,210,196,176,157,140,128,123,127,138,153,170,185,197,202,202,197
MA11,1985/06/10,190,185,180,179,183,189,196,200,198,192,182,168,154,142,132,132,138,147,160,177,188,199,205,200
MA11,1985/06/11,195,189,179,173,171,172,178,186,189,191,188,182,173,161,152,148,148,152,161,174,188,200,208,210
MA11,1985/06/12,206,199,187,176,168,163,166,170,176,183,187,189,187,180,172,166,160,158,163,173,185,197,207,212
MA11,1985/06/13,212,206,194,180,167,155,151,152,155,164,175,184,191,192,187,180,173,168,167,170,180,190,202,212
MA11,1985/06/14,217,214,204,188,171,157,142,138,140,149,162,176,190,198,199,196,190,182,178,175,179,188,200,208
MA11,1985/06/15,218,219,211,196,176,155,136,123,118,124,138,156,175,190,199,201,196,189,182,176,176,182,190,200
MA11,1985/06/16,213,219,213,202,183,159,137,118,105,105,116,133,155,176,194,203,202,197,188,179,174,176,182,193
MA11,1985/06/17,206,216,217,208,192,168,142,117,098,090,096,111,134,160,182,197,205,203,194,185,178,175,179,187
MA11,1985/06/18,201,212,219,216,205,183,156,128,102,088,085,095,118,144,172,194,206,211,207,199,189,183,183,189
MA11,1985/06/19,201,216,226,229,224,206,180,150,122,100,090,093,108,133,163,188,209,221,219,213,204,194,191,192
MA11,1985/06/20,200,216,227,233,235,224,200,172,141,114,098,092,098,120,146,171,197,213,219,217,208,199,193,189
MA11,1985/06/21,194,207,218,230,236,228,214,190,159,130,105,092,094,103,126,154,179,202,214,215,213,204,194,191
MA11,1985/06/22,193,200,212,224,233,238,228,208,185,154,129,109,100,105,121,143,168,192,209,217,217,210,202,192
MA11,1985/06/23,190,194,202,213,224,233,234,221,202,178,153,132,116,107,114,130,152,175,195,211,216,214,206,195
MA11,1985/06/24,189,186,189,197,207,217,224,220,210,192,170,150,131,119,118,125,140,162,183,201,213,215,208,199
MA11,1985/06/25,190,183,182,184,190,202,212,215,215,206,191,177,160,145,138,135,146,161,178,197,212,222,219,211
MA11,1985/06/26,200,188,182,175,175,182,190,198,205,206,202,195,184,170,159,153,154,163,177,192,208,220,224,219
MA11,1985/06/27,209,197,182,170,162,162,166,174,184,193,200,200,197,191,181,171,165,167,175,188,203,219,227,226
MA11,1985/06/28,220,208,190,172,157,149,146,150,159,172,186,198,204,208,205,196,189,185,184,192,204,218,229,233
MA11,1985/06/29,231,222,203,182,161,144,132,126,130,142,158,176,194,205,211,210,205,196,193,193,200,212,223,232
MA11,1985/06/30,238,234,221,200,176,152,132,117,113,121,137,157,178,199,216,224,222,216,208,203,203,213,224,236
MA11,1985/07/01,250,252,246,232,212,186,164,147,136,133,138,151,174,197,221,235,239,236,228,218,212,212,220,231
MA11,1985/07/02,243,253,254,241,224,196,162,134,109,094,096,108,130,157,185,205,221,227,225,216,210,206,207,214
MA11,1985/07/03,229,241,249,250,240,217,186,154,122,098,091,093,108,136,163,189,212,222,227,221,212,205,200,203
MA11,1985/07/04,218,230,243,254,249,236,214,177,146,119,100,095,103,122,147,175,199,218,226,222,215,206,198,194
MA11,1985/07/05,199,213,226,239,246,240,225,200,169,139,114,098,097,112,133,156,183,204,217,222,216,207,199,191
MA11,1985/07/06,191,201,214,229,242,248,242,222,199,170,142,125,117,119,135,156,178,201,216,221,222,214,203,194
MA11,1985/07/07,188,192,200,213,226,238,238,227,211,186,162,142,127,125,136,151,171,193,210,222,225,220,210,197
MA11,1985/07/08,186,184,188,195,208,220,228,228,216,200,181,161,148,140,141,153,171,189,207,222,227,225,216,203
MA11,1985/07/09,192,183,178,181,188,199,210,217,214,205,192,176,162,154,151,155,167,182,198,212,222,223,218,207
MA11,1985/07/10,196,185,176,172,173,181,191,198,203,201,195,187,178,169,164,164,171,182,197,209,220,228,225,217
MA11,1985/07/11,207,193,183,173,167,171,178,185,193,200,202,202,198,193,188,185,184,194,204,215,226,235,234,229
MA11,1985/07/12,221,208,194,178,168,164,163,169,177,184,195,200,201,204,201,197,196,198,203,210,219,228,231,230
MA11,1985/07/13,226,216,201,185,168,158,151,150,157,169,181,193,203,208,212,211,208,206,206,210,217,226,234,240
MA11,1985/07/14,240,233,220,203,182,165,153,145,148,156,169,185,203,215,222,225,222,217,214,211,214,223,230,236
MA11,1985/07/15,241,237,228,212,191,169,150,134,127,133,144,162,182,201,217,223,224,221,214,208,207,210,216,225
MA11,1985/07/16,233,237,232,221,201,177,151,130,117,110,121,138,160,183,205,217,225,224,216,209,203,202,208,217
MA11,1985/07/17,227,237,239,233,217,195,169,140,118,107,106,120,144,170,196,218,230,233,227,219,211,209,208,215
MA11,1985/07/18,228,239,250,250,240,221,195,164,135,116,106,111,130,153,181,208,225,234,231,224,213,205,201,204
MA11,1985/07/19,215,230,240,247,246,232,209,179,145,118,102,097,109,130,159,187,209,223,228,220,209,198,191,187
MA11,1985/07/20,196,209,223,235,242,235,217,192,160,130,107,094,096,112,137,164,192,210,220,219,208,197,186,179
MA11,1985/07/21,183,194,207,221,234,237,231,211,182,154,127,107,099,106,125,152,178,200,216,218,212,201,187,174
MA11,1985/07/22,173,179,189,203,219,228,232,221,202,176,151,130,115,114,128,146,171,196,212,222,221,209,197,182
MA11,1985/07/23,172,170,177,187,201,217,227,226,216,198,178,157,140,134,139,151,172,193,212,225,228,221,206,191
MA11,1985/07/24,175,166,165,170,182,197,211,218,218,210,198,183,169,158,156,162,177,196,213,227,233,231,219,202
MA11,1985/07/25,187,172,160,158,163,174,186,198,205,209,205,197,188,180,173,176,184,195,209,226,235,238,230,216
MA11,1985/07/26,197,179,164,153,148,152,161,172,183,192,198,200,199,196,191,189,192,197,209,221,230,238,233,223
MA11,1985/07/27,210,191,172,155,142,135,137,143,153,166,179,189,197,200,202,201,200,201,206,214,224,234,235,232
MA11,1985/07/28,222,207,189,167,148,134,126,124,130,141,157,175,191,203,212,215,214,213,211,213,219,227,236,237
MA11,1985/07/29,234,228,212,192,170,148,130,118,116,124,138,156,179,199,214,224,226,223,218,216,216,221,227,236
MA11,1985/07/30,244,241,235,219,194,171,145,122,112,109,117,137,159,183,207,221,229,228,222,215,211,212,217,227
MA11,1985/07/31,237,245,247,238,219,196,167,139,117,106,105,119,141,166,193,213,225,230,224,215,206,201,202,209
MA11,1985/08/01,224,237,246,246,236,215,188,156,128,109,101,106,124,148,177,201,219,227,225,214,205,195,189,195
MA11,1985/08/02,206,222,238,248,243,232,210,180,149,121,107,103,112,138,164,190,213,226,225,221,208,194,185,182
MA11,1985/08/03,190,207,223,238,246,241,226,201,171,140,120,109,112,132,155,183,206,222,231,225,213,200,185,176
MA11,1985/08/04,181,191,208,227,240,244,237,217,191,165,140,127,122,132,153,177,201,220,229,228,218,204,187,173
MA11,1985/08/05,167,173,189,207,224,235,235,225,207,181,159,141,132,138,151,174,198,218,231,232,226,212,195,179
MA11,1985/08/06,169,167,178,192,211,227,234,233,220,199,180,163,152,151,161,178,198,217,230,238,233,220,205,187
MA11,1985/08/07,174,166,166,176,192,209,219,223,218,205,191,177,165,164,169,180,197,215,228,236,234,227,212,193
MA11,1985/08/08,179,167,161,162,171,186,199,207,209,203,196,186,177,173,174,182,196,210,222,230,232,229,216,200
MA11,1985/08/09,183,171,159,154,156,164,176,185,192,194,194,191,185,184,184,188,196,206,215,223,228,226,218,205
MA11,1985/08/10,193,179,163,154,150,150,157,167,176,183,189,192,193,195,195,198,202,206,213,219,226,228,224,218
MA11,1985/08/11,207,193,179,164,152,146,146,151,159,170,180,189,197,201,206,207,209,210,213,216,223,227,227,224
MA11,1985/08/12,218,206,192,173,155,144,136,133,139,147,160,175,190,201,208,211,212,210,208,208,213,217,221,223
MA11,1985/08/13,222,216,206,189,167,150,135,123,121,132,144,162,182,198,212,220,224,219,213,209,208,211,217,223
MA11,1985/08/14,228,229,224,210,191,168,145,127,115,114,129,146,168,195,212,225,230,227,218,212,206,205,211,219
MA11,1985/08/15,229,237,239,231,213,192,165,138,120,111,116,132,155,183,208,224,233,233,225,215,206,202,204,213
MA11,1985/08/16,224,238,246,243,234,215,183,154,128,108,105,114,134,162,191,213,230,232,225,215,202,192,188,194
MA11,1985/08/17,207,225,240,247,246,232,208,177,143,116,104,103,120,146,175,205,222,232,228,214,200,186,174,177
MA11,1985/08/18,188,204,226,239,246,243,226,199,166,136,116,106,112,134,162,192,219,232,230,222,206,186,171,164
MA11,1985/08/19,168,184,204,226,240,246,237,220,193,160,138,122,120,132,155,183,211,226,230,227,208,187,168,155
MA11,1985/08/20,152,160,179,200,219,234,237,227,208,184,158,141,132,135,154,178,203,224,234,231,217,195,172,153
MA11,1985/08/21,142,143,154,170,191,211,223,222,212,196,177,158,147,148,158,177,201,219,231,234,224,205,182,159
MA11,1985/08/22,144,137,140,151,167,186,202,210,211,203,192,180,168,166,172,184,202,218,229,236,230,218,196,173
MA11,1985/08/23,153,139,132,133,143,157,172,187,194,196,194,188,183,181,182,189,201,214,228,234,234,226,209,190
MA11,1985/08/24,170,152,139,132,132,140,151,162,174,182,188,192,194,194,196,201,206,214,224,232,236,233,223,210
MA11,1985/08/25,194,175,158,145,137,136,139,146,157,168,180,191,199,206,210,214,217,219,222,227,232,234,232,226
MA11,1985/08/26,214,199,183,165,150,139,133,134,140,148,162,185,202,208,213,220,220,217,216,218,224,228,230,232
MA11,1985/08/27,230,222,210,191,171,152,137,128,128,134,148,168,187,205,220,228,230,227,219,216,216,219,224,232
MA11,1985/08/28,238,240,232,219,199,174,153,135,122,123,134,151,174,200,218,228,234,229,220,210,204,204,209,219
MA11,1985/08/29,233,244,245,240,223,200,173,145,126,119,120,136,159,184,209,225,232,229,216,204,194,185,189,200
MA11,1985/08/30,214,232,244,244,237,219,191,162,136,119,116,124,144,168,197,220,231,230,221,207,190,178,174,182
MA11,1985/08/31,198,218,239,251,249,236,215,189,162,147,137,136,149,170,198,223,237,239,231,213,196,178,165,167
MA11,1985/09/01,182,201,225,243,253,248,232,207,179,155,140,137,148,167,191,217,237,243,235,221,202,180,164,160
MA11,1985/09/02,166,181,207,228,241,247,235,217,192,166,147,139,143,156,180,202,223,234,230,220,200,176,158,146
MA11,1985/09/03,144,158,176,199,219,230,231,219,197,176,158,146,146,157,175,199,221,231,233,225,208,186,163,148
MA11,1985/09/04,143,148,161,182,204,221,229,224,210,192,174,163,158,166,180,201,221,234,240,235,222,199,176,158
MA11,1985/09/05,147,146,155,168,189,208,220,222,216,203,192,182,176,180,189,206,223,235,242,241,230,210,188,169
MA11,1985/09/06,155,147,147,155,171,187,202,211,210,204,197,186,182,185,189,202,218,228,235,240,231,216,201,181
MA11,1985/09/07,164,154,150,153,163,176,190,202,208,208,206,202,200,203,206,215,227,234,242,242,240,231,215,199
MA11,1985/09/08,180,166,158,152,153,160,171,182,192,196,200,202,203,204,209,212,216,222,226,230,232,225,215,203
MA11,1985/09/09,188,174,161,152,146,147,151,159,170,179,189,198,206,208,212,215,218,218,220,221,224,224,220,214
MA11,1985/09/10,203,189,177,163,150,143,140,141,149,160,175,191,201,210,217,220,219,216,213,214,215,218,221,220
MA11,1985/09/11,217,212,200,183,169,153,140,134,136,148,163,181,198,216,226,231,230,223,216,212,210,212,217,224
MA11,1985/09/12,229,228,220,207,185,164,144,129,122,129,145,166,190,212,229,238,237,232,221,210,204,202,207,219
MA11,1985/09/13,231,237,238,231,212,189,163,138,122,118,126,146,172,197,219,231,233,226,211,197,187,181,185,198
MA11,1985/09/14,215,232,242,240,230,209,178,151,126,112,113,127,152,181,206,225,232,224,210,192,175,163,164,173
MA11,1985/09/15,195,217,235,247,242,229,205,173,144,122,113,122,142,169,198,222,236,231,217,196,174,157,148,154
MA11,1985/09/16,169,193,220,238,248,244,227,201,170,144,132,129,143,167,196,223,239,242,228,205,179,154,137,134
MA11,1985/09/17,144,163,190,216,234,242,236,217,191,163,145,137,143,162,188,214,235,241,234,212,186,157,133,121
MA11,1985/09/18,124,139,165,191,216,234,238,230,212,192,171,160,162,172,192,220,238,247,247,228,206,176,146,129
MA11,1985/09/19,120,125,144,165,189,215,228,228,222,208,196,184,180,184,197,219,237,249,252,244,225,195,168,145
MA11,1985/09/20,129,125,131,147,168,189,206,217,219,215,207,199,195,195,203,217,233,244,250,248,234,213,186,162
MA11,1985/09/21,141,129,124,131,143,159,175,189,198,201,200,200,198,198,202,213,222,232,238,240,234,218,199,178
MA11,1985/09/22,158,143,132,127,130,140,152,164,176,186,190,195,200,202,204,209,214,219,224,228,227,221,210,194
MA11,1985/09/23,179,163,149,138,132,133,138,145,154,166,177,188,196,202,204,208,209,208,210,214,216,217,211,204
MA11,1985/09/24,197,184,169,155,140,132,127,128,136,147,162,178,191,203,211,213,210,206,200,200,203,208,212,215
MA11,1985/09/25,213,207,198,182,165,149,137,129,130,139,155,170,189,204,214,218,214,207,197,192,189,193,201,209
MA11,1985/09/26,218,219,214,202,184,163,144,128,120,124,138,155,175,195,209,215,213,200,185,174,168,167,175,187
MA11,1985/09/27,202,213,217,210,198,178,153,134,119,114,125,141,161,184,203,214,214,202,184,170,155,151,156,169
MA11,1985/09/28,189,209,220,224,217,200,178,153,135,126,129,142,163,186,208,225,226,215,199,178,159,151,150,160
MA11,1985/09/29,181,204,223,238,236,223,204,179,157,144,140,148,167,191,213,230,237,229,210,189,166,149,141,148
MA11,1985/09/30,164,190,216,233,241,240,221,199,176,156,150,154,168,189,212,231,240,235,219,197,171,149,137,137
MA11,1985/10/01,147,172,198,221,237,240,232,214,193,173,162,161,171,190,212,232,246,243,227,207,180,155,137,128
MA11,1985/10/02,135,154,178,202,222,233,231,217,198,182,169,162,168,181,201,221,234,236,226,206,181,154,132,119
MA11,1985/10/03,118,131,151,175,199,214,221,215,202,188,175,168,171,179,196,214,227,233,229,213,191,166,140,123
MA11,1985/10/04,118,122,138,159,180,200,212,213,206,195,185,179,176,184,196,213,227,233,234,223,204,181,157,138
MA11,1985/10/05,127,125,134,150,169,189,204,212,211,204,195,191,188,190,199,212,224,230,232,226,213,193,172,153
MA11,1985/10/06,138,131,132,140,154,172,186,197,204,204,201,200,197,198,206,214,224,232,234,233,226,211,195,179
MA11,1985/10/07,163,154,151,148,156,169,181,194,202,208,213,213,214,216,217,222,230,233,234,236,230,222,209,195
MA11,1985/10/08,179,166,155,149,148,152,162,172,181,193,202,208,212,215,217,219,220,220,222,222,220,216,211,202
MA11,1985/10/09,191,179,166,154,145,141,144,150,160,173,186,201,209,213,217,217,213,209,206,202,204,204,205,206
MA11,1985/10/10,201,193,183,166,153,142,133,132,140,151,170,188,202,212,216,216,209,200,192,188,187,191,198,206
MA11,1985/10/11,209,212,206,189,170,152,136,125,126,136,152,172,192,209,219,218,210,196,182,173,169,171,182,195
MA11,1985/10/12,209,219,221,213,195,172,150,133,124,127,142,165,191,212,226,232,224,207,188,173,164,160,172,190
MA11,1985/10/13,210,230,242,243,233,213,186,163,148,143,152,174,199,222,243,250,242,224,202,175,154,147,149,167
MA11,1985/10/14,193,217,239,254,252,238,215,188,164,151,150,163,188,211,234,249,244,228,201,170,145,126,121,134
MA11,1985/10/15,153,183,212,233,242,241,226,201,179,160,152,158,175,199,222,240,244,232,209,177,144,119,106,107
MA11,1985/10/16,124,152,182,211,233,242,235,221,202,181,171,172,180,201,227,246,257,249,229,201,166,136,116,104
MA11,1985/10/17,115,136,162,193,221,236,241,237,223,206,194,189,194,209,226,246,260,257,244,219,185,152,123,107
MA11,1985/10/18,102,112,135,160,188,210,223,228,223,214,206,201,197,208,224,241,254,257,250,232,204,175,148,123
MA11,1985/10/19,110,108,119,138,159,183,200,210,215,211,207,205,203,206,218,232,244,249,248,237,217,192,167,142
MA11,1985/10/20,126,117,116,126,142,155,171,186,195,198,200,199,198,198,204,214,221,227,231,226,215,200,179,158
MA11,1985/10/21,143,129,122,120,128,138,150,163,176,185,191,197,199,200,204,207,209,213,217,218,214,209,197,181
MA11,1985/10/22,167,156,143,136,135,137,144,155,167,179,192,200,207,211,215,214,211,210,210,211,213,215,213,206
MA11,1985/10/23,196,185,171,160,152,145,146,152,160,172,188,200,210,215,218,215,208,199,193,192,194,200,204,207
MA11,1985/10/24,207,203,194,181,169,157,151,150,155,166,183,202,215,222,227,224,213,200,190,182,182,188,198,207
MA11,1985/10/25,215,218,214,202,189,171,157,150,150,157,171,190,205,217,223,220,207,191,175,161,155,159,167,183
MA11,1985/10/26,200,211,215,209,196,179,161,150,144,147,159,179,197,213,223,224,211,192,171,153,142,141,150,169
MA11,1985/10/27,188,207,220,222,214,200,180,165,155,151,160,177,193,210,222,227,217,194,171,148,127,122,128,142
MA11,1985/10/28,165,190,208,219,221,209,192,174,160,154,157,170,188,206,225,231,225,207,183,155,132,119,117,129
MA11,1985/10/29,151,177,200,219,228,222,208,192,177,165,163,174,188,207,226,234,233,219,194,165,138,118,111,117
MA11,1985/10/30,135,163,190,214,229,231,224,211,193,181,177,179,192,211,226,241,245,234,214,184,153,132,116,115
MA11,1985/10/31,129,151,178,204,225,235,230,221,209,195,186,188,195,207,228,240,246,241,223,197,168,144,125,116
MA11,1985/11/01,121,141,165,191,217,232,236,234,223,210,202,199,204,215,230,246,255,250,240,218,190,166,143,127
MA11,1985/11/02,129,139,159,184,207,226,237,238,232,222,211,207,208,212,226,239,245,244,236,217,193,168,143,125
MA11,1985/11/03,117,119,131,150,172,191,206,213,215,207,202,199,194,199,211,218,226,230,225,212,193,171,149,130
MA11,1985/11/04,116,113,118,130,150,167,183,197,202,202,199,198,195,196,204,211,218,223,222,214,203,187,165,148
MA11,1985/11/05,132,125,123,126,139,153,169,185,196,197,200,203,199,200,204,205,213,216,215,216,206,195,184,167
MA11,1985/11/06,153,142,133,129,135,143,155,172,185,195,204,207,208,207,207,207,206,209,210,208,208,207,201,191
MA11,1985/11/07,180,168,157,147,143,145,153,165,179,193,206,216,220,222,220,215,210,207,206,206,208,213,215,214
MA11,1985/11/08,211,204,191,176,165,157,156,162,176,190,207,223,231,233,236,225,213,203,194,190,194,202,212,219
MA11,1985/11/09,225,226,217,205,189,174,164,164,172,186,204,224,238,245,247,236,219,203,187,178,177,185,200,215
MA11,1985/11/10,229,240,238,228,215,194,177,167,168,176,194,214,232,246,249,243,226,202,180,162,153,158,172,192
MA11,1985/11/11,215,233,244,246,233,216,196,179,172,175,186,207,230,243,251,247,227,200,171,145,129,126,136,156
MA11,1985/11/12,185,213,235,249,249,240,221,204,192,184,192,208,225,244,257,257,242,215,181,149,124,110,112,128
MA11,1985/11/13,152,184,214,235,250,249,237,222,205,196,195,206,224,243,259,265,257,232,201,164,131,109,100,105
MA11,1985/11/14,126,153,186,216,236,246,244,232,220,206,201,206,218,236,255,264,262,247,220,185,150,121,102,094
MA11,1985/11/15,102,124,155,183,210,229,233,231,222,213,207,206,211,227,244,254,261,251,229,203,166,133,109,091
MA11,1985/11/16,091,105,123,152,181,203,218,225,222,217,211,207,208,217,230,243,255,252,243,222,192,163,135,113
MA11,1985/11/17,105,105,119,141,162,185,205,217,222,224,220,217,216,219,228,239,249,253,253,238,218,195,167,146
MA11,1985/11/18,130,120,126,136,153,174,193,208,216,219,217,216,213,215,219,224,231,238,240,235,223,208,189,168
MA11,1985/11/19,151,139,135,138,147,160,176,192,203,209,212,213,210,208,206,206,208,212,214,217,214,204,194,181
MA11,1985/11/20,165,153,146,140,140,150,160,174,188,197,208,211,208,208,205,199,197,196,195,200,201,202,199,191
MA11,1985/11/21,183,173,161,153,149,150,156,166,179,190,200,208,210,207,203,195,184,177,174,177,180,188,192,193
MA11,1985/11/22,194,188,178,168,158,153,153,159,170,184,197,207,213,215,211,200,187,174,164,163,167,176,187,197
MA11,1985/11/23,205,207,206,197,186,179,173,172,184,192,206,221,226,234,232,216,199,180,161,154,152,159,172,190
MA11,1985/11/24,203,212,216,209,199,190,178,173,177,181,197,212,223,232,234,221,201,180,160,145,138,142,156,173
MA11,1985/11/25,193,214,224,225,218,208,193,185,182,185,197,212,224,235,231,224,211,181,157,136,119,116,131,147
MA11,1985/11/26,170,195,210,221,221,210,198,186,178,178,184,195,209,222,229,227,212,189,161,133,111,103,105,121
MA11,1985/11/27,147,170,193,210,217,215,203,192,184,180,182,192,206,221,231,231,223,199,171,142,115,098,096,108
MA11,1985/11/28,128,157,184,205,220,223,218,208,199,192,191,196,211,227,240,247,241,222,200,166,137,117,104,105
MA11,1985/11/29,124,145,171,195,213,221,220,210,200,190,185,186,196,211,224,233,231,217,195,166,136,108,092,088
MA11,1985/11/30,097,116,143,169,194,207,213,210,203,192,186,186,191,202,219,230,234,227,208,183,155,126,103,093
MA11,1985/12/01,094,107,133,157,180,200,213,212,210,200,195,193,195,204,216,226,235,233,219,200,174,147,123,105
MA11,1985/12/02,100,104,121,142,167,187,202,212,210,203,197,193,190,194,206,218,226,229,221,208,186,160,137,113
MA11,1985/12/03,101,099,106,122,142,162,182,195,199,198,193,187,183,183,189,198,206,210,210,203,189,171,150,130
MA11,1985/12/04,114,106,107,116,133,152,172,190,200,203,202,198,193,191,191,197,203,208,214,211,203,194,178,160
MA11,1985/12/05,144,130,123,124,132,144,164,180,194,201,203,201,197,190,187,186,185,189,193,196,196,194,186,175
MA11,1985/12/06,164,152,144,136,137,143,158,173,188,201,208,208,203,197,190,182,176,174,174,178,183,188,189,186
MA11,1985/12/07,180,171,161,150,140,141,148,159,175,191,202,207,208,201,190,178,166,156,152,153,160,172,180,189
MA11,1985/12/08,194,192,186,178,166,158,158,164,178,195,210,219,223,221,210,195,177,159,147,144,148,161,179,196
MA11,1985/12/09,210,220,222,215,205,195,188,186,194,205,220,231,238,239,230,212,188,163,141,127,123,134,150,174
MA11,1985/12/10,196,216,227,228,221,213,201,193,192,198,209,225,236,240,237,221,195,166,136,110,098,096,109,132
MA11,1985/12/11,157,184,209,220,223,219,208,198,191,192,201,214,228,240,244,231,212,183,146,117,094,084,089,103
MA11,1985/12/12,128,160,191,213,226,228,223,213,205,200,204,212,226,243,252,248,237,208,172,138,105,085,077,083
MA11,1985/12/13,101,129,160,189,208,219,221,215,206,200,198,203,216,231,248,256,248,233,203,167,132,103,085,082
MA11,1985/12/14,090,111,142,170,196,215,223,223,218,212,207,207,215,230,246,259,261,251,233,203,169,138,113,099
MA11,1985/12/15,100,111,134,160,188,212,227,232,228,222,216,212,213,224,236,248,258,255,241,221,190,158,131,110
MA11,1985/12/16,100,103,120,140,163,188,206,216,218,214,207,201,197,198,210,222,234,242,236,226,206,182,155,134
MA11,1985/12/17,117,112,122,136,155,178,197,210,217,215,209,203,197,194,198,208,217,225,229,224,213,198,175,152
MA11,1985/12/18,135,124,121,133,145,161,181,195,204,208,203,197,188,180,177,180,186,195,200,205,201,192,181,165
MA11,1985/12/19,149,139,134,135,143,157,172,188,201,206,206,204,193,183,178,175,173,178,183,189,192,192,186,178
MA11,1985/12/20,166,157,151,147,148,158,168,180,195,203,208,206,198,190,178,168,162,157,158,163,168,175,177,176
MA11,1985/12/21,172,166,160,155,154,157,163,173,184,196,203,202,198,189,177,164,150,141,136,137,143,154,166,171
MA11,1985/12/22,176,176,174,169,166,164,168,175,185,195,205,209,207,203,194,178,162,146,134,130,136,146,160,174
MA11,1985/12/23,186,195,199,198,194,191,190,191,196,207,215,221,224,222,214,200,179,158,142,132,130,138,152,169
MA11,1985/12/24,188,202,208,210,206,199,192,189,190,194,202,211,216,220,216,202,181,157,132,115,106,106,120,139
MA11,1985/12/25,158,182,196,203,206,201,195,192,190,193,202,212,221,231,232,221,206,181,152,129,112,106,112,129
MA11,1985/12/26,150,174,198,210,216,218,211,203,195,195,199,206,216,228,232,227,212,189,160,130,108,096,096,108
MA11,1985/12/27,130,156,183,205,216,222,220,209,203,201,200,204,214,226,234,235,223,203,176,144,116,097,087,094
MA11,1985/12/28,111,135,165,188,205,214,214,206,198,191,186,191,200,212,226,233,229,216,190,160,131,104,088,086
MA11,1985/12/29,095,118,146,172,195,208,213,210,200,193,187,185,194,207,222,235,238,229,214,185,154,127,104,093
MA11,1985/12/30,095,110,137,163,188,208,218,218,211,204,194,190,193,205,219,236,244,244,234,213,185,159,135,117
MA11,1985/12/31,113,124,144,166,191,213,225,227,224,216,205,199,196,201,214,226,240,242,236,221,200,174,150,128
