MA11,2016/01/01,217,210,211,220,237,257,275,287,292,290,281,268,255,246,241,243,249,256,263,267,267,262,253,240
MA11,2016/01/02,229,221,219,223,234,251,268,282,291,293,288,278,265,254,246,243,244,247,253,260,265,266,263,257
MA11,2016/01/03,249,243,239,239,245,254,267,281,292,298,298,290,278,267,257,248,243,243,244,247,254,260,262,262
MA11,2016/01/04,261,258,254,251,251,255,263,275,285,294,299,297,290,281,270,260,248,239,234,232,236,246,254,261
MA11,2016/01/05,267,269,268,265,261,261,264,268,276,287,294,297,294,286,275,260,243,229,220,215,217,225,237,250
MA11,2016/01/06,262,271,275,273,269,265,262,264,271,280,289,296,298,296,288,275,256,236,220,209,206,213,225,241
MA11,2016/01/07,260,276,285,288,286,281,276,271,271,277,286,295,302,304,300,289,269,245,221,202,194,196,205,223
MA11,2016/01/08,245,266,283,292,293,289,280,271,268,271,277,289,302,310,313,307,290,265,237,211,194,188,193,209
MA11,2016/01/09,232,257,279,294,299,297,288,277,268,264,267,277,291,303,312,312,299,276,246,216,191,177,175,185
MA11,2016/01/10,207,236,264,286,299,303,296,284,270,262,260,267,281,297,312,319,313,296,268,236,204,182,171,173
MA11,2016/01/11,191,218,247,272,291,300,299,289,275,263,255,255,267,284,301,315,318,308,286,256,225,196,177,171
MA11,2016/01/12,180,201,230,259,282,299,304,296,283,269,257,252,256,271,291,308,318,318,303,279,249,219,194,179
MA11,2016/01/13,180,195,219,246,274,294,304,302,292,277,261,249,247,256,272,292,309,317,312,296,272,242,214,195
MA11,2016/01/14,188,195,213,237,261,283,299,303,297,284,268,252,243,245,254,271,289,302,305,298,282,260,234,212
MA11,2016/01/15,199,198,207,225,248,271,290,299,299,290,274,256,243,236,238,249,264,278,288,289,282,269,250,231
MA11,2016/01/16,217,211,214,226,242,264,283,295,299,296,284,267,251,237,232,234,242,255,267,274,276,273,262,249
MA11,2016/01/17,236,228,226,231,241,258,275,288,296,298,291,277,260,245,232,225,226,231,239,251,260,264,263,259
MA11,2016/01/18,253,248,244,244,249,261,277,291,304,314,316,311,301,289,276,266,260,257,262,270,278,290,299,301
MA11,2016/01/19,302,300,295,292,290,293,301,310,320,329,331,328,319,305,289,270,252,239,232,232,240,252,264,276
MA11,2016/01/20,285,290,293,292,289,288,289,293,300,309,317,320,318,310,296,277,254,233,216,207,208,217,232,250
MA11,2016/01/21,267,280,287,288,285,280,277,276,277,285,295,303,309,309,303,289,267,242,218,199,192,197,209,228
MA11,2016/01/22,250,271,286,293,293,287,280,273,270,274,282,292,302,309,310,302,284,257,227,201,183,177,185,201
MA11,2016/01/23,225,252,274,288,293,290,282,273,264,263,269,279,294,308,316,317,307,285,256,225,200,186,184,196
MA11,2016/01/24,219,249,277,299,311,313,307,295,284,276,275,282,295,311,328,335,330,315,288,255,226,203,191,195
MA11,2016/01/25,211,236,264,288,303,310,305,291,275,261,254,256,266,282,300,313,318,310,289,260,229,201,181,176
MA11,2016/01/26,185,206,235,262,283,295,294,284,269,253,242,239,244,259,280,299,310,310,298,276,248,219,196,183
MA11,2016/01/27,186,203,228,254,278,296,301,293,278,261,245,236,236,245,262,281,295,301,296,281,258,231,206,189
MA11,2016/01/28,185,194,214,238,262,283,293,292,281,264,247,234,229,232,246,264,280,291,294,286,269,248,225,206
MA11,2016/01/29,197,200,213,233,256,278,292,295,287,272,256,241,229,228,235,249,266,279,285,284,275,260,242,224
MA11,2016/01/30,214,213,221,236,256,277,294,300,297,287,271,254,240,232,233,241,253,265,274,277,275,266,253,239
MA11,2016/01/31,229,225,227,236,252,270,285,295,296,288,275,260,244,233,229,230,236,246,255,262,265,263,256,247
MA11,2016/02/01,239,234,233,237,247,261,275,286,291,289,281,268,253,241,232,227,229,233,239,247,252,256,257,253
MA11,2016/02/02,249,247,246,247,251,259,270,282,290,291,288,280,267,255,244,235,228,226,227,231,237,246,251,254
MA11,2016/02/03,256,257,256,254,253,256,263,271,277,283,285,280,271,260,247,235,223,213,209,209,215,225,236,245
MA11,2016/02/04,254,260,262,261,260,259,261,265,271,278,284,286,283,276,266,252,237,222,211,205,206,215,228,241
MA11,2016/02/05,256,269,276,277,275,271,267,265,267,273,282,289,291,290,284,271,253,232,212,198,194,198,209,227
MA11,2016/02/06,247,267,282,288,288,284,275,268,266,269,277,287,297,302,302,294,276,251,225,203,189,187,195,211
MA11,2016/02/07,234,259,280,291,295,292,283,271,262,259,265,276,289,302,308,306,292,267,237,208,186,175,176,189
MA11,2016/02/08,212,240,265,283,292,291,281,267,253,245,245,254,270,288,303,309,304,287,258,226,198,179,172,178
MA11,2016/02/09,199,228,259,284,300,305,298,284,268,254,248,254,267,286,308,323,326,315,290,257,226,199,182,179
MA11,2016/02/10,192,215,244,270,291,303,301,286,266,246,233,230,237,253,277,298,310,309,294,268,237,207,184,174
MA11,2016/02/11,178,196,222,250,275,291,294,285,267,245,226,215,215,226,247,272,292,300,295,277,251,223,197,180
MA11,2016/02/12,177,188,210,236,261,282,292,288,274,253,232,215,206,210,225,247,270,288,293,286,270,248,224,205
MA11,2016/02/13,197,201,216,238,262,284,298,300,292,274,252,232,218,212,219,235,256,276,289,291,285,272,255,238
MA11,2016/02/14,228,227,236,253,274,295,313,321,317,304,287,266,246,233,231,238,252,268,283,292,295,290,280,266
MA11,2016/02/15,256,252,255,263,276,293,308,316,318,310,296,278,258,240,230,228,231,241,254,266,275,279,277,271
MA11,2016/02/16,264,261,260,262,270,281,292,302,307,304,297,285,268,250,236,226,222,223,230,239,250,260,266,268
MA11,2016/02/17,268,269,268,268,270,275,283,292,299,302,299,293,281,265,249,233,218,209,206,209,217,227,239,250
MA11,2016/02/18,257,263,265,263,262,262,264,269,275,279,283,283,279,271,259,243,223,205,194,190,193,203,217,232
MA11,2016/02/19,247,259,265,266,264,260,257,256,260,267,274,281,284,282,275,262,243,219,197,183,178,183,196,215
MA11,2016/02/20,235,252,265,269,267,262,255,249,247,250,260,272,282,289,292,285,270,249,226,207,195,195,207,226
MA11,2016/02/21,249,272,290,299,299,293,283,270,260,258,262,272,285,297,304,304,292,270,242,215,194,184,185,197
MA11,2016/02/22,218,242,263,278,283,278,266,251,237,229,230,242,257,274,291,299,294,280,256,227,200,182,175,184
MA11,2016/02/23,204,230,256,276,287,288,278,262,244,231,227,232,246,266,286,302,307,299,280,254,227,203,189,189
MA11,2016/02/24,202,223,250,273,289,293,286,269,249,230,220,220,230,247,269,289,300,298,285,263,236,211,193,186
MA11,2016/02/25,194,214,239,264,284,294,291,277,255,235,220,213,217,230,251,273,289,296,290,274,252,229,209,198
MA11,2016/02/26,201,216,237,260,280,294,295,285,266,244,226,215,213,222,239,261,280,292,293,284,267,246,225,209
MA11,2016/02/27,205,213,229,250,271,287,292,286,269,249,229,213,206,209,223,243,262,278,285,282,272,256,238,224
MA11,2016/02/28,217,220,230,246,266,283,292,290,278,259,238,221,209,205,212,227,243,259,270,272,268,257,244,232
MA11,2016/02/29,225,226,234,247,266,285,297,301,294,279,262,245,230,222,224,233,245,258,270,279,281,277,269,258
MA11,2016/03/01,251,249,250,257,270,283,293,297,293,282,267,250,234,221,216,218,224,234,244,254,259,261,258,253
MA11,2016/03/02,249,247,248,252,260,270,280,287,288,282,272,259,244,229,220,218,218,222,229,237,244,251,254,255
MA11,2016/03/03,256,256,256,257,262,269,277,284,287,286,281,271,258,245,232,222,215,212,213,218,226,236,245,252
MA11,2016/03/04,257,261,262,260,260,260,262,266,270,272,273,270,263,252,239,226,213,202,196,196,201,211,223,236
MA11,2016/03/05,247,257,261,260,258,253,250,250,253,258,264,268,269,265,256,244,227,210,196,188,188,196,209,226
MA11,2016/03/06,244,260,270,272,269,262,255,249,247,252,261,273,282,285,282,272,254,233,213,197,189,192,203,222
MA11,2016/03/07,245,266,282,290,289,281,269,256,247,245,253,267,282,294,300,297,283,260,233,209,193,187,192,209
MA11,2016/03/08,234,260,283,296,299,293,278,261,246,238,241,254,273,293,308,313,307,288,260,232,207,191,188,198
MA11,2016/03/09,220,248,274,292,301,296,281,262,241,224,220,228,245,269,293,308,312,301,278,249,220,197,186,189
MA11,2016/03/10,205,231,259,282,297,299,288,266,241,220,208,208,220,243,272,296,309,309,294,269,240,214,196,191
MA11,2016/03/11,200,222,248,274,294,302,295,277,251,224,205,196,200,218,245,274,295,306,302,285,262,236,216,205
MA11,2016/03/12,207,221,243,266,288,301,300,286,262,233,207,189,183,192,213,241,267,284,291,285,269,249,229,215
MA11,2016/03/13,212,220,236,257,279,294,299,291,272,247,220,198,184,182,194,216,241,263,279,282,277,265,249,235
MA11,2016/03/14,230,233,243,261,280,296,305,303,291,271,247,224,204,194,196,208,227,246,263,274,278,274,266,257
MA11,2016/03/15,251,251,256,266,282,296,306,310,303,289,271,249,228,211,203,204,211,224,238,252,261,263,261,256
MA11,2016/03/16,252,249,249,253,262,273,283,288,288,280,269,254,237,221,208,201,200,205,215,227,239,248,253,255
MA11,2016/03/17,256,255,254,254,258,264,272,277,280,280,275,267,255,240,226,213,204,200,202,209,220,232,242,251
MA11,2016/03/18,258,261,261,259,258,259,261,264,269,273,276,276,272,264,252,239,224,212,206,207,214,225,239,254
MA11,2016/03/19,266,275,277,275,271,267,263,263,265,271,278,285,288,288,283,272,255,237,223,215,214,221,234,251
MA11,2016/03/20,267,281,287,287,281,272,262,255,252,254,262,274,284,290,291,285,270,250,229,213,204,206,216,234
MA11,2016/03/21,254,273,284,288,284,273,259,246,237,236,244,258,273,287,296,297,287,268,246,224,208,202,208,224
MA11,2016/03/22,247,269,286,294,293,283,267,249,235,228,232,244,262,281,298,306,303,289,268,244,224,212,212,224
MA11,2016/03/23,245,268,288,300,303,294,277,256,236,224,222,229,246,267,287,303,306,296,278,254,230,214,207,212
MA11,2016/03/24,230,254,276,293,301,296,282,260,237,220,211,214,229,250,274,294,304,303,291,270,247,227,214,214
MA11,2016/03/25,228,250,273,292,304,304,292,271,246,223,210,207,216,234,258,281,298,303,297,280,258,237,221,216
MA11,2016/03/26,223,240,262,282,297,301,293,274,249,225,206,197,200,215,238,262,281,293,293,282,266,246,229,220
MA11,2016/03/27,222,234,253,273,290,298,295,279,256,231,210,197,194,203,222,244,266,282,289,286,275,259,242,232
MA11,2016/03/28,230,237,252,270,287,299,300,290,271,247,224,207,198,201,213,233,254,270,282,284,278,268,254,243
MA11,2016/03/29,238,241,250,264,280,292,297,292,276,255,233,213,200,197,202,216,234,250,264,273,274,269,260,250
MA11,2016/03/30,246,246,250,261,274,286,294,293,283,269,251,232,217,209,208,216,228,242,258,269,273,272,268,263
MA11,2016/03/31,258,257,258,262,272,281,288,290,286,276,262,245,230,218,211,212,217,226,238,249,258,264,266,266
MA11,2016/04/01,265,264,262,263,266,272,279,282,282,277,269,257,243,230,219,213,211,213,220,230,241,251,258,264
MA11,2016/04/02,268,269,267,265,262,263,265,268,270,271,269,265,256,244,232,221,211,205,206,210,219,232,245,256
MA11,2016/04/03,265,270,270,266,260,255,253,253,255,260,265,268,269,263,253,241,227,214,206,204,209,220,235,252
MA11,2016/04/04,268,279,283,281,273,263,254,248,248,255,267,278,287,291,288,277,261,242,225,215,212,218,231,250
MA11,2016/04/05,269,285,294,293,284,269,253,239,232,234,245,261,278,290,295,290,277,256,233,215,205,205,215,234
MA11,2016/04/06,257,278,292,297,290,273,253,231,215,210,217,235,257,277,292,297,289,270,245,221,203,195,198,214
MA11,2016/04/07,237,262,282,293,292,278,255,229,207,195,195,210,234,263,289,307,312,304,286,264,241,226,222,230
MA11,2016/04/08,250,275,296,310,312,302,281,252,223,200,190,194,212,239,269,295,309,309,297,276,253,233,221,223
MA11,2016/04/09,237,259,282,301,311,308,293,265,233,203,184,178,188,211,241,270,293,302,299,288,269,249,235,231
MA11,2016/04/10,239,256,277,298,312,316,307,285,255,223,197,182,181,194,219,248,275,294,301,297,285,267,252,244
MA11,2016/04/11,245,256,274,293,308,315,311,297,272,242,214,192,180,183,199,222,247,270,284,288,284,273,259,248
MA11,2016/04/12,244,249,260,275,291,301,305,297,279,255,228,203,186,181,187,203,224,245,263,275,279,275,266,257
MA11,2016/04/13,252,251,256,268,281,293,300,298,287,271,250,229,209,196,193,201,214,231,249,264,273,276,272,268
MA11,2016/04/14,264,261,262,268,277,287,296,299,296,287,274,258,241,227,217,214,219,230,242,256,269,276,279,280
MA11,2016/04/15,278,275,272,270,272,277,282,285,287,283,277,267,254,239,226,216,212,213,219,230,243,255,264,268
MA11,2016/04/16,269,268,264,259,255,254,255,258,261,264,267,266,261,253,243,231,222,217,215,221,231,244,256,267
MA11,2016/04/17,276,279,277,271,264,258,255,255,257,263,271,278,282,283,279,268,253,237,229,228,232,242,255,269
MA11,2016/04/18,283,289,288,281,270,257,248,242,240,245,255,266,276,281,281,275,261,244,229,220,219,225,238,255
MA11,2016/04/19,272,284,288,284,272,256,240,228,220,221,232,247,262,276,283,281,271,256,237,222,216,217,226,243
MA11,2016/04/20,262,277,286,285,275,259,239,221,207,203,211,227,246,265,280,285,282,269,250,232,221,217,222,236
MA11,2016/04/21,256,276,290,293,287,273,252,230,212,202,205,218,237,260,282,295,297,290,274,255,240,231,230,241
MA11,2016/04/22,261,283,301,309,307,295,274,249,225,208,203,210,227,251,275,293,302,301,289,271,252,238,232,236
MA11,2016/04/23,251,271,289,302,304,295,276,251,224,204,194,197,212,234,261,285,301,306,300,286,270,254,243,242
MA11,2016/04/24,252,269,288,303,309,305,289,264,236,211,195,191,199,217,242,267,286,296,295,285,271,255,241,236
MA11,2016/04/25,241,254,272,289,298,298,287,265,238,211,191,181,182,195,217,241,265,281,286,283,273,259,245,237
MA11,2016/04/26,239,249,263,279,293,298,292,276,252,226,204,189,184,191,208,230,253,272,283,286,281,270,258,249
MA11,2016/04/27,247,252,262,276,289,297,296,285,265,241,218,200,189,189,200,217,237,258,273,281,283,278,269,261
MA11,2016/04/28,256,256,263,274,286,296,300,295,283,264,244,226,213,208,211,223,240,259,276,290,299,301,296,290
MA11,2016/04/29,284,281,283,288,296,305,310,310,303,289,272,254,237,226,222,224,232,245,259,272,283,288,287,283
MA11,2016/04/30,279,275,271,271,273,278,283,286,285,279,269,256,241,229,219,215,217,224,235,248,261,272,278,281
MA11,2016/05/01,281,277,273,268,265,266,269,274,277,278,276,270,261,249,236,226,221,219,224,234,246,259,270,278
MA11,2016/05/02,282,280,274,265,255,249,247,248,253,258,263,266,264,256,246,234,222,215,213,218,229,243,257,271
MA11,2016/05/03,281,284,280,271,258,245,236,234,237,245,258,270,278,279,274,263,249,236,226,223,228,239,255,274
MA11,2016/05/04,289,298,298,289,273,255,239,229,228,235,251,267,281,292,297,292,279,263,247,237,234,240,253,271
MA11,2016/05/05,290,305,310,305,289,266,241,220,207,206,218,238,262,282,296,299,292,277,258,241,232,232,239,256
MA11,2016/05/06,275,293,304,305,292,269,240,211,189,179,185,204,229,257,281,296,300,292,276,259,245,237,239,252
MA11,2016/05/07,273,294,311,318,313,296,268,235,204,185,181,191,213,243,273,298,312,311,299,282,265,252,247,254
MA11,2016/05/08,269,287,305,317,317,305,281,248,213,184,168,168,181,206,237,267,289,299,296,285,270,254,244,244
MA11,2016/05/09,253,269,289,305,312,308,292,263,229,196,172,162,166,184,211,241,270,289,295,293,283,269,257,252
MA11,2016/05/10,255,267,284,300,312,316,308,288,259,227,199,180,172,180,198,224,252,275,290,296,294,284,274,266
MA11,2016/05/11,265,272,284,299,313,322,321,310,290,263,236,214,198,195,205,224,246,269,287,298,300,294,284,274
MA11,2016/05/12,268,267,272,282,294,303,306,301,288,268,245,222,203,191,190,199,216,236,255,270,278,280,274,266
MA11,2016/05/13,259,255,255,261,269,278,285,286,280,270,255,238,220,206,199,201,210,224,241,257,269,276,276,272
MA11,2016/05/14,266,259,253,251,253,259,266,270,271,268,261,251,239,225,214,210,212,218,229,245,259,270,276,277
MA11,2016/05/15,273,267,259,252,248,248,252,255,259,262,263,260,254,246,236,226,221,221,226,236,250,263,273,279
MA11,2016/05/16,280,276,269,259,250,244,242,244,249,257,264,269,271,270,263,254,245,237,236,241,251,265,278,287
MA11,2016/05/17,293,292,284,272,257,244,235,230,232,239,249,260,269,274,272,266,255,244,236,236,242,252,267,281
MA11,2016/05/18,290,294,290,277,261,245,228,218,216,220,232,247,262,274,280,278,270,257,245,238,236,242,255,270
MA11,2016/05/19,284,292,292,283,267,247,227,211,202,203,213,229,248,266,277,280,276,266,252,240,234,236,246,260
MA11,2016/05/20,277,289,294,289,276,256,232,210,196,191,196,212,233,254,273,283,285,278,265,250,240,237,242,255
MA11,2016/05/21,271,287,296,297,288,269,245,220,199,186,187,200,221,246,270,287,294,293,283,268,256,248,247,254
MA11,2016/05/22,269,286,300,304,300,284,259,232,206,187,182,189,207,231,257,279,294,298,292,280,265,254,248,252
MA11,2016/05/23,265,282,298,308,308,297,277,248,220,197,183,184,197,218,245,271,290,300,299,289,276,264,254,253
MA11,2016/05/24,260,275,291,304,310,304,287,261,232,205,186,179,185,202,226,252,276,293,299,294,284,273,262,256
MA11,2016/05/25,259,270,284,298,307,307,297,276,249,221,198,186,184,194,213,237,262,281,292,295,290,280,269,262
MA11,2016/05/26,260,266,277,291,303,308,303,288,266,239,215,197,189,192,206,226,249,271,287,295,296,290,280,271
MA11,2016/05/27,266,268,274,284,295,303,303,295,278,256,234,214,200,196,201,216,235,255,274,286,291,291,283,274
MA11,2016/05/28,268,264,265,271,280,290,296,294,285,271,251,233,217,207,206,214,227,245,263,278,289,293,290,283
MA11,2016/05/29,276,268,263,263,267,275,283,286,286,278,266,253,236,223,217,216,222,235,250,266,281,291,293,291
MA11,2016/05/30,284,276,267,260,259,262,268,275,279,280,278,270,258,246,235,228,228,233,243,257,272,286,294,296
MA11,2016/05/31,293,286,274,262,253,249,251,257,265,273,279,281,278,271,261,251,244,242,247,256,270,285,298,306
MA11,2016/06/01,307,301,289,274,258,246,239,240,247,257,271,284,290,290,284,274,263,255,251,254,263,277,291,303
MA11,2016/06/02,310,311,302,285,264,243,228,220,221,231,247,267,284,295,298,294,283,271,262,256,258,268,282,296
MA11,2016/06/03,308,314,309,295,273,247,223,205,197,201,216,239,264,285,298,301,295,283,270,260,255,260,271,286
MA11,2016/06/04,302,314,317,309,291,264,234,207,188,183,192,213,240,268,292,305,308,301,288,275,265,263,269,282
MA11,2016/06/05,299,315,324,324,312,288,256,223,195,179,177,189,213,243,272,295,306,307,298,285,272,264,263,271
MA11,2016/06/06,286,303,317,324,319,302,273,239,205,179,166,168,185,213,244,272,293,302,300,291,278,267,260,262
MA11,2016/06/07,273,290,307,319,322,314,294,264,230,199,177,170,176,196,224,254,280,297,302,298,288,276,266,263
MA11,2016/06/08,268,280,296,311,322,321,309,287,257,225,199,182,178,189,211,238,266,288,299,301,295,283,271,263
MA11,2016/06/09,261,267,281,296,309,316,312,298,275,248,221,200,189,190,203,225,251,276,293,301,300,292,281,270
MA11,2016/06/10,263,263,270,282,295,305,307,302,287,266,243,221,205,199,203,217,238,259,278,290,294,290,281,270
MA11,2016/06/11,260,255,255,262,272,283,291,292,285,272,255,237,221,210,208,214,228,247,266,281,291,292,287,278
MA11,2016/06/12,268,260,254,255,260,268,277,282,282,278,269,257,244,233,225,225,233,246,262,278,291,298,297,291
MA11,2016/06/13,283,273,263,257,256,260,266,272,277,279,279,274,266,258,250,246,246,252,265,279,293,304,309,307
MA11,2016/06/14,301,291,280,268,260,257,258,262,269,275,279,281,279,274,267,259,254,254,258,268,280,292,299,301
MA11,2016/06/15,298,290,278,263,250,239,234,235,240,248,258,267,272,274,271,265,259,254,253,257,267,280,292,299
MA11,2016/06/16,302,298,288,273,258,242,230,226,228,237,250,264,276,285,288,285,278,270,264,262,267,277,289,300
MA11,2016/06/17,308,308,302,290,271,252,234,222,219,224,235,253,271,285,295,296,290,281,272,264,263,269,279,291
MA11,2016/06/18,303,308,305,293,276,253,230,211,201,200,209,226,247,268,283,290,290,282,272,262,256,257,264,276
MA11,2016/06/19,291,302,304,299,284,262,237,213,195,189,193,208,231,256,278,293,299,297,288,277,267,263,266,276
MA11,2016/06/20,293,308,317,316,306,286,260,232,209,194,192,202,221,246,272,292,304,307,299,287,276,268,266,273
MA11,2016/06/21,286,302,315,321,316,300,275,246,217,196,186,189,205,229,255,280,299,307,306,296,283,272,266,267
MA11,2016/06/22,277,293,308,318,320,310,291,264,233,206,189,184,193,212,238,265,287,302,306,301,291,279,269,265
MA11,2016/06/23,271,284,300,314,322,321,308,285,256,228,206,195,196,209,231,256,282,302,311,310,302,290,278,268
MA11,2016/06/24,267,275,289,304,317,322,315,298,272,244,219,201,195,200,216,239,265,288,303,308,305,297,285,273
MA11,2016/06/25,268,271,280,295,310,321,322,313,294,270,245,223,210,207,216,234,256,278,296,306,308,303,291,277
MA11,2016/06/26,268,262,265,276,288,300,308,306,295,278,256,236,219,211,212,222,239,259,277,291,299,298,290,278
MA11,2016/06/27,266,256,250,252,260,272,283,287,286,278,264,248,233,221,216,219,230,247,264,280,293,299,295,285
MA11,2016/06/28,274,261,249,243,243,250,261,271,277,278,275,267,256,245,238,235,239,249,261,276,291,299,300,295
MA11,2016/06/29,285,270,255,241,233,232,237,246,255,264,270,271,267,260,252,245,243,245,253,266,279,290,297,297
MA11,2016/06/30,293,282,265,246,230,220,219,223,233,247,260,271,276,276,271,265,258,256,257,262,274,288,298,305
MA11,2016/07/01,306,298,284,263,241,222,210,205,210,222,238,256,271,281,283,280,274,266,262,263,268,279,291,301
MA11,2016/07/02,308,308,299,281,257,232,210,195,189,197,213,235,258,279,291,295,293,286,277,271,272,279,290,303
MA11,2016/07/03,315,321,318,305,283,255,227,203,187,184,194,214,241,267,289,301,304,299,289,278,271,271,278,290
MA11,2016/07/04,305,317,322,318,303,278,247,216,190,176,177,192,216,244,272,292,302,302,293,281,271,265,265,274
MA11,2016/07/05,290,306,317,321,313,295,268,234,201,178,169,175,192,219,248,274,291,299,295,284,272,261,255,259
MA11,2016/07/06,271,289,306,317,318,308,286,257,225,195,177,173,183,207,235,264,288,301,302,295,283,270,259,257
MA11,2016/07/07,263,278,296,311,320,318,304,280,250,219,194,181,181,196,220,247,273,292,299,296,285,272,258,249
MA11,2016/07/08,250,259,274,291,305,311,306,290,267,239,213,195,188,195,213,237,263,286,298,300,294,281,266,254
MA11,2016/07/09,249,251,262,277,293,305,308,301,284,263,239,220,208,207,215,235,260,283,300,308,306,297,284,270
MA11,2016/07/10,260,257,260,270,283,296,305,304,296,281,263,244,230,223,226,238,256,278,295,307,310,304,293,279
MA11,2016/07/11,266,258,255,259,268,280,289,294,293,285,273,259,247,238,236,241,253,270,287,299,306,306,298,285
MA11,2016/07/12,273,261,253,251,254,262,271,278,282,282,277,269,261,252,248,248,255,266,280,292,302,307,304,294
MA11,2016/07/13,283,271,259,251,248,251,257,264,270,275,277,277,273,268,264,262,264,270,280,291,303,311,312,308
MA11,2016/07/14,300,288,275,262,252,248,249,254,261,269,278,284,286,286,282,278,276,276,280,288,299,308,314,315
MA11,2016/07/15,310,301,287,270,256,245,240,239,243,253,264,276,286,292,292,289,285,280,278,280,288,297,305,309
MA11,2016/07/16,310,304,293,276,258,240,227,219,219,226,240,256,270,282,290,290,286,280,273,271,274,281,291,300
MA11,2016/07/17,307,307,300,286,268,247,227,213,207,211,223,241,261,280,292,299,298,292,283,277,274,278,286,297
MA11,2016/07/18,308,315,313,303,285,262,238,217,204,200,208,225,247,271,291,302,305,301,291,280,273,271,277,288
MA11,2016/07/19,302,314,319,315,301,279,252,225,204,194,194,207,230,256,280,298,307,306,298,286,274,266,267,275
MA11,2016/07/20,289,304,315,318,311,293,267,237,209,190,184,190,208,234,261,285,301,305,300,288,274,263,257,260
MA11,2016/07/21,272,290,306,316,316,305,283,254,224,198,184,183,194,217,245,272,294,305,305,296,282,269,258,254
MA11,2016/07/22,262,277,295,310,318,315,300,275,244,215,194,185,189,205,231,258,283,300,306,302,290,274,259,250
MA11,2016/07/23,250,261,279,297,311,316,309,290,263,234,210,194,189,199,219,243,270,291,301,301,293,278,261,247
MA11,2016/07/24,241,246,258,275,293,305,307,298,278,254,229,210,200,202,215,236,259,281,296,302,298,285,268,251
MA11,2016/07/25,239,236,241,254,271,288,298,297,287,269,248,228,215,211,218,232,252,273,291,301,302,294,279,262
MA11,2016/07/26,246,236,234,239,251,268,281,289,289,280,266,251,238,230,231,238,253,270,287,299,305,303,292,277
MA11,2016/07/27,260,245,234,232,236,247,260,272,279,280,275,267,257,249,245,247,256,268,282,295,304,306,301,290
MA11,2016/07/28,275,258,242,230,226,229,238,249,260,269,273,273,270,264,259,258,261,267,276,288,298,304,305,299
MA11,2016/07/29,288,273,254,236,223,217,218,225,236,249,261,271,275,276,274,272,270,270,275,283,292,301,307,307
MA11,2016/07/30,302,292,275,254,234,218,209,208,214,227,243,259,273,282,286,284,281,277,274,276,283,292,301,307
MA11,2016/07/31,309,305,294,275,252,230,212,200,197,205,221,243,264,280,291,295,293,286,279,276,278,284,293,303
MA11,2016/08/01,312,315,312,300,278,252,225,204,192,191,203,223,247,271,291,302,304,298,288,279,273,274,281,292
MA11,2016/08/02,306,317,323,318,303,280,251,222,201,191,194,209,233,260,285,302,310,308,298,286,276,270,272,282
MA11,2016/08/03,298,314,326,330,322,304,277,245,216,198,192,200,219,245,274,297,310,312,305,291,277,265,261,267
MA11,2016/08/04,281,299,316,326,328,318,296,266,236,210,196,196,209,232,260,287,305,313,308,296,280,264,254,254
MA11,2016/08/05,263,280,299,315,324,323,309,286,256,227,207,199,204,223,248,275,298,310,311,302,285,267,252,244
MA11,2016/08/06,248,261,279,299,313,319,315,298,273,245,222,208,208,219,241,267,291,308,313,308,295,276,257,245
MA11,2016/08/07,242,248,263,281,297,308,310,302,284,261,239,222,215,220,235,257,280,299,309,310,300,283,264,249
MA11,2016/08/08,240,239,248,263,281,295,303,302,292,275,257,242,232,232,242,259,280,300,315,320,316,303,286,270
MA11,2016/08/09,259,254,257,268,282,296,307,310,307,297,283,269,258,253,257,267,282,298,311,318,316,306,290,273
MA11,2016/08/10,258,246,242,245,253,265,277,285,287,284,276,266,258,252,253,259,270,284,297,307,310,306,295,280
MA11,2016/08/11,265,252,243,239,242,251,260,269,276,279,278,274,269,265,263,266,272,281,291,302,308,308,302,291
MA11,2016/08/12,278,264,252,243,239,241,247,254,261,269,274,277,278,276,275,275,276,280,287,295,302,306,306,300
MA11,2016/08/13,290,278,264,251,241,236,234,237,245,254,264,273,280,284,284,284,282,281,283,288,295,301,304,304
MA11,2016/08/14,301,292,280,264,248,237,229,226,230,239,252,268,282,292,297,298,295,290,286,286,291,297,304,310
MA11,2016/08/15,313,310,300,285,266,247,232,223,221,226,240,259,277,293,304,309,306,299,290,284,284,288,296,306
MA11,2016/08/16,314,318,314,302,283,260,237,219,209,211,221,239,261,283,300,311,310,302,292,281,274,275,283,295
MA11,2016/08/17,310,321,325,321,307,285,262,240,226,225,231,240,259,281,299,315,319,311,298,283,268,262,264,276
MA11,2016/08/18,294,311,323,325,314,294,268,239,215,199,196,206,227,253,280,302,313,312,302,287,270,257,254,262
MA11,2016/08/19,278,299,318,327,326,313,288,257,226,204,193,196,213,238,266,293,311,315,309,294,274,256,245,245
MA11,2016/08/20,257,278,301,319,327,323,306,280,249,221,203,199,209,230,258,287,309,319,317,305,287,266,250,243
MA11,2016/08/21,248,266,290,314,332,338,331,310,282,252,229,216,216,229,252,278,301,316,318,310,293,270,248,233
MA11,2016/08/22,229,238,256,279,300,314,317,307,288,264,241,225,220,226,244,268,292,312,322,322,311,293,273,252
MA11,2016/08/23,236,232,240,256,279,297,307,307,296,278,258,242,233,233,243,262,283,300,312,316,310,293,271,248
MA11,2016/08/24,232,223,223,233,251,270,286,293,293,286,274,262,253,250,254,266,282,298,311,317,315,304,285,265
MA11,2016/08/25,244,229,223,225,233,249,264,275,283,284,280,275,269,265,266,271,281,294,305,314,317,312,301,286
MA11,2016/08/26,268,250,237,229,230,237,249,261,272,279,283,283,281,278,276,278,283,289,298,308,314,315,310,300
MA11,2016/08/27,287,271,253,238,228,225,229,237,248,262,274,283,290,292,293,293,291,292,295,301,308,313,314,312
MA11,2016/08/28,306,294,278,260,243,231,226,227,235,248,263,278,290,298,302,302,298,294,290,291,297,304,312,318
MA11,2016/08/29,320,317,307,291,271,251,235,227,228,238,255,274,292,307,317,319,314,306,298,294,294,299,309,320
MA11,2016/08/30,329,333,331,320,301,277,253,236,227,230,244,268,294,318,339,349,347,334,317,301,292,290,295,306
MA11,2016/08/31,319,328,332,327,313,290,263,239,221,214,220,237,261,286,306,318,320,310,294,278,264,258,261,273
MA11,2016/09/01,291,310,323,327,320,302,276,248,224,209,206,218,239,265,289,306,313,308,295,277,260,248,245,254
MA11,2016/09/02,270,291,311,323,324,314,293,264,236,215,205,210,227,252,280,303,315,315,304,286,265,247,238,240
MA11,2016/09/03,254,275,296,313,322,319,304,281,254,229,213,212,224,247,275,299,314,317,309,292,270,248,233,228
MA11,2016/09/04,235,253,276,298,313,319,312,294,269,244,225,217,222,239,263,288,309,317,313,300,279,255,235,225
MA11,2016/09/05,227,240,261,284,303,314,315,304,285,263,243,230,228,239,259,284,305,318,319,309,291,267,246,231
MA11,2016/09/06,226,233,249,271,291,307,313,309,296,278,261,248,242,247,262,283,303,317,323,318,304,283,261,242
MA11,2016/09/07,231,231,239,255,273,290,302,304,298,287,274,262,255,255,264,280,298,313,321,321,311,294,272,253
MA11,2016/09/08,239,234,238,248,263,279,292,298,299,293,284,276,270,269,275,286,300,313,321,325,321,310,293,276
MA11,2016/09/09,262,252,248,250,259,271,283,291,296,296,292,287,282,279,280,285,293,302,310,314,312,305,293,278
MA11,2016/09/10,263,250,241,238,239,246,255,263,271,278,281,281,280,278,278,280,283,287,293,299,301,298,291,282
MA11,2016/09/11,270,257,246,236,230,231,235,242,251,260,268,274,279,281,282,281,281,280,281,286,290,292,291,288
MA11,2016/09/12,280,272,261,249,239,231,228,230,236,247,260,271,281,288,291,291,288,282,279,279,282,287,292,294
MA11,2016/09/13,294,290,281,267,252,237,227,223,224,233,248,265,280,292,299,299,294,284,274,269,269,274,282,292
MA11,2016/09/14,298,299,294,282,264,245,227,215,210,216,230,249,269,287,300,305,301,288,274,264,258,259,268,283
MA11,2016/09/15,297,307,309,302,286,265,241,220,208,207,217,236,260,283,301,311,310,298,282,265,252,247,253,268
MA11,2016/09/16,288,306,317,317,307,286,260,233,212,202,206,221,244,271,294,309,314,305,286,266,247,235,236,249
MA11,2016/09/17,270,294,314,325,323,310,286,258,231,214,210,218,238,264,291,311,320,315,299,275,251,231,222,228
MA11,2016/09/18,246,271,298,318,327,323,306,281,254,231,219,221,235,259,287,311,326,327,316,293,267,241,223,220
MA11,2016/09/19,230,252,281,308,326,332,324,304,279,255,238,232,239,257,282,306,325,332,324,306,279,249,224,210
MA11,2016/09/20,211,225,249,277,302,318,321,311,292,270,252,242,242,254,273,297,318,328,327,314,291,262,234,214
MA11,2016/09/21,207,211,227,251,276,297,309,308,297,281,264,251,246,250,264,283,302,314,317,311,295,271,243,219
MA11,2016/09/22,204,199,206,222,242,264,282,290,289,281,270,259,254,254,263,277,292,305,314,314,305,288,267,245
MA11,2016/09/23,227,216,213,220,233,250,267,280,286,287,284,278,272,269,272,280,291,301,309,313,310,300,283,265
MA11,2016/09/24,247,231,221,216,219,229,242,256,268,276,279,278,277,275,275,277,282,288,293,300,302,299,292,281
MA11,2016/09/25,267,253,239,226,220,221,228,239,251,262,272,279,282,283,282,280,279,279,280,286,291,293,294,291
MA11,2016/09/26,284,275,260,244,231,222,220,224,232,245,258,271,280,284,284,282,277,271,267,268,272,277,284,289
MA11,2016/09/27,291,288,279,263,246,230,219,215,219,229,244,262,278,288,293,291,284,273,263,258,259,264,274,285
MA11,2016/09/28,295,301,299,289,272,252,234,222,219,225,239,258,278,295,303,304,297,283,267,256,250,253,262,276
MA11,2016/09/29,293,306,312,309,296,277,254,234,222,222,232,250,271,291,306,313,306,290,271,253,240,236,241,256
MA11,2016/09/30,276,295,309,313,308,293,270,246,229,222,226,241,264,287,306,316,314,301,280,258,239,229,230,242
MA11,2016/10/01,262,285,304,315,315,305,284,259,237,224,222,232,250,273,295,309,312,302,281,257,235,218,213,221
MA11,2016/10/02,239,263,287,305,313,310,295,273,251,232,225,230,245,267,290,308,316,310,293,269,243,221,210,211
MA11,2016/10/03,224,247,272,294,309,312,304,288,267,248,236,235,246,265,289,310,322,321,308,286,260,236,219,213
MA11,2016/10/04,220,239,263,287,305,314,311,299,281,260,245,239,242,255,277,298,310,314,305,285,260,234,213,202
MA11,2016/10/05,203,215,236,259,281,297,301,295,282,266,251,243,243,253,271,292,308,316,314,303,284,261,240,227
MA11,2016/10/06,223,227,240,260,279,294,305,306,296,284,271,260,257,260,271,286,300,310,313,304,286,264,240,221
MA11,2016/10/07,211,209,215,229,247,264,278,284,283,276,267,260,256,256,263,275,287,296,300,295,284,267,247,228
MA11,2016/10/08,215,210,212,221,235,252,267,279,285,285,282,278,273,271,275,283,292,301,306,307,303,291,276,261
MA11,2016/10/09,247,238,236,237,244,255,267,279,288,291,293,292,289,286,284,283,286,290,294,298,297,290,280,267
MA11,2016/10/10,254,243,234,228,228,232,240,252,262,272,279,283,284,283,281,280,278,278,280,283,285,286,283,276
MA11,2016/10/11,267,257,245,235,228,225,228,234,244,257,270,281,288,290,290,288,281,275,271,271,276,282,285,286
MA11,2016/10/12,284,278,267,254,241,231,226,227,235,247,263,280,292,298,299,294,283,271,261,255,256,263,272,281
MA11,2016/10/13,287,288,282,269,253,236,223,216,217,227,244,263,280,294,299,296,285,268,251,240,236,241,253,269
MA11,2016/10/14,284,294,295,286,270,249,229,213,208,213,227,248,270,289,300,302,291,271,249,230,219,218,229,248
MA11,2016/10/15,270,290,301,301,289,270,246,225,212,209,217,236,260,283,300,306,299,280,254,227,207,199,204,221
MA11,2016/10/16,246,273,294,304,302,288,266,241,221,210,212,226,248,272,294,307,306,291,265,236,208,191,188,198
MA11,2016/10/17,222,254,284,305,313,309,294,272,249,234,228,234,251,274,297,314,319,308,286,255,223,197,183,184
MA11,2016/10/18,201,229,261,290,310,316,310,294,273,254,243,243,254,272,296,316,326,323,306,278,246,214,191,181
MA11,2016/10/19,186,205,233,263,290,306,309,300,285,268,255,249,252,266,286,307,322,325,317,297,269,237,210,193
MA11,2016/10/20,188,198,218,245,273,296,307,308,301,289,276,268,267,275,288,303,317,325,322,310,288,260,231,207
MA11,2016/10/21,193,191,201,220,244,269,287,295,295,289,280,271,267,268,276,289,302,312,315,309,296,277,253,231
MA11,2016/10/22,214,204,204,215,232,251,270,285,292,293,290,285,280,278,282,290,299,308,315,315,309,298,282,263
MA11,2016/10/23,246,232,224,224,231,244,260,276,288,294,296,295,291,288,286,287,291,295,298,302,302,296,289,276
MA11,2016/10/24,262,249,237,229,228,233,242,255,269,281,289,293,293,290,286,281,277,275,275,278,282,285,285,281
MA11,2016/10/25,275,265,252,241,233,229,231,238,250,264,278,288,293,293,291,286,278,270,267,268,272,279,286,291
MA11,2016/10/26,292,289,279,265,252,241,233,234,243,255,271,287,296,301,301,293,282,269,258,253,253,260,270,280
MA11,2016/10/27,289,293,290,280,266,249,236,230,231,240,256,274,288,297,298,291,277,259,243,232,229,233,244,259
MA11,2016/10/28,275,287,293,288,277,262,246,235,231,235,249,269,286,300,308,305,291,272,252,235,226,227,237,255
MA11,2016/10/29,276,296,309,313,307,293,274,258,248,244,251,267,285,302,314,313,302,282,256,232,215,207,212,227
MA11,2016/10/30,248,270,289,300,300,289,272,253,238,231,233,246,265,284,300,306,299,281,256,228,205,192,191,202
MA11,2016/10/31,222,248,273,290,298,294,280,263,246,234,232,241,256,277,296,308,307,294,270,243,217,199,194,199
MA11,2016/11/01,216,242,269,290,305,308,301,287,270,255,249,251,262,281,298,309,311,303,284,256,227,204,190,189
MA11,2016/11/02,201,221,246,271,290,298,296,285,270,255,245,243,250,266,285,301,309,305,290,265,237,211,193,186
MA11,2016/11/03,193,210,234,260,284,299,304,300,288,275,264,259,261,270,285,301,312,312,302,282,256,230,209,196
MA11,2016/11/04,195,205,224,246,269,288,296,296,290,279,267,259,258,263,276,290,301,306,301,287,266,241,217,201
MA11,2016/11/05,194,198,211,230,251,271,285,292,291,285,276,269,265,267,276,288,300,308,308,299,284,264,242,224
MA11,2016/11/06,213,209,214,224,239,257,272,282,285,283,277,271,265,262,265,271,279,286,289,286,277,261,242,224
MA11,2016/11/07,211,203,201,206,218,234,250,264,273,276,275,272,267,262,262,263,267,273,277,279,276,268,256,241
MA11,2016/11/08,228,219,213,212,218,228,241,256,269,278,283,284,282,279,275,272,271,272,274,278,279,278,272,263
MA11,2016/11/09,251,241,231,223,221,224,232,244,256,269,280,285,285,283,277,269,262,255,254,257,262,267,269,268
MA11,2016/11/10,264,257,247,236,226,221,222,229,241,256,269,280,286,287,282,271,257,246,238,235,240,250,260,269
MA11,2016/11/11,275,275,269,258,246,235,229,230,237,249,266,282,294,300,299,288,270,251,234,225,226,235,251,267
MA11,2016/11/12,281,290,291,282,268,252,238,231,231,239,254,273,289,300,302,293,274,250,224,206,199,203,218,240
MA11,2016/11/13,263,282,292,292,283,268,251,238,232,235,248,267,286,301,309,306,289,263,233,206,188,184,194,215
MA11,2016/11/14,243,271,292,302,301,290,273,257,245,241,247,262,282,303,318,321,312,289,257,225,199,185,185,201
MA11,2016/11/15,229,262,292,314,323,320,307,290,274,263,263,273,290,310,328,335,330,312,282,246,213,187,175,179
MA11,2016/11/16,199,229,262,291,310,317,311,298,283,268,260,262,274,291,311,324,326,315,293,260,225,194,173,166
MA11,2016/11/17,176,199,230,263,289,305,309,303,290,276,265,263,269,283,302,318,326,322,306,280,249,216,189,172
MA11,2016/11/18,169,181,205,233,262,283,295,297,290,279,268,261,261,270,284,301,313,317,311,293,269,239,210,188
MA11,2016/11/19,178,180,193,215,242,268,287,295,295,288,280,272,267,270,282,295,308,316,317,308,292,270,246,224
MA11,2016/11/20,207,200,204,218,237,259,279,292,298,297,290,282,275,272,275,281,291,298,301,299,289,275,257,237
MA11,2016/11/21,220,208,204,208,220,237,256,273,283,286,284,278,272,267,264,265,270,277,282,285,285,280,272,260
MA11,2016/11/22,247,235,227,225,230,241,256,272,286,295,298,297,292,285,278,274,271,271,275,280,284,285,283,278
MA11,2016/11/23,269,257,246,238,234,237,245,256,270,282,289,293,291,285,276,266,256,250,247,248,253,260,265,268
MA11,2016/11/24,267,263,256,247,238,234,235,243,255,268,280,289,292,288,281,269,255,242,234,231,234,242,252,263
MA11,2016/11/25,271,274,271,264,253,243,239,240,247,259,273,285,292,293,287,275,258,239,224,215,214,220,232,247
MA11,2016/11/26,261,271,275,272,261,249,239,233,235,243,256,269,281,288,288,278,261,239,218,204,198,202,215,233
MA11,2016/11/27,253,271,283,286,281,270,258,249,245,250,262,276,292,302,305,300,284,261,238,217,204,203,212,230
MA11,2016/11/28,252,275,294,305,304,295,284,271,260,256,263,276,290,303,311,308,295,272,245,218,197,187,190,204
MA11,2016/11/29,227,254,277,292,298,295,284,269,256,249,250,259,274,291,302,306,298,277,248,219,193,177,172,181
MA11,2016/11/30,201,227,253,275,287,289,283,270,256,246,243,248,260,277,294,303,300,285,261,232,204,182,172,175
MA11,2016/12/01,191,216,244,269,288,297,296,286,273,262,256,256,266,282,300,314,318,308,287,260,231,207,190,183
MA11,2016/12/02,189,207,232,258,278,291,295,291,281,270,259,255,259,270,286,299,306,302,288,263,236,210,188,176
MA11,2016/12/03,177,191,213,238,262,280,290,290,283,272,262,255,255,263,276,291,302,304,296,278,253,227,203,187
MA11,2016/12/04,183,190,207,229,253,275,289,294,292,284,274,265,262,265,275,289,302,307,305,294,275,253,230,212
MA11,2016/12/05,202,203,213,229,250,271,289,300,302,298,289,279,272,270,275,284,295,303,305,301,290,271,251,232
MA11,2016/12/06,219,214,216,226,243,263,282,296,301,298,293,284,276,271,268,269,274,280,286,288,284,272,258,242
MA11,2016/12/07,227,218,215,217,227,242,259,274,285,291,291,286,279,271,265,263,265,269,276,281,284,282,276,266
MA11,2016/12/08,253,242,234,231,233,242,254,267,279,289,294,291,286,278,268,259,252,248,250,256,262,267,269,267
MA11,2016/12/09,261,254,245,238,234,237,245,258,272,286,296,300,299,292,280,266,252,242,237,240,247,257,267,274
MA11,2016/12/10,277,275,267,258,249,244,244,250,260,275,288,295,298,294,284,268,248,229,217,213,217,229,245,261
MA11,2016/12/11,275,283,283,276,266,257,251,249,254,267,281,295,303,305,299,282,259,233,210,196,193,200,216,238
MA11,2016/12/12,260,278,289,289,282,271,260,253,252,258,271,285,298,307,306,295,273,242,211,188,174,173,186,210
MA11,2016/12/13,237,265,286,296,297,290,279,269,261,263,273,286,302,317,323,319,303,274,240,208,184,173,177,196
MA11,2016/12/14,223,255,285,306,315,316,307,295,286,281,283,293,308,325,337,339,330,306,273,236,203,180,171,177
MA11,2016/12/15,198,228,260,287,304,310,307,296,283,273,269,272,285,303,320,331,328,313,287,252,216,187,167,164
MA11,2016/12/16,175,200,233,264,289,305,308,301,290,280,270,268,276,290,307,321,328,322,304,276,243,210,182,168
MA11,2016/12/17,169,185,211,241,268,289,298,296,288,276,265,257,257,267,282,298,309,312,303,284,257,226,197,176
MA11,2016/12/18,167,173,190,214,241,265,281,285,281,271,259,249,244,249,261,276,291,299,298,287,269,246,219,196
MA11,2016/12/19,181,179,189,207,230,254,273,284,285,279,269,257,247,245,251,261,274,284,289,288,279,264,244,224
MA11,2016/12/20,208,200,201,211,228,248,268,283,289,288,281,270,257,249,247,250,257,265,272,275,273,266,254,239
MA11,2016/12/21,226,217,212,214,225,241,258,273,283,287,284,275,264,253,244,241,242,246,252,258,262,262,258,251
MA11,2016/12/22,243,235,228,226,230,241,254,270,284,294,298,294,286,277,266,257,251,250,254,260,268,275,280,280
MA11,2016/12/23,278,275,270,266,264,269,278,288,300,312,318,317,311,300,288,274,261,251,247,246,250,258,266,272
MA11,2016/12/24,276,276,273,267,260,258,259,264,274,284,293,297,295,289,277,261,243,227,215,210,211,219,230,241
MA11,2016/12/25,252,260,263,260,255,249,246,247,253,263,275,284,288,286,279,266,247,226,208,197,194,200,212,228
MA11,2016/12/26,245,259,268,270,267,261,254,249,250,258,270,281,290,295,294,285,267,244,222,205,196,197,209,226
MA11,2016/12/27,248,270,287,296,296,292,285,277,272,275,284,295,309,318,320,314,298,273,247,223,207,202,206,221
MA11,2016/12/28,242,266,286,299,302,298,289,275,265,262,264,273,286,298,305,304,290,268,240,212,189,176,175,186
MA11,2016/12/29,208,233,258,277,288,290,284,273,263,256,256,264,278,294,307,311,303,284,258,229,201,181,173,178
MA11,2016/12/30,195,220,247,270,286,293,291,279,266,256,250,252,263,279,294,303,304,291,268,239,209,185,170,167
MA11,2016/12/31,178,201,229,255,277,291,293,286,273,260,250,247,254,269,287,302,307,299,281,254,224,195,174,164
