MA11,1978/01/01,147,142,144,158,177,197,217,228,230,224,212,200,186,175,176,179,188,196,205,208,204,196,183,166
MA11,1978/01/02,152,143,140,145,156,172,192,205,212,212,202,187,172,162,157,152,154,158,168,176,182,183,177,169
MA11,1978/01/03,161,152,150,151,155,168,185,198,214,220,216,207,193,180,167,156,154,151,154,162,171,176,180,180
MA11,1978/01/04,178,174,169,163,160,164,177,188,200,210,212,207,197,186,170,159,146,138,135,140,151,161,171,183
MA11,1978/01/05,189,192,191,187,180,179,183,190,202,215,223,222,218,209,194,177,155,138,129,126,131,144,158,171
MA11,1978/01/06,188,198,204,201,194,190,186,183,192,203,211,220,221,218,204,189,162,138,116,105,104,113,127,151
MA11,1978/01/07,176,193,207,210,203,198,191,183,184,191,202,214,222,224,219,206,179,150,121,099,088,088,098,115
MA11,1978/01/08,143,169,192,202,206,204,194,182,177,177,187,200,215,227,232,228,211,182,146,116,096,084,088,103
MA11,1978/01/09,129,160,188,209,219,220,212,201,190,186,189,199,215,234,248,251,239,217,184,151,119,099,090,097
MA11,1978/01/10,119,148,181,208,227,234,231,219,204,194,186,188,203,217,238,250,246,234,206,171,137,106,083,080
MA11,1978/01/11,093,113,145,176,201,215,218,208,196,181,167,158,164,184,206,227,236,236,221,194,164,129,105,091
MA11,1978/01/12,093,108,135,162,187,211,220,218,206,190,176,164,160,170,186,208,228,232,228,210,185,157,128,106
MA11,1978/01/13,099,107,127,150,176,201,214,218,211,195,179,163,152,153,166,184,202,217,219,212,198,175,150,127
MA11,1978/01/14,118,117,126,146,169,194,211,219,217,207,189,171,157,148,152,166,180,196,206,205,201,185,164,144
MA11,1978/01/15,131,124,130,144,161,181,201,214,218,210,197,178,163,155,150,153,164,175,189,199,202,193,181,164
MA11,1978/01/16,152,145,143,149,163,180,197,209,216,213,202,188,172,158,149,145,146,150,160,171,175,180,178,169
MA11,1978/01/17,161,155,151,154,160,174,187,198,207,210,206,194,182,169,152,144,138,134,141,147,153,162,167,169
MA11,1978/01/18,169,166,162,161,161,169,179,189,199,207,208,204,197,183,170,157,146,139,137,141,149,160,171,179
MA11,1978/01/19,185,190,189,187,185,184,188,197,205,214,218,218,216,205,194,180,162,141,133,126,127,138,152,163
MA11,1978/01/20,175,187,191,193,188,185,183,184,189,200,207,212,215,212,201,190,172,149,128,118,114,121,133,150
MA11,1978/01/21,167,185,196,200,200,195,193,190,192,198,210,218,226,232,229,221,201,180,155,133,122,125,134,153
MA11,1978/01/22,172,194,212,220,221,215,207,199,194,194,200,210,222,229,233,226,210,187,158,135,117,109,111,125
MA11,1978/01/23,143,168,192,205,212,209,203,194,185,178,180,191,203,217,228,230,221,203,174,143,122,105,101,110
MA11,1978/01/24,129,157,185,203,215,219,212,199,186,179,176,182,194,212,227,236,235,221,196,165,135,116,104,104
MA11,1978/01/25,121,149,177,201,215,220,216,204,189,176,168,168,176,191,210,225,230,223,205,173,145,119,101,096
MA11,1978/01/26,105,128,155,181,200,213,213,201,187,169,160,156,158,175,194,213,225,223,210,188,159,133,110,099
MA11,1978/01/27,105,125,149,178,205,221,228,221,208,187,175,166,163,175,192,211,227,232,225,208,186,156,133,115
MA11,1978/01/28,106,117,137,161,187,207,216,214,199,180,164,149,143,150,165,182,202,213,212,205,188,164,141,121
MA11,1978/01/29,113,114,128,148,171,195,210,212,205,188,171,156,144,140,149,164,183,198,204,203,195,177,156,137
MA11,1978/01/30,124,124,133,149,170,193,210,216,216,200,184,166,152,146,147,156,171,185,196,200,199,193,180,163
MA11,1978/01/31,154,146,147,156,171,191,205,215,217,210,195,177,158,144,140,140,146,157,169,179,184,184,180,172
MA11,1978/02/01,163,157,156,158,167,181,197,214,220,218,211,194,176,160,149,144,143,145,154,162,172,180,182,180
MA11,1978/02/02,178,174,171,170,174,180,193,204,212,216,214,204,187,172,156,144,134,128,130,136,148,160,169,176
MA11,1978/02/03,182,184,183,181,178,181,188,195,206,212,212,210,203,187,173,153,137,127,117,116,122,133,149,165
MA11,1978/02/04,177,188,194,193,188,187,184,186,192,200,211,214,211,203,192,175,153,133,113,104,103,110,122,145
MA11,1978/02/05,165,182,195,199,196,192,185,183,182,187,196,208,214,214,208,195,176,147,123,103,093,090,100,120
MA11,1978/02/06,143,169,191,203,207,202,193,181,175,175,183,196,212,220,220,218,205,180,149,120,100,092,092,106
MA11,1978/02/07,131,160,183,204,212,210,203,188,173,167,170,179,196,215,226,232,227,204,175,144,114,095,089,094
MA11,1978/02/08,111,140,165,189,204,208,205,191,172,157,152,156,170,190,209,225,227,217,195,162,133,103,088,084
MA11,1978/02/09,093,119,148,174,192,207,208,193,173,155,142,136,145,165,186,213,222,222,206,181,153,124,101,092
MA11,1978/02/10,097,117,142,173,196,215,220,214,198,176,157,148,148,162,181,207,224,234,226,208,188,155,131,116
MA11,1978/02/11,110,122,142,166,190,210,218,212,199,175,155,137,130,130,147,173,189,206,210,202,185,161,139,121
MA11,1978/02/12,113,114,130,153,173,196,207,208,202,179,157,138,124,118,130,146,163,187,196,196,191,177,158,143
MA11,1978/02/13,132,133,143,158,179,201,215,222,216,196,180,161,142,130,130,137,153,173,183,194,194,184,170,156
MA11,1978/02/14,147,140,144,155,168,187,199,209,208,199,186,168,149,135,128,128,136,148,160,175,180,180,176,164
MA11,1978/02/15,158,158,157,162,173,184,199,209,212,208,199,186,173,152,142,138,135,142,150,158,168,174,174,174
MA11,1978/02/16,172,168,167,168,172,183,193,200,206,206,202,196,182,163,154,142,132,132,134,138,148,156,164,170
MA11,1978/02/17,173,174,174,174,174,179,184,190,196,198,199,200,190,178,169,156,142,134,128,128,136,145,157,167
MA11,1978/02/18,176,184,187,187,186,185,188,190,194,197,202,206,204,198,190,178,161,144,132,122,120,130,139,153
MA11,1978/02/19,168,180,186,188,186,182,178,176,177,182,190,197,203,204,201,191,176,158,138,125,119,120,130,146
MA11,1978/02/20,164,181,195,200,198,193,185,178,174,172,180,191,201,210,210,205,194,173,150,130,118,114,122,137
MA11,1978/02/21,157,181,197,210,211,204,196,185,176,172,174,186,198,209,219,220,211,192,166,139,119,108,108,121
MA11,1978/02/22,141,166,187,203,208,205,198,181,169,160,160,169,183,202,216,223,222,208,184,154,133,114,109,114
MA11,1978/02/23,131,157,183,203,215,216,207,188,173,160,155,158,173,198,207,224,225,213,194,167,140,119,102,099
MA11,1978/02/24,116,137,165,195,203,208,206,186,166,149,136,134,143,160,185,202,210,212,194,167,142,117,098,096
MA11,1978/02/25,106,125,155,177,196,206,201,185,163,143,128,122,129,144,167,188,207,212,203,186,160,137,114,106
MA11,1978/02/26,110,124,150,173,196,209,208,195,175,151,132,122,120,127,151,171,192,204,202,193,175,153,132,118
MA11,1978/02/27,115,125,147,170,194,209,216,206,186,165,141,126,117,120,136,156,177,192,199,197,186,170,150,135
MA11,1978/02/28,129,130,143,162,184,201,214,212,197,178,156,135,121,120,125,139,163,180,195,203,204,197,185,175
MA11,1978/03/01,167,166,169,183,201,217,233,232,224,205,181,159,137,124,120,127,138,155,166,175,182,180,174,163
MA11,1978/03/02,156,156,157,162,176,189,203,210,208,199,182,165,142,127,118,116,119,128,142,155,165,169,172,170
MA11,1978/03/03,166,167,164,166,174,182,194,202,204,201,193,179,162,147,131,123,120,118,124,135,145,160,169,175
MA11,1978/03/04,182,183,184,184,184,188,196,204,208,212,211,204,194,180,163,149,132,124,123,124,132,144,157,168
MA11,1978/03/05,181,188,191,188,184,182,180,182,186,192,197,200,196,188,175,160,140,125,111,104,106,115,131,148
MA11,1978/03/06,167,181,190,190,184,177,168,166,166,171,182,192,198,200,195,184,162,140,118,103,096,100,113,130
MA11,1978/03/07,155,175,188,193,190,182,167,158,152,152,163,177,192,202,207,202,186,162,135,113,098,094,100,116
MA11,1978/03/08,142,164,185,196,198,188,172,157,141,135,141,146,165,183,198,204,201,184,160,131,106,091,086,094
MA11,1978/03/09,113,139,164,185,194,190,178,159,137,120,114,121,137,160,185,200,206,199,179,153,125,104,095,095
MA11,1978/03/10,111,135,165,186,204,207,196,183,155,134,124,121,137,160,185,212,228,228,222,199,176,155,147,136
MA11,1978/03/11,138,164,186,208,231,233,228,217,185,161,144,128,135,154,173,201,224,230,227,212,186,165,143,132
MA11,1978/03/12,132,146,171,194,213,227,227,215,194,166,143,127,122,131,150,176,200,215,219,212,195,174,156,141
MA11,1978/03/13,138,148,163,184,204,220,223,216,197,172,148,127,115,114,127,151,172,190,206,206,199,184,167,154
MA11,1978/03/14,146,148,160,176,195,213,220,220,206,186,163,143,126,117,123,136,157,177,191,198,198,188,175,164
MA11,1978/03/15,155,154,160,170,189,203,213,216,208,191,175,153,133,123,120,125,141,156,168,182,186,183,177,168
MA11,1978/03/16,162,160,164,168,181,196,204,208,208,195,183,167,147,134,127,124,131,140,153,164,173,177,176,174
MA11,1978/03/17,170,168,168,169,176,184,192,198,200,194,184,172,160,144,133,128,124,126,134,144,154,164,168,169
MA11,1978/03/18,169,169,169,169,169,174,178,183,186,186,182,176,166,155,144,134,126,122,122,126,135,147,156,163
MA11,1978/03/19,172,176,176,175,175,173,176,176,180,185,188,188,187,181,170,162,149,138,132,132,137,148,160,172
MA11,1978/03/20,184,190,193,190,184,179,173,170,170,173,178,184,188,187,180,171,156,138,124,115,114,122,134,151
MA11,1978/03/21,168,179,187,188,183,176,164,158,155,156,167,176,186,194,188,186,175,155,135,121,112,117,130,145
MA11,1978/03/22,168,186,199,204,198,191,178,166,160,160,168,183,198,210,219,218,212,194,171,151,134,132,138,151
MA11,1978/03/23,172,195,210,218,216,205,188,168,154,146,148,160,178,197,213,216,210,192,171,146,126,114,116,130
MA11,1978/03/24,153,177,196,205,206,197,178,157,136,122,123,134,150,173,194,207,210,199,178,155,129,112,110,115
MA11,1978/03/25,135,160,182,197,204,197,180,156,132,114,106,112,130,153,177,199,210,204,193,170,144,125,113,114
MA11,1978/03/26,130,153,177,199,210,208,195,171,140,118,104,101,112,130,156,184,202,208,204,187,165,143,125,120
MA11,1978/03/27,127,145,167,190,205,210,202,180,153,123,104,092,095,111,135,163,188,199,204,198,178,162,141,131
MA11,1978/03/28,134,148,166,190,210,220,217,202,177,150,125,108,105,112,133,158,182,203,216,216,206,194,175,162
MA11,1978/03/29,158,162,175,195,213,223,224,215,195,169,144,121,106,104,112,130,152,171,188,198,196,188,177,165
MA11,1978/03/30,159,159,166,180,197,212,220,218,206,184,161,138,119,109,108,119,136,154,171,184,190,188,184,177
MA11,1978/03/31,171,166,168,176,186,199,208,210,205,190,165,155,135,120,113,113,118,130,144,158,170,176,178,181
MA11,1978/04/01,178,174,174,174,178,185,194,199,198,193,181,166,152,135,120,115,110,113,123,132,146,158,166,172
MA11,1978/04/02,176,174,174,170,166,169,173,178,183,184,182,177,166,155,140,129,118,112,112,118,131,143,158,172
MA11,1978/04/03,180,184,186,183,177,172,170,173,178,186,192,198,200,196,184,170,156,141,133,130,136,148,165,182
MA11,1978/04/04,196,206,208,204,193,184,172,166,166,170,178,188,196,197,192,180,163,143,127,115,115,120,132,153
MA11,1978/04/05,172,186,194,192,184,169,150,138,130,134,146,163,179,192,196,192,182,161,140,126,118,118,128,146
MA11,1978/04/06,170,188,203,208,200,186,167,146,134,132,138,157,179,199,214,222,216,202,183,161,150,144,148,163
MA11,1978/04/07,180,204,221,228,226,213,187,164,142,128,130,143,163,190,209,224,225,213,193,172,153,138,137,145
MA11,1978/04/08,167,192,210,223,223,215,197,170,142,121,114,119,138,163,191,212,223,223,208,189,169,149,140,144
MA11,1978/04/09,158,180,205,220,228,227,208,184,157,128,115,110,120,144,173,198,217,224,216,202,182,161,148,144
MA11,1978/04/10,154,172,192,208,221,222,214,188,159,131,111,098,102,121,143,170,194,207,206,200,185,168,150,144
MA11,1978/04/11,146,158,179,195,208,216,209,190,163,135,113,096,090,100,118,145,171,188,197,196,187,174,158,152
MA11,1978/04/12,151,159,174,192,206,215,218,205,182,160,135,115,106,106,118,140,162,182,197,203,199,190,178,168
MA11,1978/04/13,164,168,176,189,203,214,216,212,195,175,153,130,115,110,114,129,147,165,182,192,195,190,181,173
MA11,1978/04/14,168,167,170,180,192,200,208,205,194,180,165,144,127,118,115,121,133,147,163,175,184,185,180,177
MA11,1978/04/15,173,170,170,176,182,189,196,196,195,188,174,160,147,134,128,128,132,141,156,169,178,188,188,186
MA11,1978/04/16,184,182,181,179,181,185,190,192,190,188,183,176,166,153,144,140,136,141,148,158,172,181,186,190
MA11,1978/04/17,192,188,184,178,175,174,176,180,178,180,180,176,173,164,153,142,135,128,130,136,146,158,170,176
MA11,1978/04/18,182,184,181,174,166,160,158,158,157,165,170,170,174,170,163,154,142,132,126,128,135,148,162,178
MA11,1978/04/19,191,196,198,193,184,174,164,160,158,161,173,183,188,192,190,181,168,153,136,132,134,140,155,175
MA11,1978/04/20,190,198,204,200,188,173,162,150,141,146,158,173,190,198,200,200,186,167,150,138,132,134,142,162
MA11,1978/04/21,182,194,203,200,186,172,150,130,120,120,127,144,164,184,195,200,196,180,160,141,130,126,132,149
MA11,1978/04/22,171,189,200,203,194,175,153,127,108,100,104,120,141,165,183,198,199,195,169,151,134,122,122,136
MA11,1978/04/23,156,177,194,200,197,184,159,130,104,086,086,094,115,145,170,191,204,203,188,173,152,137,132,137
MA11,1978/04/24,152,176,196,210,210,200,180,150,120,098,085,086,103,131,157,185,207,214,208,196,178,162,150,148
MA11,1978/04/25,161,178,200,217,224,220,204,176,142,114,096,087,092,112,138,169,185,208,212,206,194,176,162,151
MA11,1978/04/26,156,171,191,204,221,222,212,190,158,127,103,083,081,097,111,137,166,187,200,203,196,184,170,159
MA11,1978/04/27,158,164,179,195,210,218,216,202,177,149,122,101,090,090,104,123,148,174,188,200,201,196,186,174
MA11,1978/04/28,168,169,177,188,203,214,218,211,193,171,146,124,105,094,097,110,128,145,163,180,185,188,184,176
MA11,1978/04/29,170,168,168,175,185,196,204,204,195,178,162,140,121,108,100,104,115,130,148,162,178,186,186,184
MA11,1978/04/30,181,176,170,171,175,182,190,194,193,189,178,163,148,133,124,117,118,127,137,153,166,176,186,189
MA11,1978/05/01,182,175,172,172,168,172,174,180,186,186,186,182,175,162,148,137,132,132,135,144,157,171,184,194
MA11,1978/05/02,198,199,194,181,172,166,164,167,175,184,191,194,190,186,176,163,154,140,136,142,150,162,176,190
MA11,1978/05/03,199,201,198,184,170,154,144,142,142,153,164,174,184,188,184,176,163,148,138,138,139,149,164,178
MA11,1978/05/04,192,202,200,193,174,156,139,126,123,128,140,158,174,188,192,188,180,163,148,140,140,144,156,174
MA11,1978/05/05,189,203,208,200,184,164,144,121,110,110,120,139,161,179,193,198,195,180,162,147,140,137,143,159
MA11,1978/05/06,176,191,202,199,188,168,142,113,095,086,092,108,130,157,176,190,194,184,168,154,138,133,134,144
MA11,1978/05/07,164,181,196,204,196,180,156,125,099,086,081,089,112,139,166,196,196,196,184,168,153,142,141,148
MA11,1978/05/08,161,179,196,206,206,193,168,140,113,086,077,080,096,123,149,175,193,196,194,181,166,156,146,146
MA11,1978/05/09,159,175,191,206,210,205,189,161,133,106,087,080,092,111,137,163,187,199,202,195,182,168,160,156
MA11,1978/05/10,162,177,183,209,218,216,206,183,155,137,107,093,094,108,128,156,180,197,206,204,196,184,172,166
MA11,1978/05/11,166,176,188,203,216,216,212,196,171,145,119,102,096,099,114,131,152,176,192,198,196,187,176,165
MA11,1978/05/12,160,162,172,184,196,206,208,201,185,160,137,117,102,098,102,119,136,159,175,187,190,185,175,164
MA11,1978/05/13,159,158,160,169,178,189,194,188,179,160,141,121,106,094,096,105,119,138,157,173,180,180,176,167
MA11,1978/05/14,161,158,156,162,168,176,184,185,178,169,156,138,123,109,105,106,113,130,145,160,174,180,180,175
MA11,1978/05/15,168,164,160,158,162,167,170,179,178,173,166,156,142,131,123,117,120,128,138,156,167,180,182,182
MA11,1978/05/16,180,174,168,163,160,160,163,167,169,170,170,166,158,148,140,131,127,128,132,145,158,171,181,185
MA11,1978/05/17,185,181,176,164,157,152,150,152,155,160,167,170,170,166,158,148,140,135,134,141,150,167,180,189
MA11,1978/05/18,195,192,186,176,164,152,145,141,143,150,160,171,180,182,180,173,162,153,147,144,153,165,179,196
MA11,1978/05/19,204,208,206,193,181,167,151,142,141,147,160,179,190,204,208,206,196,183,168,162,162,170,185,200
MA11,1978/05/20,215,224,224,215,200,174,155,137,129,128,138,157,174,196,208,212,208,195,180,166,160,162,171,184
MA11,1978/05/21,206,221,225,222,207,182,161,135,116,110,117,135,159,183,203,218,219,212,201,183,171,168,170,183
MA11,1978/05/22,200,219,230,230,220,199,173,140,118,099,096,110,129,158,183,208,220,220,211,197,180,170,168,172
MA11,1978/05/23,187,207,221,228,228,209,186,154,121,095,085,086,100,127,153,185,203,212,214,202,190,177,166,163
MA11,1978/05/24,175,193,210,227,230,221,202,170,138,107,085,078,094,103,131,166,189,209,216,213,201,189,178,170
MA11,1978/05/25,174,186,201,218,227,227,216,188,158,123,096,077,074,092,104,135,161,188,201,203,201,191,180,168
MA11,1978/05/26,166,171,184,202,216,224,221,203,180,148,121,097,084,084,095,118,141,170,191,202,204,200,190,178
MA11,1978/05/27,173,173,178,192,204,219,222,216,201,179,156,130,112,102,106,118,137,162,183,200,205,208,202,190
MA11,1978/05/28,185,176,174,181,188,202,210,212,208,193,176,155,137,122,118,122,132,151,169,187,199,206,206,200
MA11,1978/05/29,192,182,176,173,177,184,195,201,203,198,189,175,159,143,136,130,136,148,162,178,192,203,210,207
MA11,1978/05/30,201,194,183,175,172,172,180,189,197,200,203,198,190,181,168,161,158,160,170,182,195,208,218,220
MA11,1978/05/31,220,212,200,186,176,168,167,172,180,188,195,200,199,194,186,176,168,164,165,172,183,198,209,218
MA11,1978/06/01,221,218,209,194,177,161,152,151,154,164,177,186,194,196,194,188,178,167,164,164,170,182,194,206
MA11,1978/06/02,213,212,206,192,174,154,138,127,124,132,144,161,179,190,194,193,185,177,168,162,164,174,184,199
MA11,1978/06/03,210,216,213,202,186,163,143,123,115,116,127,147,165,185,198,204,204,193,183,175,169,172,181,195
MA11,1978/06/04,208,220,223,217,205,183,159,131,116,110,114,132,154,179,199,214,216,216,204,193,187,184,188,201
MA11,1978/06/05,215,228,238,236,226,206,180,148,126,109,108,120,142,166,192,208,217,217,207,194,184,177,176,185
MA11,1978/06/06,200,215,228,232,223,208,181,152,122,103,097,103,121,145,171,194,209,214,208,196,184,172,167,170
MA11,1978/06/07,182,197,213,221,221,209,187,160,127,106,092,089,106,128,156,182,200,210,208,200,187,175,166,165
MA11,1978/06/08,176,190,206,216,220,216,196,171,142,114,095,089,092,110,137,160,187,202,205,201,192,180,169,165
MA11,1978/06/09,166,179,192,206,216,216,204,187,159,131,108,096,092,102,124,146,172,192,202,202,195,184,172,164
MA11,1978/06/10,164,170,181,195,208,211,208,198,173,152,126,108,100,102,120,141,164,186,201,207,205,198,185,175
MA11,1978/06/11,169,171,179,188,202,211,214,207,191,171,149,132,120,116,121,137,160,182,200,211,214,206,197,186
MA11,1978/06/12,177,173,176,183,194,205,212,210,200,186,168,150,135,128,126,133,153,172,192,206,213,214,206,196
MA11,1978/06/13,184,179,176,178,184,194,204,207,204,196,184,170,158,148,142,147,156,172,188,202,214,220,216,208
MA11,1978/06/14,199,188,181,177,177,182,190,194,199,200,195,186,176,166,158,154,156,158,170,185,198,208,214,207
MA11,1978/06/15,202,193,177,170,162,158,161,167,173,178,184,184,179,174,164,158,155,154,161,174,185,200,210,210
MA11,1978/06/16,210,201,187,172,160,148,143,147,152,161,174,180,186,184,180,174,166,160,161,164,176,192,201,208
MA11,1978/06/17,211,208,194,177,159,143,133,128,130,139,155,172,182,190,193,190,182,176,168,166,172,182,198,210
MA11,1978/06/18,216,217,210,195,173,151,131,120,114,117,134,151,174,192,201,206,200,190,182,172,170,179,190,202
MA11,1978/06/19,218,226,223,212,191,165,138,117,102,099,108,130,154,179,202,216,216,211,196,185,177,176,184,198
MA11,1978/06/20,214,227,232,226,212,185,154,128,102,089,092,102,127,157,184,206,219,220,212,200,188,182,183,192
MA11,1978/06/21,208,226,240,243,235,219,188,157,127,100,096,099,116,143,175,198,222,230,226,218,202,192,184,184
MA11,1978/06/22,198,216,232,244,246,234,211,178,142,115,090,088,098,116,145,174,200,218,226,221,211,199,186,180
MA11,1978/06/23,185,199,218,234,242,240,225,200,167,136,103,089,088,098,122,148,177,203,215,218,212,200,185,178
MA11,1978/06/24,174,182,197,210,228,234,230,215,198,158,127,104,094,097,112,134,160,187,204,213,212,204,192,178
MA11,1978/06/25,166,169,176,187,209,220,224,219,200,178,153,128,111,107,114,130,152,175,197,210,214,212,201,186
MA11,1978/06/26,173,169,166,176,190,204,218,218,214,200,179,162,142,128,128,137,154,174,193,206,220,220,214,202
MA11,1978/06/27,187,177,168,167,176,184,200,210,210,207,194,180,166,154,147,150,157,172,192,205,220,226,224,216
MA11,1978/06/28,202,190,178,170,166,174,184,193,201,204,204,198,188,178,170,166,169,178,190,204,218,227,232,226
MA11,1978/06/29,216,206,188,173,163,160,162,168,179,187,192,195,193,188,182,177,174,176,184,194,206,219,224,226
MA11,1978/06/30,220,210,195,181,162,152,146,147,158,162,175,187,190,193,190,184,181,178,180,184,192,204,216,220
MA11,1978/07/01,217,209,196,177,159,142,132,127,130,141,154,169,183,189,192,192,186,180,179,180,184,197,207,214
MA11,1978/07/02,222,220,209,194,174,153,134,120,119,126,140,158,176,190,202,202,200,194,185,180,182,188,198,212
MA11,1978/07/03,222,226,224,213,192,170,146,127,116,115,127,146,168,190,206,214,216,211,202,192,187,188,196,209
MA11,1978/07/04,222,234,236,229,216,193,166,141,121,113,118,133,156,181,202,218,223,220,212,199,191,187,190,200
MA11,1978/07/05,215,230,238,238,228,207,182,153,127,112,108,121,141,166,193,212,223,225,215,203,191,183,182,189
MA11,1978/07/06,202,218,232,237,233,220,193,167,138,116,106,109,126,148,175,198,217,224,220,208,197,186,178,182
MA11,1978/07/07,190,206,224,233,236,229,209,181,153,125,110,108,116,135,161,187,209,222,222,213,200,185,178,175
MA11,1978/07/08,180,193,207,222,230,228,216,191,164,137,117,106,108,122,146,171,194,213,221,216,205,192,180,173
MA11,1978/07/09,173,181,195,212,224,230,222,206,182,155,132,116,113,118,139,163,185,206,218,218,211,197,183,173
MA11,1978/07/10,168,172,181,196,210,217,221,211,193,169,146,128,119,120,134,154,176,198,212,218,214,203,186,174
MA11,1978/07/11,166,165,169,179,194,206,210,209,195,180,162,140,129,126,130,146,166,186,206,212,212,208,194,180
MA11,1978/07/12,169,161,158,165,176,188,198,200,197,187,172,157,144,136,138,144,160,180,194,207,214,210,200,186
MA11,1978/07/13,172,161,154,152,158,168,177,186,187,184,178,167,158,148,142,145,154,166,181,197,205,208,203,190
MA11,1978/07/14,178,165,151,143,144,147,155,166,173,178,180,177,172,165,160,158,160,166,179,191,203,212,211,203
MA11,1978/07/15,194,179,163,150,140,136,140,147,156,168,176,183,186,184,180,175,171,173,180,190,203,214,217,218
MA11,1978/07/16,211,197,180,163,144,135,130,130,138,151,166,182,189,196,198,193,190,185,181,189,198,208,221,224
MA11,1978/07/17,223,216,200,180,160,137,123,117,117,129,146,165,184,199,209,209,205,197,192,188,192,202,213,224
MA11,1978/07/18,232,232,223,205,179,156,132,113,107,109,123,145,172,194,214,223,221,216,204,194,190,194,204,218
MA11,1978/07/19,233,242,242,229,208,180,149,123,101,096,103,123,150,177,204,219,227,227,214,201,191,185,190,204
MA11,1978/07/20,220,237,243,242,229,203,170,139,108,093,088,097,122,151,180,207,220,225,219,204,191,180,176,184
MA11,1978/07/21,200,220,237,244,241,226,196,161,128,100,087,088,102,128,161,189,211,224,223,211,195,180,170,170
MA11,1978/07/22,181,199,220,236,242,239,219,190,155,123,102,093,099,120,148,178,204,221,227,220,204,189,173,162
MA11,1978/07/23,169,181,198,223,235,239,235,211,183,151,124,108,107,117,140,166,194,215,224,224,213,197,176,162
MA11,1978/07/24,156,162,177,194,215,229,228,220,200,174,148,129,118,123,139,160,186,206,222,230,222,206,188,169
MA11,1978/07/25,157,154,159,174,194,209,219,219,207,190,170,151,140,136,144,161,182,202,219,228,228,220,203,184
MA11,1978/07/26,166,157,154,162,174,190,204,212,208,202,188,174,161,152,154,164,179,197,214,226,230,226,214,197
MA11,1978/07/27,178,164,154,150,155,169,178,188,197,195,190,183,173,166,164,165,178,188,203,218,224,224,218,204
MA11,1978/07/28,188,172,157,144,141,148,157,168,178,182,184,182,178,175,172,171,176,182,192,204,214,220,219,212
MA11,1978/07/29,201,186,169,154,143,140,143,148,158,168,177,182,186,188,186,185,186,188,190,200,209,218,222,218
MA11,1978/07/30,215,204,189,174,158,144,138,138,145,155,168,180,192,198,200,200,198,196,194,198,204,212,221,224
MA11,1978/07/31,224,219,208,191,171,153,137,128,128,138,153,170,185,197,207,207,204,200,193,190,193,201,209,218
MA11,1978/08/01,227,228,224,210,190,168,147,133,127,130,145,164,183,202,215,221,221,214,207,199,196,199,207,220
MA11,1978/08/02,234,240,241,233,216,195,170,146,132,128,136,154,175,197,216,228,230,225,215,203,196,192,195,207
MA11,1978/08/03,222,236,243,238,229,210,182,156,133,120,122,136,158,184,211,228,235,232,222,210,196,188,188,195
MA11,1978/08/04,210,226,240,244,237,223,198,170,144,124,116,126,142,167,195,217,229,232,222,207,193,180,174,178
MA11,1978/08/05,189,207,226,236,236,228,208,179,153,127,113,114,127,151,178,202,222,230,224,212,195,179,170,168
MA11,1978/08/06,177,194,214,229,238,236,224,200,170,146,125,117,125,144,170,198,220,233,233,223,206,188,173,165
MA11,1978/08/07,169,182,201,220,232,238,234,213,188,163,142,130,129,141,164,171,217,234,239,232,217,200,180,168
MA11,1978/08/08,168,174,190,208,225,236,237,225,205,182,160,143,137,144,160,183,208,227,236,235,222,204,185,170
MA11,1978/08/09,164,165,175,191,208,223,231,227,214,194,174,157,148,148,157,176,196,217,230,232,227,212,191,175
MA11,1978/08/10,162,156,161,173,188,202,215,220,215,202,186,172,160,157,162,174,191,209,224,232,230,220,201,183
MA11,1978/08/11,168,157,154,156,168,181,194,203,208,203,194,181,172,167,167,175,187,202,216,226,230,223,210,192
MA11,1978/08/12,177,161,151,148,152,162,173,182,192,197,196,192,189,184,180,183,189,200,211,223,231,229,221,207
MA11,1978/08/13,192,177,162,151,146,149,156,167,177,188,195,199,201,200,199,197,196,199,207,218,226,232,232,224
MA11,1978/08/14,213,197,179,163,150,142,142,146,156,170,183,194,205,209,211,210,205,202,203,208,216,226,231,232
MA11,1978/08/15,228,215,200,179,158,144,133,127,133,145,161,181,200,212,220,220,214,208,201,200,205,213,223,233
MA11,1978/08/16,236,236,226,205,182,160,137,124,119,124,141,163,187,207,225,230,230,219,208,200,198,203,215,229
MA11,1978/08/17,242,251,250,238,216,192,164,137,123,121,130,150,174,202,225,240,242,236,220,207,196,193,198,212
MA11,1978/08/18,230,246,256,256,240,216,184,155,130,117,117,130,155,182,210,231,241,237,225,206,189,178,176,186
MA11,1978/08/19,204,227,245,254,250,236,209,174,146,124,113,118,137,165,194,218,235,239,229,211,193,174,162,164
MA11,1978/08/20,179,202,226,243,251,246,226,198,167,139,121,117,132,154,181,210,233,242,237,222,202,180,162,154
MA11,1978/08/21,162,180,205,229,246,249,240,220,192,165,144,132,136,152,177,205,229,244,244,234,216,191,167,153
MA11,1978/08/22,151,161,183,204,227,242,244,232,211,187,166,153,150,159,180,202,227,244,250,244,228,206,183,162
MA11,1978/08/23,152,154,168,186,206,226,235,232,220,203,186,169,161,166,179,198,220,238,249,252,241,223,199,176
MA11,1978/08/24,162,156,160,173,194,211,225,229,225,214,200,186,177,174,179,193,210,228,238,242,239,226,205,185
MA11,1978/08/25,168,151,149,152,161,177,193,204,207,205,198,189,182,178,179,187,199,211,224,233,234,228,215,197
MA11,1978/08/26,180,165,154,149,152,158,170,180,189,195,193,191,188,185,184,188,194,203,211,220,225,224,214,204
MA11,1978/08/27,191,174,162,150,143,146,153,162,172,180,186,191,191,191,191,191,192,197,200,207,215,216,216,212
MA11,1978/08/28,201,190,177,160,149,142,142,146,155,164,180,189,195,200,202,200,200,197,196,202,206,212,216,219
MA11,1978/08/29,217,211,200,184,168,155,146,142,147,159,173,188,203,212,215,216,212,205,200,199,202,207,214,223
MA11,1978/08/30,228,227,221,207,189,172,155,142,140,147,160,180,199,213,223,226,223,215,203,197,196,199,206,218
MA11,1978/08/31,231,238,235,225,209,187,167,148,137,140,151,170,193,211,226,234,230,220,208,194,189,187,193,208
MA11,1978/09/01,224,236,244,240,227,207,184,158,140,138,144,160,185,207,226,240,239,229,216,200,185,180,182,192
MA11,1978/09/02,211,226,240,244,235,219,193,165,144,129,128,140,160,185,211,226,233,226,209,192,176,164,161,170
MA11,1978/09/03,185,206,227,238,237,226,205,178,153,131,124,132,150,177,202,225,236,233,220,202,181,166,158,161
MA11,1978/09/04,176,198,220,237,245,241,223,199,171,149,132,134,149,169,196,222,238,239,229,211,190,169,154,153
MA11,1978/09/05,162,170,205,228,242,246,238,215,192,169,150,144,151,167,194,218,238,246,239,223,203,175,160,155
MA11,1978/09/06,150,167,191,210,230,244,239,227,207,184,168,156,154,168,188,212,234,243,244,233,212,187,164,148
MA11,1978/09/07,145,154,167,189,211,226,234,227,213,196,179,164,160,164,179,201,223,235,240,235,217,195,171,150
MA11,1978/09/08,141,140,149,165,185,204,218,220,215,203,188,176,169,168,177,193,212,228,237,236,227,206,184,164
MA11,1978/09/09,147,141,142,150,166,184,201,208,212,208,200,192,184,181,184,193,208,224,234,239,237,221,203,184
MA11,1978/09/10,165,153,149,148,156,172,186,200,208,212,212,208,204,200,200,203,213,222,231,240,241,233,220,203
MA11,1978/09/11,185,168,155,147,146,154,164,175,188,199,205,208,210,207,204,204,207,210,216,224,229,228,224,215
MA11,1978/09/12,201,185,169,152,143,140,142,149,159,171,185,198,207,210,212,209,204,201,202,206,212,218,222,222
MA11,1978/09/13,217,207,191,174,156,144,138,135,140,154,170,188,201,209,214,215,208,199,191,187,192,197,206,216
MA11,1978/09/14,220,220,212,193,176,153,135,125,122,128,146,166,186,206,216,220,216,203,187,179,175,177,188,205
MA11,1978/09/15,217,226,228,218,199,176,150,130,120,120,132,151,176,200,219,226,225,213,196,180,170,167,175,192
MA11,1978/09/16,212,232,244,246,234,213,186,159,141,134,140,157,182,208,232,250,252,243,223,200,180,169,169,183
MA11,1978/09/17,205,230,251,261,258,244,220,190,165,149,142,152,176,198,225,246,251,245,228,204,178,157,146,152
MA11,1978/09/18,173,198,225,243,250,246,229,201,174,153,141,142,158,179,205,230,242,242,229,204,177,151,133,131
MA11,1978/09/19,142,164,193,219,236,242,233,213,190,166,151,146,152,172,197,223,238,243,234,215,191,160,138,130
MA11,1978/09/20,131,145,170,198,219,235,236,225,205,182,168,158,160,172,192,216,234,244,241,228,206,177,152,132
MA11,1978/09/21,127,136,150,178,202,219,230,226,212,197,181,168,166,173,187,210,229,238,240,234,216,193,167,145
MA11,1978/09/22,133,132,140,158,178,199,213,218,214,203,192,181,174,176,184,200,217,228,235,234,222,203,181,160
MA11,1978/09/23,145,138,138,146,163,182,197,208,209,206,200,193,187,184,189,200,211,223,232,234,230,216,199,180
MA11,1978/09/24,165,153,146,149,157,172,185,196,204,207,205,202,198,192,193,199,206,211,219,223,223,216,205,190
MA11,1978/09/25,176,162,152,148,146,154,164,175,185,195,198,199,198,198,196,197,199,201,206,210,213,213,207,199
MA11,1978/09/26,190,177,166,155,148,146,150,159,170,182,191,198,202,204,202,200,198,196,194,196,200,204,205,204
MA11,1978/09/27,200,192,182,167,155,145,141,144,152,164,179,191,199,203,203,202,195,188,182,180,181,187,194,198
MA11,1978/09/28,202,200,194,180,166,152,143,137,140,150,165,184,197,206,212,209,202,190,179,174,172,175,187,198
MA11,1978/09/29,206,212,211,200,186,167,150,139,135,141,157,176,194,209,220,223,215,201,188,175,165,172,182,194
MA11,1978/09/30,212,223,228,227,212,193,173,155,143,143,152,172,194,210,226,232,223,209,191,170,161,156,160,177
MA11,1978/10/01,193,214,226,228,221,202,183,161,143,135,142,158,180,213,222,232,229,215,194,173,155,145,146,157
MA11,1978/10/02,178,203,222,234,234,222,202,176,155,143,140,151,172,195,218,235,235,223,203,177,154,138,133,139
MA11,1978/10/03,158,184,209,229,235,232,216,192,171,152,144,149,165,187,215,234,243,236,216,192,167,145,133,134
MA11,1978/10/04,148,170,198,222,240,244,234,216,195,173,160,159,170,187,213,235,248,246,231,207,179,152,135,126
MA11,1978/10/05,134,154,179,204,228,240,238,229,209,188,173,166,168,184,206,227,243,249,239,221,194,163,141,127
MA11,1978/10/06,124,138,159,183,209,230,239,235,223,206,189,180,176,185,202,222,239,248,246,234,210,182,156,134
MA11,1978/10/07,124,126,139,159,182,205,219,224,222,211,196,186,180,182,190,209,224,232,238,231,210,187,164,139
MA11,1978/10/08,125,120,123,138,157,176,194,206,209,207,199,190,184,181,186,196,208,219,226,225,215,201,177,155
MA11,1978/10/09,137,125,122,128,140,156,172,187,199,204,204,202,198,194,192,197,204,212,222,226,222,215,201,182
MA11,1978/10/10,167,151,140,136,137,145,157,171,186,200,208,211,212,207,204,203,204,205,210,216,221,221,215,204
MA11,1978/10/11,192,178,164,153,146,144,148,158,168,184,198,207,214,216,213,209,201,196,194,197,204,210,214,215
MA11,1978/10/12,210,203,188,173,160,150,144,147,156,170,188,206,216,223,226,219,208,196,185,182,184,194,204,211
MA11,1978/10/13,216,219,212,196,179,162,148,142,144,154,171,189,205,217,224,219,204,184,168,157,154,162,174,190
MA11,1978/10/14,206,216,217,209,193,176,157,143,138,143,157,178,198,216,229,230,215,196,173,154,142,141,152,173
MA11,1978/10/15,195,216,229,231,222,201,178,158,146,142,153,171,195,216,233,242,234,214,190,165,146,138,145,163
MA11,1978/10/16,189,216,236,249,248,234,213,188,173,162,162,179,196,218,241,252,246,229,204,174,146,130,124,136
MA11,1978/10/17,158,185,211,231,240,234,215,194,174,158,154,161,177,200,223,240,242,230,207,177,147,123,111,113
MA11,1978/10/18,130,158,188,213,232,236,225,209,190,170,161,162,173,192,217,238,244,240,223,194,165,138,118,110
MA11,1978/10/19,117,142,169,195,218,232,231,218,203,186,173,170,174,188,210,230,243,244,232,210,183,155,131,117
MA11,1978/10/20,117,130,155,180,206,225,232,229,218,201,189,184,182,191,210,228,244,250,243,228,204,177,153,133
MA11,1978/10/21,126,131,147,169,192,215,229,231,224,213,200,193,189,190,203,219,230,238,239,227,210,187,161,142
MA11,1978/10/22,131,126,132,147,166,187,201,211,212,205,195,187,182,180,187,198,207,216,220,217,205,190,171,151
MA11,1978/10/23,135,128,124,133,147,163,182,194,200,201,194,187,182,181,183,188,194,202,208,209,206,195,180,166
MA11,1978/10/24,152,141,135,134,144,156,168,182,194,198,200,199,194,191,192,192,194,197,200,204,204,199,191,182
MA11,1978/10/25,173,162,154,147,148,154,160,171,185,194,201,206,204,202,200,196,191,189,188,191,196,198,197,191
MA11,1978/10/26,186,179,169,159,153,149,152,160,171,185,196,204,208,207,204,199,189,180,178,178,178,185,192,193
MA11,1978/10/27,196,193,183,173,163,153,150,154,161,176,191,205,216,222,220,211,200,188,179,174,176,186,196,206
MA11,1978/10/28,218,220,216,206,190,178,166,160,164,174,189,207,220,228,229,220,205,188,172,160,156,164,174,190
MA11,1978/10/29,207,218,222,218,206,190,176,162,158,168,181,203,221,234,243,238,220,198,176,156,145,141,153,169
MA11,1978/10/30,188,204,216,221,209,190,174,158,146,144,154,173,192,209,221,221,206,184,156,133,116,109,114,133
MA11,1978/10/31,157,180,202,213,214,200,178,160,146,138,147,163,180,202,220,228,218,198,170,144,120,106,108,121
MA11,1978/11/01,144,176,201,220,228,222,206,188,170,158,158,167,184,207,228,237,237,218,193,162,132,114,106,111
MA11,1978/11/02,133,160,188,216,231,235,227,211,192,177,168,171,186,205,227,244,247,237,213,183,151,124,106,103
MA11,1978/11/03,117,141,170,196,222,234,235,224,209,189,178,175,179,196,218,235,243,240,222,193,162,130,108,096
MA11,1978/11/04,098,113,139,166,191,211,220,217,208,195,181,174,172,181,199,216,229,232,223,201,173,143,116,097
MA11,1978/11/05,091,096,113,136,162,185,201,208,205,195,185,176,172,174,186,202,216,222,222,210,189,164,136,113
MA11,1978/11/06,101,097,106,123,144,168,187,199,205,203,196,189,180,178,186,195,204,216,218,215,203,184,164,143
MA11,1978/11/07,125,115,112,119,135,153,171,187,198,203,202,197,190,186,185,188,194,200,206,209,203,195,182,164
MA11,1978/11/08,149,135,126,125,131,141,157,172,186,196,202,204,199,195,190,185,184,186,192,198,200,200,196,186
MA11,1978/11/09,176,163,150,142,140,143,153,168,182,194,205,211,211,208,198,184,177,172,168,173,182,188,192,192
MA11,1978/11/10,188,178,168,154,146,142,140,151,164,177,191,204,207,208,202,188,173,160,153,151,154,167,180,187
MA11,1978/11/11,194,195,187,177,164,151,146,148,155,167,185,198,207,212,208,197,181,161,144,136,134,145,163,177
MA11,1978/11/12,193,202,202,194,183,166,155,149,150,160,173,190,205,214,218,208,188,164,140,123,116,119,134,155
MA11,1978/11/13,178,196,208,207,199,187,171,160,157,157,171,190,206,224,230,224,209,185,156,132,117,114,124,145
MA11,1978/11/14,173,196,216,226,224,212,198,181,169,164,171,184,200,220,234,233,222,200,168,138,114,101,103,119
MA11,1978/11/15,145,175,201,219,228,222,211,195,180,173,173,185,202,223,239,245,237,218,189,155,127,106,096,104
MA11,1978/11/16,124,151,181,206,218,222,214,200,185,172,166,172,182,200,221,230,232,221,196,168,136,108,095,092
MA11,1978/11/17,106,133,159,186,210,220,221,212,197,182,175,174,181,198,218,231,240,233,216,188,159,131,110,101
MA11,1978/11/18,105,122,149,175,200,217,220,217,204,191,180,176,179,189,207,221,233,233,221,200,173,148,122,106
MA11,1978/11/19,105,116,136,162,189,210,224,226,217,207,197,187,186,194,206,219,231,236,232,217,197,173,149,126
MA11,1978/11/20,118,119,134,153,174,196,215,222,219,210,200,190,184,185,190,203,213,219,221,214,198,180,160,139
MA11,1978/11/21,127,124,128,140,159,179,197,208,212,209,200,192,184,180,185,191,198,207,212,209,201,188,171,156
MA11,1978/11/22,142,132,132,139,151,170,186,201,210,210,208,201,192,187,186,186,192,196,199,202,200,193,183,172
MA11,1978/11/23,159,148,144,143,147,157,173,186,198,204,204,202,195,188,185,181,179,179,182,186,189,188,184,178
MA11,1978/11/24,169,160,152,147,145,149,160,175,188,198,206,207,204,198,189,179,173,169,168,171,174,180,184,183
MA11,1978/11/25,180,174,165,158,152,150,154,165,176,189,202,207,207,203,194,183,171,160,154,154,158,167,176,182
MA11,1978/11/26,188,188,185,176,166,160,157,160,170,181,198,210,211,213,206,191,177,159,145,140,142,149,164,180
MA11,1978/11/27,191,203,205,198,188,177,169,168,172,182,197,214,224,230,226,212,197,174,151,142,137,142,160,180
MA11,1978/11/28,200,218,229,229,220,208,196,186,184,192,204,222,239,248,249,241,220,194,165,144,135,135,144,166
MA11,1978/11/29,189,215,236,244,240,231,215,200,192,192,200,216,234,248,255,251,232,205,174,145,122,111,118,135
MA11,1978/11/30,159,188,216,232,238,232,217,201,188,179,180,191,207,226,239,241,228,203,171,138,109,087,082,094
MA11,1978/12/01,114,145,176,198,217,221,212,200,183,170,168,173,188,206,225,235,232,214,184,149,116,091,078,080
MA11,1978/12/02,096,123,155,183,210,223,225,215,199,185,176,174,181,198,214,231,240,229,207,179,141,112,091,082
MA11,1978/12/03,088,108,134,164,190,210,218,218,206,194,182,173,175,187,203,220,232,230,218,193,161,132,106,088
MA11,1978/12/04,082,094,115,142,168,193,209,215,214,203,194,185,182,188,204,219,237,248,244,231,209,181,154,132
MA11,1978/12/05,118,114,124,141,163,187,210,222,224,220,211,195,187,185,188,198,209,218,225,220,205,186,161,140
MA11,1978/12/06,122,112,116,127,143,165,184,201,209,210,206,194,184,177,173,177,185,192,203,206,200,189,174,154
MA11,1978/12/07,136,124,118,121,129,147,165,182,197,202,204,196,188,179,170,166,166,169,179,188,191,190,186,174
MA11,1978/12/08,162,150,140,137,140,147,160,176,191,201,208,207,200,189,180,165,157,152,156,163,170,176,181,182
MA11,1978/12/09,176,170,160,151,147,149,158,169,183,196,204,210,210,202,188,174,159,148,142,146,152,165,176,183
MA11,1978/12/10,189,190,187,180,173,169,170,176,188,202,215,223,226,224,211,194,177,157,142,137,139,147,162,179
MA11,1978/12/11,194,204,206,200,190,181,175,174,178,188,202,215,222,222,215,196,175,150,127,114,111,116,129,148
MA11,1978/12/12,170,186,198,198,191,183,174,167,166,171,184,198,209,218,216,205,188,159,133,110,094,096,106,125
MA11,1978/12/13,148,173,189,199,197,189,181,171,164,168,176,190,205,217,222,218,202,177,146,118,098,091,095,109
MA11,1978/12/14,135,165,188,205,212,210,200,190,182,174,180,190,205,224,236,239,230,208,180,149,121,105,102,110
MA11,1978/12/15,131,163,190,213,227,232,223,209,198,188,186,192,202,221,238,246,241,224,197,166,136,112,099,099
MA11,1978/12/16,114,138,167,192,212,220,219,209,196,184,178,177,185,201,220,233,236,226,206,179,149,122,103,095
MA11,1978/12/17,102,122,148,176,200,214,220,215,203,193,184,178,182,194,209,228,238,234,220,196,167,140,114,100
MA11,1978/12/18,102,113,135,162,184,204,216,215,204,195,181,170,174,182,193,211,222,224,218,200,177,152,127,109
MA11,1978/12/19,102,106,123,149,172,196,212,216,209,200,186,178,170,174,185,198,211,220,219,210,192,169,146,128
MA11,1978/12/20,116,117,126,144,164,186,205,216,216,207,196,186,178,176,179,189,198,208,210,206,196,180,158,141
MA11,1978/12/21,128,120,126,138,156,176,196,207,212,208,198,187,178,172,171,176,182,189,195,198,192,183,169,155
MA11,1978/12/22,139,130,130,134,144,162,179,194,202,205,200,188,178,170,163,161,163,168,174,181,182,178,172,161
MA11,1978/12/23,150,144,141,141,148,157,174,187,202,210,211,205,195,184,177,170,166,168,172,177,183,186,188,186
MA11,1978/12/24,183,177,170,165,166,173,184,194,207,217,223,220,211,201,187,175,164,156,151,156,161,168,176,179
MA11,1978/12/25,181,180,174,166,161,160,164,171,184,194,204,208,204,195,181,167,152,136,128,128,131,141,155,166
MA11,1978/12/26,178,184,182,177,170,164,162,165,172,184,201,208,209,207,196,180,157,138,122,112,112,118,133,152
MA11,1978/12/27,170,184,192,190,184,177,170,166,171,180,192,204,214,216,212,197,177,151,126,109,102,104,118,140
MA11,1978/12/28,164,187,206,214,214,209,198,190,182,186,195,209,222,230,230,221,204,175,144,120,098,092,100,117
MA11,1978/12/29,143,172,200,215,221,218,210,195,186,186,192,203,217,232,242,242,229,200,167,136,108,091,088,100
MA11,1978/12/30,121,152,182,203,218,223,215,202,189,181,176,182,196,213,230,238,232,211,182,146,112,084,072,075
MA11,1978/12/31,090,119,149,179,204,216,218,210,196,184,174,172,183,201,221,236,238,227,202,170,135,104,079,071
