MA11,1994/01/01,105,119,144,173,200,221,230,228,216,201,187,175,172,181,198,216,230,235,229,213,189,160,132,112
MA11,1994/01/02,104,109,128,153,179,203,219,222,215,203,186,171,164,167,179,195,212,224,228,221,205,183,157,134
MA11,1994/01/03,120,119,130,149,172,196,215,224,222,213,196,180,167,162,167,180,195,209,218,219,214,201,182,162
MA11,1994/01/04,146,139,141,151,169,192,211,223,226,219,206,190,176,166,160,163,173,184,193,200,203,199,191,179
MA11,1994/01/05,166,157,153,157,168,185,202,216,223,221,211,196,177,161,150,145,147,153,163,173,181,186,186,181
MA11,1994/01/06,175,170,167,165,169,183,199,212,223,229,225,215,201,184,170,158,150,148,153,160,172,182,190,195
MA11,1994/01/07,198,198,195,192,192,197,206,214,223,230,229,222,211,195,177,158,141,130,125,126,135,149,162,175
MA11,1994/01/08,186,194,198,195,191,192,194,199,208,217,224,225,220,210,196,177,156,137,121,114,116,125,139,157
MA11,1994/01/09,175,192,202,205,203,201,198,198,202,210,219,226,228,226,218,201,177,150,126,110,102,105,116,134
MA11,1994/01/10,157,180,196,205,206,203,197,190,188,193,202,212,221,228,226,215,195,166,136,112,095,088,094,110
MA11,1994/01/11,134,161,186,202,210,210,202,194,187,185,191,201,215,229,237,236,223,197,166,135,110,097,094,103
MA11,1994/01/12,124,153,181,203,216,220,215,204,192,184,183,190,203,220,236,242,236,218,190,157,126,103,093,095
MA11,1994/01/13,111,138,167,192,212,222,220,209,195,183,176,177,187,204,224,239,243,232,210,181,148,121,104,098
MA11,1994/01/14,108,131,159,186,209,224,227,219,205,190,179,173,178,194,215,235,246,245,231,205,175,146,122,110
MA11,1994/01/15,113,129,152,179,203,220,227,222,208,192,176,163,162,170,187,207,222,227,221,203,179,152,127,111
MA11,1994/01/16,107,116,135,159,184,205,216,214,205,189,172,157,149,152,164,183,201,213,214,204,187,164,142,125
MA11,1994/01/17,116,120,133,154,178,200,215,220,215,203,187,170,157,154,161,175,193,207,215,215,207,194,176,159
MA11,1994/01/18,148,148,156,170,189,209,224,230,227,218,202,183,169,160,158,165,177,191,202,207,205,196,184,171
MA11,1994/01/19,160,156,160,169,184,202,216,225,227,221,209,193,177,163,156,156,162,171,182,190,192,191,185,176
MA11,1994/01/20,169,165,165,171,181,195,210,221,225,224,216,202,187,173,162,156,155,158,166,174,181,185,186,184
MA11,1994/01/21,181,180,180,182,188,199,210,219,225,228,224,215,202,188,174,163,156,152,154,160,167,176,183,186
MA11,1994/01/22,189,192,193,194,196,200,208,214,219,224,225,220,210,199,185,171,157,146,141,142,148,157,168,178
MA11,1994/01/23,186,194,198,198,197,198,200,204,210,217,222,223,220,215,205,188,169,149,135,130,132,140,153,167
MA11,1994/01/24,181,195,203,205,203,199,196,196,197,202,210,215,215,213,205,191,172,148,127,112,106,111,123,140
MA11,1994/01/25,161,181,196,204,205,203,197,191,188,192,199,208,216,221,221,212,192,167,140,117,102,098,104,122
MA11,1994/01/26,145,170,192,206,211,208,201,192,184,182,188,198,210,223,231,228,216,193,164,135,112,101,103,116
MA11,1994/01/27,139,168,194,213,222,223,215,202,190,182,181,188,200,217,231,237,230,211,181,148,117,095,087,092
MA11,1994/01/28,112,141,170,194,211,217,211,197,182,170,165,169,182,200,220,235,238,228,205,175,142,115,100,097
MA11,1994/01/29,111,139,172,200,223,235,235,223,204,187,176,173,179,195,217,237,248,246,230,204,172,141,117,105
MA11,1994/01/30,109,127,154,183,209,226,228,218,200,180,161,152,153,164,185,207,223,230,226,208,182,153,125,108
MA11,1994/01/31,105,114,137,164,189,210,219,213,198,177,155,139,131,135,151,173,194,208,213,207,192,171,148,129
MA11,1994/02/01,121,125,140,163,190,213,227,228,218,200,179,160,146,143,152,170,190,209,222,226,221,209,190,172
MA11,1994/02/02,161,158,166,182,201,222,237,241,234,219,198,176,156,144,142,149,162,177,190,200,205,201,191,181
MA11,1994/02/03,172,168,171,181,196,215,231,240,239,231,215,194,172,154,144,143,148,157,168,179,187,192,192,189
MA11,1994/02/04,186,183,181,184,193,208,221,231,235,232,222,207,188,168,152,144,139,141,146,155,165,175,181,185
MA11,1994/02/05,189,189,189,190,193,201,211,219,225,227,223,215,201,185,168,151,139,132,130,132,139,150,161,172
MA11,1994/02/06,183,191,194,196,196,198,203,207,213,218,221,220,214,203,189,172,153,137,125,120,123,132,145,161
MA11,1994/02/07,177,192,202,204,204,202,201,202,206,211,218,225,227,224,217,203,183,161,140,126,119,122,133,151
MA11,1994/02/08,170,190,205,212,211,206,199,193,190,193,201,210,219,225,225,216,197,172,146,125,112,109,116,133
MA11,1994/02/09,158,184,207,222,227,224,216,205,197,196,202,214,229,243,251,249,236,214,185,159,140,129,129,142
MA11,1994/02/10,163,189,214,231,239,238,227,212,198,189,190,200,215,233,249,254,246,227,200,169,141,122,113,118
MA11,1994/02/11,136,160,186,208,221,223,214,197,179,166,159,163,176,195,216,230,233,224,203,175,146,123,110,110
MA11,1994/02/12,124,147,175,200,218,226,221,209,190,171,160,160,170,188,213,235,247,247,233,210,184,158,141,136
MA11,1994/02/13,143,161,186,210,230,241,240,227,207,184,167,158,159,172,194,217,235,241,234,217,193,169,148,136
MA11,1994/02/14,138,151,172,196,219,234,237,227,208,185,166,152,147,155,172,195,216,228,229,219,200,178,158,145
MA11,1994/02/15,142,150,168,189,211,228,236,231,215,194,173,155,144,144,156,175,195,212,219,216,205,188,170,157
MA11,1994/02/16,152,155,169,188,207,224,234,233,222,204,182,164,149,143,148,162,177,193,204,207,201,191,177,164
MA11,1994/02/17,158,159,166,180,197,212,223,227,219,204,185,165,148,138,136,142,155,169,181,188,188,184,175,166
MA11,1994/02/18,161,160,163,173,187,201,213,218,215,206,191,174,157,144,137,137,142,150,162,172,178,180,178,172
MA11,1994/02/19,169,170,173,178,188,198,208,215,216,210,200,187,171,156,146,139,138,140,147,156,164,171,175,176
MA11,1994/02/20,176,178,180,182,188,195,203,209,211,210,205,198,186,173,161,150,141,137,139,143,152,163,172,180
MA11,1994/02/21,187,193,197,199,202,206,212,217,222,226,228,228,224,215,206,195,183,174,168,166,172,183,196,209
MA11,1994/02/22,222,230,233,231,228,226,223,222,224,227,230,234,234,228,219,204,184,165,148,136,135,143,155,172
MA11,1994/02/23,191,206,216,221,219,214,208,202,200,203,209,217,223,226,224,215,197,173,150,132,122,122,133,152
MA11,1994/02/24,176,199,215,222,223,216,206,195,188,186,192,203,216,227,233,230,215,192,164,137,118,112,117,133
MA11,1994/02/25,158,184,207,220,223,216,202,187,173,165,168,179,196,214,229,235,229,210,182,150,123,106,102,112
MA11,1994/02/26,135,163,190,210,218,214,201,181,161,147,144,153,170,192,215,231,235,224,201,170,140,116,104,107
MA11,1994/02/27,125,152,182,207,221,223,211,190,166,144,133,134,146,168,195,218,231,233,218,192,163,135,116,111
MA11,1994/02/28,120,142,170,197,217,224,217,197,170,144,126,118,123,140,165,193,214,225,223,208,186,160,138,127
MA11,1994/03/01,129,145,169,195,218,231,230,216,190,161,137,121,116,125,145,171,196,214,221,216,202,182,161,145
MA11,1994/03/02,142,149,166,189,212,229,234,224,204,178,150,128,115,114,126,145,168,188,201,206,201,189,174,161
MA11,1994/03/03,154,156,168,186,206,223,232,229,215,192,167,143,124,115,119,132,148,166,183,194,198,195,187,178
MA11,1994/03/04,171,170,176,188,203,219,231,234,228,213,193,172,152,136,130,133,141,153,166,178,186,189,189,186
MA11,1994/03/05,182,182,184,189,199,212,222,229,228,219,206,188,168,151,138,132,131,135,142,151,161,170,177,179
MA11,1994/03/06,182,183,183,183,187,193,201,208,210,209,203,192,177,161,146,134,125,120,121,125,134,145,155,164
MA11,1994/03/07,173,178,180,180,180,181,183,186,190,193,193,192,185,175,162,147,133,122,114,112,116,127,140,154
MA11,1994/03/08,168,180,185,186,184,180,176,176,179,183,190,197,199,198,192,180,163,146,133,125,122,129,141,157
MA11,1994/03/09,176,193,203,205,202,195,186,179,176,180,189,201,211,217,217,209,194,174,153,137,127,126,135,152
MA11,1994/03/10,173,193,208,214,212,203,190,177,168,165,172,185,199,212,220,219,208,188,164,141,126,119,122,135
MA11,1994/03/11,156,179,197,208,210,202,187,169,153,145,147,159,177,197,213,222,218,202,177,153,133,120,119,129
MA11,1994/03/12,148,172,195,209,216,210,193,173,152,137,136,144,161,185,208,223,226,218,201,177,153,136,128,132
MA11,1994/03/13,148,171,194,213,222,219,206,184,160,140,131,134,148,170,195,216,227,224,210,188,165,145,132,133
MA11,1994/03/14,145,165,188,209,222,223,212,192,166,142,127,123,131,150,176,200,216,221,214,196,174,154,139,135
MA11,1994/03/15,142,158,178,199,214,220,214,195,169,144,124,114,115,129,152,178,198,209,209,197,179,160,143,135
MA11,1994/03/16,139,151,170,190,207,215,213,200,178,152,129,114,111,119,136,160,182,199,207,203,191,176,161,152
MA11,1994/03/17,152,160,176,195,212,223,224,215,196,171,148,129,118,118,129,147,168,186,197,199,192,179,166,157
MA11,1994/03/18,153,157,167,181,197,210,214,210,195,173,152,132,117,112,117,130,146,164,178,186,186,181,171,163
MA11,1994/03/19,159,161,167,178,192,204,211,212,203,186,167,148,131,121,120,127,138,153,168,180,186,186,182,177
MA11,1994/03/20,173,174,177,184,193,202,210,213,209,198,184,167,151,137,129,128,131,139,150,161,171,177,180,180
MA11,1994/03/21,179,178,178,180,185,191,197,202,202,197,190,179,164,150,138,129,125,125,130,139,150,160,168,173
MA11,1994/03/22,176,177,176,175,176,177,179,183,185,184,184,180,171,160,147,135,125,117,115,119,129,142,155,168
MA11,1994/03/23,178,184,186,183,180,177,176,177,180,184,190,194,194,189,181,169,153,139,129,126,132,145,161,179
MA11,1994/03/24,197,209,214,214,209,202,196,191,190,194,203,212,219,221,217,206,188,167,148,136,132,138,152,172
MA11,1994/03/25,193,208,217,219,211,198,185,173,167,168,178,194,208,217,222,218,202,180,156,134,122,119,128,148
MA11,1994/03/26,171,191,206,210,203,190,170,150,137,133,139,156,177,198,213,218,212,194,167,141,122,113,116,132
MA11,1994/03/27,157,183,204,213,211,198,176,151,129,116,116,129,150,176,200,217,222,211,190,165,142,125,122,131
MA11,1994/03/28,152,178,202,218,222,212,190,161,133,112,104,109,129,156,186,212,228,229,217,196,172,152,140,141
MA11,1994/03/29,155,178,202,222,230,226,208,178,146,118,099,094,104,125,153,183,206,217,214,202,183,162,146,141
MA11,1994/03/30,148,166,190,211,225,228,216,192,161,129,105,091,091,105,130,159,187,206,214,211,200,184,169,160
MA11,1994/03/31,161,172,192,213,231,241,236,218,191,160,130,108,098,102,116,138,164,185,198,202,198,188,176,166
MA11,1994/04/01,163,168,181,198,215,227,229,219,199,173,145,120,104,099,106,122,143,164,182,194,197,195,189,183
MA11,1994/04/02,179,180,187,199,214,228,237,235,224,206,184,161,142,130,127,133,146,161,177,192,202,207,206,202
MA11,1994/04/03,197,195,198,202,208,218,228,230,225,216,199,179,161,144,135,131,133,141,153,165,178,185,187,190
MA11,1994/04/04,190,188,186,185,187,193,200,204,205,201,195,184,170,157,145,136,132,132,137,146,158,169,178,186
MA11,1994/04/05,191,193,191,188,185,185,187,190,194,198,199,197,192,183,171,159,148,141,139,142,149,160,172,184
MA11,1994/04/06,193,198,197,191,184,178,173,171,174,180,189,195,197,196,188,177,163,149,140,137,140,150,164,180
MA11,1994/04/07,194,204,206,202,193,181,171,165,165,172,184,197,209,215,215,209,196,180,166,157,155,159,171,187
MA11,1994/04/08,203,215,220,216,205,190,174,159,152,155,165,180,197,211,217,214,204,188,170,155,147,147,156,172
MA11,1994/04/09,190,206,217,217,208,193,172,152,139,134,141,156,175,195,210,215,210,197,178,160,147,140,144,158
MA11,1994/04/10,177,196,210,214,209,194,171,147,128,116,117,130,151,174,195,208,211,201,185,166,149,138,138,147
MA11,1994/04/11,164,185,202,212,211,199,179,153,126,110,106,113,132,157,183,203,213,210,198,181,163,150,143,149
MA11,1994/04/12,164,184,204,217,219,212,194,168,142,121,110,113,128,153,182,208,225,229,221,209,193,177,168,168
MA11,1994/04/13,179,197,215,231,238,234,218,194,164,138,120,114,120,139,164,190,211,222,221,212,198,183,171,167
MA11,1994/04/14,172,185,202,217,227,229,219,198,171,143,122,110,109,121,142,167,191,207,212,208,197,184,172,164
MA11,1994/04/15,165,174,188,203,215,220,215,199,175,148,124,106,100,104,119,142,166,185,197,200,195,184,172,164
MA11,1994/04/16,162,166,177,191,204,212,212,201,181,158,135,115,103,101,111,128,149,170,185,193,194,188,178,171
MA11,1994/04/17,168,170,177,188,200,211,215,209,196,177,157,137,123,117,118,127,141,158,174,187,192,189,181,176
MA11,1994/04/18,173,171,174,181,188,198,204,204,196,183,166,147,131,119,115,117,126,139,155,170,180,186,186,184
MA11,1994/04/19,181,180,179,182,187,194,200,202,200,195,186,172,158,145,135,130,131,137,148,161,174,183,188,190
MA11,1994/04/20,188,185,181,177,176,177,181,185,186,187,184,178,169,158,145,136,129,128,132,143,156,169,181,188
MA11,1994/04/21,191,190,186,179,172,168,166,168,172,177,182,185,183,176,166,153,141,132,128,132,143,157,173,186
MA11,1994/04/22,195,198,195,185,174,163,156,153,155,163,175,186,193,194,190,179,164,149,136,132,136,147,163,180
MA11,1994/04/23,195,202,202,193,177,160,145,135,132,138,151,169,186,198,204,200,187,170,153,141,139,145,160,180
MA11,1994/04/24,199,213,218,212,196,175,153,134,122,122,134,153,176,199,215,220,216,202,181,164,153,151,159,176
MA11,1994/04/25,197,216,227,225,211,189,161,134,114,106,111,129,154,183,209,225,230,223,206,186,170,160,161,174
MA11,1994/04/26,194,215,231,236,228,208,180,147,118,100,095,104,125,154,185,211,226,228,218,201,183,169,162,168
MA11,1994/04/27,184,203,223,234,233,219,194,160,126,100,085,085,098,123,155,185,208,219,219,210,196,181,171,170
MA11,1994/04/28,180,199,220,236,243,237,219,190,155,124,101,090,093,111,136,166,195,215,223,222,214,201,189,183
MA11,1994/04/29,186,198,216,234,246,248,238,216,186,154,126,107,101,108,125,148,174,198,213,218,217,208,197,189
MA11,1994/04/30,185,190,202,216,229,238,235,221,198,169,142,119,104,102,111,127,149,171,189,201,204,200,194,186
MA11,1994/05/01,180,181,187,198,211,222,226,222,208,187,164,141,122,112,112,121,136,153,171,185,193,195,191,186
MA11,1994/05/02,181,176,176,180,188,198,205,207,202,190,174,155,138,124,118,118,126,139,153,167,180,187,189,187
MA11,1994/05/03,182,177,172,170,173,179,186,192,192,188,181,169,156,144,133,127,130,136,145,158,172,183,191,193
MA11,1994/05/04,192,188,182,175,171,170,174,180,185,190,191,188,182,173,165,157,152,152,156,165,178,191,202,210
MA11,1994/05/05,213,212,207,198,189,181,178,180,186,194,202,206,207,205,197,187,178,172,170,173,181,192,204,214
MA11,1994/05/06,220,221,214,203,188,174,164,160,161,169,181,193,201,206,204,197,186,175,166,164,168,176,188,201
MA11,1994/05/07,211,215,213,202,187,169,152,140,135,141,154,170,187,199,204,203,196,184,172,164,163,168,178,192
MA11,1994/05/08,207,217,219,211,196,176,154,136,127,126,138,156,177,197,209,213,209,198,183,172,166,165,172,185
MA11,1994/05/09,200,213,218,213,200,179,155,131,113,106,112,128,151,174,193,205,206,199,186,172,162,158,161,174
MA11,1994/05/10,190,205,215,216,206,188,164,137,113,100,099,112,134,159,184,202,210,207,198,184,173,166,164,172
MA11,1994/05/11,186,202,216,222,217,202,178,150,124,104,097,105,123,148,175,198,213,218,212,201,189,178,173,176
MA11,1994/05/12,188,205,220,230,230,220,200,172,143,118,103,103,115,136,163,190,209,219,218,209,196,184,175,174
MA11,1994/05/13,181,194,209,220,224,219,203,177,148,119,099,092,097,112,138,165,188,205,210,207,197,186,176,171
MA11,1994/05/14,174,185,199,212,220,220,210,189,162,134,110,094,092,100,119,145,170,189,201,203,197,186,176,170
MA11,1994/05/15,169,176,188,202,213,219,216,202,179,153,130,112,102,105,119,139,164,187,204,214,214,209,202,197
MA11,1994/05/16,195,198,204,214,225,234,235,227,211,190,167,147,132,126,130,143,162,182,200,212,215,212,205,196
MA11,1994/05/17,189,185,188,194,201,209,214,212,203,188,170,152,136,125,122,128,141,159,177,193,202,206,203,196
MA11,1994/05/18,189,182,178,178,183,192,200,203,201,195,184,171,157,142,134,132,137,149,165,182,197,207,209,207
MA11,1994/05/19,200,193,184,177,175,177,182,187,191,193,191,183,172,159,147,139,136,141,150,164,180,192,198,199
MA11,1994/05/20,194,185,173,162,153,149,151,155,162,170,176,178,176,169,159,147,138,135,138,147,162,176,188,194
MA11,1994/05/21,193,187,175,160,146,135,130,131,136,146,161,173,181,183,178,167,157,148,144,148,158,172,187,198
MA11,1994/05/22,204,203,192,175,156,137,123,116,117,126,143,162,179,191,196,192,183,171,160,155,159,169,184,199
MA11,1994/05/23,211,214,208,192,170,144,122,105,097,102,116,138,163,185,199,205,202,191,178,168,164,168,180,196
MA11,1994/05/24,211,222,222,211,190,163,133,107,090,085,094,114,140,168,192,208,213,207,195,182,172,169,175,187
MA11,1994/05/25,205,221,229,226,211,185,154,121,093,079,079,091,113,143,173,198,211,214,209,197,184,175,174,181
MA11,1994/05/26,197,216,229,233,226,207,179,144,110,085,073,076,092,118,148,178,201,212,213,206,194,183,177,179
MA11,1994/05/27,191,208,226,237,240,231,209,179,145,115,096,090,097,115,141,171,199,216,222,221,211,198,188,182
MA11,1994/05/28,185,197,214,229,238,236,221,197,165,132,106,090,087,097,116,141,168,190,204,208,205,196,185,175
MA11,1994/05/29,173,180,192,207,221,228,224,209,186,158,130,109,099,100,112,132,156,180,198,209,211,206,196,185
MA11,1994/05/30,178,178,185,197,212,224,228,222,207,186,163,141,125,120,125,138,157,176,195,207,212,210,203,193
MA11,1994/05/31,184,178,176,182,192,203,212,213,206,193,176,157,140,130,128,135,148,164,182,198,208,212,208,200
MA11,1994/06/01,190,181,174,173,178,186,196,203,204,199,190,178,165,154,148,148,155,167,181,195,207,214,215,210
MA11,1994/06/02,201,191,180,172,169,171,178,185,191,193,192,187,180,172,165,161,162,167,177,189,201,211,215,214
MA11,1994/06/03,209,199,185,173,164,159,159,164,172,180,186,188,187,183,177,171,166,165,171,179,189,200,208,211
MA11,1994/06/04,209,202,190,175,161,148,142,142,148,159,171,180,186,189,188,182,176,172,172,175,184,195,206,213
MA11,1994/06/05,215,212,201,186,168,151,137,131,132,141,155,171,184,192,196,194,188,182,177,174,179,188,199,209
MA11,1994/06/06,217,218,211,197,177,156,136,123,118,123,136,155,173,189,199,202,198,191,183,177,176,181,190,202
MA11,1994/06/07,212,219,217,206,187,164,140,119,107,106,117,136,158,180,196,206,207,201,193,184,179,180,186,198
MA11,1994/06/08,213,223,226,221,205,183,157,131,111,103,107,124,147,172,195,209,214,212,203,193,185,182,184,194
MA11,1994/06/09,208,222,231,231,221,202,175,146,122,107,104,114,135,162,189,211,223,226,220,209,199,192,189,194
MA11,1994/06/10,207,222,234,239,234,218,194,164,134,112,101,103,118,143,170,195,213,221,219,210,199,189,182,183
MA11,1994/06/11,192,207,222,232,234,224,203,175,144,117,100,095,103,123,150,177,201,215,218,212,201,190,181,178
MA11,1994/06/12,183,195,210,223,230,228,215,191,162,134,111,098,099,111,134,162,188,208,218,216,207,196,184,177
MA11,1994/06/13,177,186,199,213,225,230,224,207,182,155,129,111,104,110,127,152,179,202,218,222,219,210,198,188
MA11,1994/06/14,184,187,197,211,225,235,237,228,211,188,164,144,131,129,139,157,180,204,222,231,231,225,212,198
MA11,1994/06/15,188,185,187,196,208,220,228,226,216,200,180,161,144,135,135,146,163,184,204,217,222,220,209,196
MA11,1994/06/16,184,175,171,174,183,193,203,209,208,200,187,171,156,145,140,144,155,173,191,207,219,222,217,206
MA11,1994/06/17,193,181,170,165,167,175,184,193,198,199,196,189,178,166,158,155,158,168,183,200,214,222,223,216
MA11,1994/06/18,204,190,175,162,156,156,161,171,180,188,193,194,190,184,176,169,166,169,177,189,203,215,220,218
MA11,1994/06/19,209,196,178,159,145,137,135,140,149,161,174,185,192,194,191,185,179,175,177,185,197,210,221,224
MA11,1994/06/20,221,212,195,175,154,137,127,124,129,142,161,180,196,208,213,210,204,197,194,195,202,214,225,234
MA11,1994/06/21,239,236,222,202,178,152,133,120,116,123,138,159,183,202,216,222,219,213,204,198,198,204,215,227
MA11,1994/06/22,238,241,236,220,197,168,139,116,101,098,108,128,152,179,202,216,220,217,207,197,190,192,198,209
MA11,1994/06/23,224,235,238,232,215,188,156,125,101,088,090,104,127,155,183,205,218,221,215,205,195,189,190,199
MA11,1994/06/24,215,231,242,244,235,215,186,152,121,099,090,096,114,140,170,198,217,227,226,217,205,195,190,193
MA11,1994/06/25,206,223,238,249,248,236,214,183,148,119,101,096,106,127,154,182,207,221,225,220,208,195,185,181
MA11,1994/06/26,187,201,219,235,243,241,227,202,170,139,115,102,103,117,140,167,193,213,223,223,214,201,187,178
MA11,1994/06/27,178,187,202,219,234,241,235,219,195,165,140,122,115,121,139,161,186,208,221,225,221,210,194,179
MA11,1994/06/28,173,175,183,198,215,227,230,222,204,181,157,136,124,123,134,152,173,194,211,219,218,210,195,180
MA11,1994/06/29,168,162,165,175,189,203,212,212,205,189,170,153,139,133,137,150,168,188,206,217,222,218,205,191
MA11,1994/06/30,177,166,161,163,172,185,196,203,203,195,183,170,157,149,148,154,167,183,199,212,219,220,213,199
MA11,1994/07/01,186,173,161,157,160,167,178,187,191,191,187,180,172,165,162,163,171,183,196,208,218,223,219,210
MA11,1994/07/02,198,185,171,161,156,157,164,173,181,187,191,190,187,182,179,178,180,186,195,205,215,223,223,219
MA11,1994/07/03,210,197,182,166,155,149,149,153,163,173,182,188,191,192,191,188,187,189,192,200,210,219,223,222
MA11,1994/07/04,218,208,194,177,161,147,140,140,147,157,170,183,193,200,203,202,199,195,195,198,205,214,222,228
MA11,1994/07/05,229,226,214,197,178,160,145,137,137,146,160,177,194,207,215,217,214,210,205,202,204,212,220,228
MA11,1994/07/06,235,235,228,213,193,170,149,132,125,128,139,158,179,197,210,217,217,211,203,196,194,197,205,215
MA11,1994/07/07,225,231,230,220,202,178,152,130,115,110,117,135,158,181,201,214,219,215,207,198,191,189,194,203
MA11,1994/07/08,217,229,233,229,215,194,167,139,116,103,104,117,139,165,190,209,219,219,211,201,192,187,187,195
MA11,1994/07/09,209,223,233,236,229,211,185,155,127,107,099,105,124,149,178,202,218,223,219,208,195,186,182,185
MA11,1994/07/10,196,213,228,237,238,227,205,176,144,118,103,101,112,135,163,190,212,224,224,215,202,189,180,179
MA11,1994/07/11,187,202,219,234,242,239,225,201,169,140,119,108,112,129,154,183,208,225,230,224,211,197,183,175
MA11,1994/07/12,177,188,204,222,235,239,233,215,188,160,134,118,115,124,144,171,198,218,228,226,217,201,183,170
MA11,1994/07/13,166,170,183,200,216,228,231,221,201,178,152,131,121,122,136,158,184,207,222,226,220,207,190,173
MA11,1994/07/14,162,161,168,181,197,213,222,221,211,194,172,153,140,135,141,157,178,201,219,228,226,215,199,181
MA11,1994/07/15,166,157,156,161,174,189,202,208,207,199,186,171,158,150,150,159,175,194,213,225,230,225,212,194
MA11,1994/07/16,176,162,152,150,156,167,180,192,198,199,196,188,179,171,167,168,177,191,207,221,230,230,222,207
MA11,1994/07/17,190,173,157,147,144,148,158,169,179,188,194,195,194,191,186,184,187,195,205,218,229,234,233,224
MA11,1994/07/18,210,193,174,156,145,139,141,147,158,171,183,193,200,202,202,200,197,198,203,211,222,232,235,234
MA11,1994/07/19,226,212,194,173,154,139,131,130,136,148,164,181,196,206,212,212,209,206,204,206,213,224,232,236
MA11,1994/07/20,236,229,215,194,170,147,129,118,116,123,138,158,180,198,211,218,217,212,206,202,204,211,220,231
MA11,1994/07/21,238,240,233,218,195,168,142,121,110,110,119,138,162,187,208,221,224,220,211,201,196,196,203,215
MA11,1994/07/22,229,240,242,234,217,192,162,133,113,103,106,120,143,170,196,214,224,224,215,202,192,187,189,200
MA11,1994/07/23,215,231,242,243,234,215,186,154,125,106,100,107,126,152,181,205,221,225,220,208,194,184,180,184
MA11,1994/07/24,198,217,235,245,245,233,211,181,149,124,110,109,122,145,173,200,219,229,229,218,201,186,175,173
MA11,1994/07/25,182,198,218,236,244,242,227,201,171,142,121,113,119,136,161,188,212,227,229,222,207,189,172,163
MA11,1994/07/26,165,178,197,216,232,239,233,215,189,161,138,124,123,135,156,181,206,224,231,227,215,197,178,164
MA11,1994/07/27,160,166,180,198,217,231,233,223,205,182,159,144,138,142,157,179,203,223,233,234,226,210,190,173
MA11,1994/07/28,162,161,169,183,201,217,226,224,213,197,178,162,152,152,162,178,199,219,232,237,233,219,201,182
MA11,1994/07/29,167,159,159,166,181,198,210,215,211,201,187,174,163,160,165,177,194,211,225,233,233,225,210,191
MA11,1994/07/30,175,163,156,158,166,179,192,200,204,201,193,184,176,172,173,181,192,206,219,229,233,230,218,202
MA11,1994/07/31,186,171,160,155,155,163,174,183,191,194,193,190,186,183,183,186,192,202,212,221,228,229,223,212
MA11,1994/08/01,198,184,171,158,152,152,157,164,173,181,187,191,192,192,193,193,196,201,208,216,223,227,226,221
MA11,1994/08/02,211,199,184,169,156,149,148,152,159,170,181,191,198,203,206,207,205,205,207,212,219,225,229,229
MA11,1994/08/03,225,217,204,186,168,153,144,140,144,154,167,183,196,206,211,212,211,208,204,204,208,215,222,227
MA11,1994/08/04,230,227,218,202,182,161,144,133,131,137,151,170,188,204,216,220,218,213,206,201,201,207,215,224
MA11,1994/08/05,232,235,231,218,198,175,151,131,120,120,130,149,172,194,210,219,220,214,205,195,190,191,197,208
MA11,1994/08/06,221,232,236,230,215,192,165,139,119,111,116,132,157,183,205,221,227,222,212,200,189,184,187,197
MA11,1994/08/07,213,229,239,241,233,214,187,157,131,115,112,122,143,171,198,218,229,229,218,203,189,178,176,182
MA11,1994/08/08,197,216,233,243,241,229,206,176,145,121,109,111,127,154,183,209,225,230,223,207,189,173,163,163
MA11,1994/08/09,175,194,215,232,241,237,221,195,164,135,117,112,120,142,170,198,220,230,227,215,196,175,159,152
MA11,1994/08/10,157,173,195,216,232,238,232,212,186,158,135,123,124,138,164,193,218,233,236,227,209,186,164,151
MA11,1994/08/11,149,158,175,195,215,230,232,223,204,179,155,139,133,140,160,185,210,230,237,232,218,195,171,152
MA11,1994/08/12,142,142,153,171,191,210,221,221,211,194,173,157,147,147,159,179,202,222,234,236,227,208,184,162
MA11,1994/08/13,146,138,140,151,167,185,201,209,207,200,188,176,166,163,168,181,200,218,233,239,235,223,203,179
MA11,1994/08/14,159,146,140,143,152,166,182,194,202,204,201,195,188,184,185,191,203,216,229,239,240,233,220,201
MA11,1994/08/15,181,162,148,140,141,148,159,170,181,189,194,196,194,193,193,194,199,208,218,228,235,234,226,214
MA11,1994/08/16,197,179,161,146,137,134,138,147,157,168,180,189,195,198,199,198,198,200,205,212,220,225,225,220
MA11,1994/08/17,211,198,181,162,145,134,128,130,136,148,164,180,194,204,209,211,209,205,203,206,212,219,226,229
MA11,1994/08/18,228,222,209,190,169,150,135,126,127,135,150,168,187,203,214,219,217,210,201,197,199,206,216,226
MA11,1994/08/19,232,235,230,215,194,171,148,130,122,124,135,154,177,198,216,224,223,215,203,194,189,191,199,212
MA11,1994/08/20,225,237,240,234,218,195,168,143,125,120,126,142,166,191,213,227,231,225,211,197,186,180,184,197
MA11,1994/08/21,215,234,247,249,241,222,195,166,142,127,126,137,158,184,209,229,238,234,221,203,186,173,170,178
MA11,1994/08/22,196,218,238,250,250,238,215,186,159,138,128,133,151,176,202,226,239,239,229,211,190,172,162,163
MA11,1994/08/23,177,199,223,242,250,246,230,204,176,152,137,135,146,167,193,218,235,240,233,217,195,172,155,150
MA11,1994/08/24,156,174,199,222,237,242,234,215,190,166,148,141,145,162,186,211,232,242,239,225,204,180,160,147
MA11,1994/08/25,146,159,179,202,223,236,236,224,204,182,163,152,152,163,182,206,227,241,244,234,216,194,170,153
MA11,1994/08/26,145,149,164,185,205,222,230,225,212,195,177,165,160,166,180,200,220,236,241,238,225,204,181,161
MA11,1994/08/27,149,146,152,167,185,202,214,216,210,199,186,173,167,168,177,193,210,224,233,235,227,210,189,169
MA11,1994/08/28,154,146,146,153,167,183,197,205,206,201,193,184,178,177,181,191,205,217,227,232,229,217,200,182
MA11,1994/08/29,165,153,145,145,153,166,180,192,198,199,196,191,188,186,187,193,202,212,221,228,228,223,211,197
MA11,1994/08/30,181,167,156,150,149,155,165,175,185,193,197,198,197,196,196,197,201,207,213,220,224,223,217,208
MA11,1994/08/31,196,183,171,159,151,149,153,160,170,180,189,196,201,204,205,205,205,206,209,215,219,222,222,218
MA11,1994/09/01,212,201,188,173,159,149,146,148,155,167,181,193,203,210,213,213,210,207,205,205,209,214,219,221
MA11,1994/09/02,221,216,205,189,171,154,143,138,140,149,165,183,200,212,218,218,215,208,199,196,197,201,209,219
MA11,1994/09/03,226,228,223,210,191,170,150,135,129,134,149,169,190,210,222,226,222,212,199,190,187,189,197,210
MA11,1994/09/04,224,235,238,231,213,190,165,143,129,127,137,156,181,204,222,232,230,219,204,190,179,176,182,195
MA11,1994/09/05,213,231,243,243,234,215,188,161,139,129,131,147,172,199,222,237,241,230,213,194,178,167,167,178
MA11,1994/09/06,198,221,241,251,250,237,213,184,157,139,134,142,162,189,216,237,246,240,223,202,179,161,154,159
MA11,1994/09/07,176,200,225,244,253,249,233,207,178,153,140,141,155,179,206,230,245,244,230,208,181,156,141,138
MA11,1994/09/08,147,168,195,220,238,246,239,221,196,171,153,147,155,174,200,226,245,252,244,226,199,170,149,139
MA11,1994/09/09,139,154,177,201,224,240,243,234,216,194,175,164,163,176,196,220,241,251,248,234,210,181,153,134
MA11,1994/09/10,126,132,148,170,194,215,227,228,219,205,190,177,173,179,194,214,234,248,251,244,227,202,174,152
MA11,1994/09/11,138,133,141,158,177,198,215,222,222,217,207,198,192,192,200,216,233,245,253,252,240,220,196,172
MA11,1994/09/12,152,140,138,145,157,173,188,199,206,208,206,202,197,194,196,204,215,226,234,238,235,223,206,186
MA11,1994/09/13,167,150,140,136,139,149,162,174,184,192,198,200,201,200,199,203,209,216,224,231,234,230,221,208
MA11,1994/09/14,193,177,163,152,146,147,153,161,174,186,196,206,211,213,213,211,210,211,214,219,225,228,227,223
MA11,1994/09/15,214,202,188,172,159,152,150,153,160,173,188,202,213,220,222,221,216,210,207,209,214,221,227,231
MA11,1994/09/16,230,224,212,195,177,161,150,145,147,157,173,189,205,218,224,224,217,205,195,190,192,198,208,219
MA11,1994/09/17,227,232,228,216,197,177,160,147,142,147,161,179,199,216,226,230,224,210,195,183,178,181,191,207
MA11,1994/09/18,223,236,242,237,221,200,178,159,147,145,156,176,198,219,237,246,242,228,210,191,179,176,182,200
MA11,1994/09/19,222,242,255,258,249,232,210,186,168,160,164,179,201,224,244,255,255,244,223,201,181,169,169,181
MA11,1994/09/20,202,225,245,256,255,244,223,198,176,163,161,170,189,212,234,251,255,245,225,201,177,159,152,159
MA11,1994/09/21,177,201,224,243,251,246,231,210,187,169,161,165,178,199,223,242,250,245,230,206,180,157,143,143
MA11,1994/09/22,154,177,203,226,242,246,238,221,200,181,170,169,179,196,218,239,252,251,240,220,195,169,150,143
MA11,1994/09/23,149,166,190,216,237,248,247,236,218,199,186,180,183,197,217,237,252,256,249,233,208,181,158,145
MA11,1994/09/24,144,154,173,197,219,235,241,235,222,206,192,184,183,191,207,226,242,249,247,236,217,193,169,153
MA11,1994/09/25,145,149,163,183,205,225,237,239,232,221,208,202,200,203,214,230,244,253,255,247,231,208,184,165
MA11,1994/09/26,153,148,153,166,183,201,217,223,221,215,206,198,194,194,201,213,225,235,240,238,228,212,192,173
MA11,1994/09/27,157,148,147,152,164,181,196,208,213,212,209,204,199,197,200,207,215,223,229,231,227,216,202,187
MA11,1994/09/28,171,159,151,149,155,166,179,191,200,206,209,207,204,204,204,207,211,214,219,223,222,218,210,199
MA11,1994/09/29,186,174,163,154,151,154,162,173,184,195,203,207,209,209,207,207,206,207,209,212,215,217,215,212
MA11,1994/09/30,205,196,184,173,165,161,164,173,185,197,210,217,220,222,220,216,210,204,201,202,205,209,213,215
MA11,1994/10/01,215,210,199,184,169,156,150,149,156,169,184,199,210,216,216,212,203,193,185,182,184,190,198,207
MA11,1994/10/02,215,218,212,199,181,163,149,141,141,151,168,188,206,218,223,221,211,197,183,173,170,174,185,201
MA11,1994/10/03,216,227,229,221,205,185,164,148,141,145,160,181,203,222,233,234,224,205,184,167,158,157,166,183
MA11,1994/10/04,205,225,237,239,230,212,188,166,151,147,156,175,199,222,239,244,237,218,194,170,152,145,150,167
MA11,1994/10/05,190,215,238,249,248,235,213,188,167,155,156,171,192,216,239,250,247,232,206,177,152,134,131,142
MA11,1994/10/06,163,191,220,241,250,247,231,208,184,167,161,167,184,208,232,249,251,239,216,185,153,128,115,116
MA11,1994/10/07,131,158,188,215,235,241,235,220,199,179,167,166,177,197,221,241,251,245,227,198,165,135,113,103
MA11,1994/10/08,109,129,156,184,210,225,229,222,207,189,174,168,171,184,205,227,241,243,232,211,180,148,120,102
MA11,1994/10/09,098,108,129,155,183,205,216,218,211,199,186,177,174,182,199,219,236,243,240,226,203,174,145,122
MA11,1994/10/10,109,108,119,139,162,184,201,209,209,204,195,188,185,186,196,211,225,236,240,234,218,197,171,147
MA11,1994/10/11,129,121,122,131,147,166,184,198,206,207,205,201,197,195,198,207,217,226,233,235,228,215,198,178
MA11,1994/10/12,159,146,139,139,147,159,173,187,200,208,212,213,211,209,209,211,214,220,226,232,234,230,221,208
MA11,1994/10/13,193,179,166,157,155,159,166,178,191,202,210,216,217,215,212,210,207,206,208,213,218,220,219,213
MA11,1994/10/14,205,194,181,168,158,154,154,160,171,184,197,208,213,214,211,206,197,188,184,185,190,198,205,209
MA11,1994/10/15,209,204,194,181,169,159,152,153,161,173,188,204,215,220,219,212,200,187,176,172,174,182,196,209
MA11,1994/10/16,219,223,219,209,196,182,170,165,167,176,191,211,227,235,238,233,220,203,187,174,170,176,188,205
MA11,1994/10/17,222,233,236,231,219,203,186,173,169,172,185,203,220,234,242,239,226,206,183,164,153,153,163,180
MA11,1994/10/18,202,221,232,235,229,214,197,181,170,169,178,194,214,232,245,248,238,218,193,169,151,143,148,164
MA11,1994/10/19,187,212,231,242,241,231,213,196,181,173,176,189,208,228,245,252,247,229,203,177,153,138,137,148
MA11,1994/10/20,169,198,222,240,249,244,230,213,196,184,182,189,203,222,241,252,251,238,214,185,157,136,127,131
MA11,1994/10/21,149,175,202,225,240,242,233,219,201,186,180,183,194,213,234,248,252,244,225,200,172,149,135,133
MA11,1994/10/22,146,171,198,225,246,255,253,242,227,211,202,200,207,222,240,256,263,259,243,219,190,162,141,130
MA11,1994/10/23,133,148,170,196,219,233,236,231,219,205,193,188,190,200,215,230,240,240,230,209,184,157,133,118
MA11,1994/10/24,115,125,143,166,190,209,218,218,211,199,190,183,182,189,203,217,229,234,229,216,195,170,146,127
MA11,1994/10/25,119,122,134,152,175,195,208,214,212,204,196,189,185,188,197,209,220,227,228,220,205,185,163,144
MA11,1994/10/26,132,128,132,145,162,181,197,208,212,209,203,196,191,191,196,204,212,219,222,220,212,198,180,161
MA11,1994/10/27,147,139,136,141,152,167,183,196,204,207,206,201,196,194,195,199,204,209,213,215,212,206,194,179
MA11,1994/10/28,166,155,147,145,149,158,172,186,199,208,212,212,209,206,202,201,202,204,206,210,212,213,210,203
MA11,1994/10/29,194,184,173,166,163,166,175,188,201,213,223,228,227,224,218,209,203,198,196,198,202,207,211,211
MA11,1994/10/30,209,202,191,178,167,161,162,169,180,195,209,219,224,223,217,207,195,182,174,173,178,187,197,207
MA11,1994/10/31,213,214,207,196,182,168,161,161,168,181,198,213,223,226,222,210,192,173,158,150,150,158,173,190
MA11,1994/11/01,205,215,216,208,193,176,162,154,154,163,180,199,214,224,224,214,195,171,148,131,124,130,145,167
MA11,1994/11/02,190,210,222,223,214,198,180,166,159,162,174,194,213,228,235,230,212,184,155,130,114,111,121,142
MA11,1994/11/03,171,199,220,232,233,223,205,188,174,169,176,193,213,234,249,249,235,208,175,142,116,103,101,114
MA11,1994/11/04,141,174,202,223,233,229,217,201,183,172,171,181,198,219,236,243,236,215,184,149,116,092,081,086
MA11,1994/11/05,107,136,168,196,216,225,222,211,195,180,174,178,190,210,232,246,248,236,211,177,141,111,092,087
MA11,1994/11/06,097,119,150,181,207,225,230,225,213,198,187,184,190,205,225,243,252,250,234,206,173,140,114,100
MA11,1994/11/07,101,113,135,164,192,214,226,230,224,212,200,192,189,197,212,228,240,243,235,216,189,159,130,108
MA11,1994/11/08,098,100,113,134,158,181,198,208,209,203,193,185,180,181,191,204,217,225,226,218,200,176,151,128
MA11,1994/11/09,113,107,112,125,144,165,183,198,204,204,199,192,185,183,186,194,204,213,218,218,209,196,178,158
MA11,1994/11/10,142,131,128,133,145,160,177,194,206,211,211,207,199,193,190,190,194,200,205,209,209,202,192,178
MA11,1994/11/11,163,152,145,142,146,155,167,182,194,202,206,206,201,195,188,183,180,182,186,190,193,195,194,190
MA11,1994/11/12,182,172,163,156,154,157,164,175,187,197,205,210,208,203,196,185,175,170,168,170,178,186,192,196
MA11,1994/11/13,196,191,184,175,168,164,164,169,178,187,199,208,211,208,201,188,173,160,150,148,153,162,173,184
MA11,1994/11/14,192,194,192,184,175,166,159,9999,9999,9999,9999,9999,9999,9999,9999,9999,179,158,141,131,131,139,153,169
MA11,1994/11/15,185,195,199,195,187,176,167,162,163,171,184,198,210,216,215,205,187,164,141,124,117,120,131,150
MA11,1994/11/16,171,189,200,204,198,188,175,166,162,164,174,189,204,215,219,213,197,172,146,122,108,104,113,133
MA11,1994/11/17,156,180,199,208,208,200,187,174,165,163,170,183,199,215,224,222,210,188,159,131,111,102,104,120
MA11,1994/11/18,144,171,195,211,218,214,203,190,178,172,174,185,200,217,231,236,229,210,182,151,126,110,105,115
MA11,1994/11/19,136,164,192,214,226,230,224,210,197,187,184,189,201,216,232,240,238,224,199,169,140,116,103,106
MA11,1994/11/20,122,147,176,201,219,228,225,215,202,190,184,185,194,209,226,238,241,232,212,184,154,128,110,105
MA11,1994/11/21,114,134,160,187,210,224,226,221,208,195,185,181,185,197,212,226,233,229,216,193,164,138,116,103
MA11,1994/11/22,104,118,140,165,189,208,218,218,210,199,188,181,183,191,205,220,230,232,224,207,183,157,133,117
MA11,1994/11/23,111,116,131,153,178,198,212,217,213,203,193,185,182,186,195,207,217,222,220,210,192,169,145,126
MA11,1994/11/24,114,113,122,139,160,182,199,209,211,206,197,188,182,181,185,194,203,211,214,209,198,182,163,145
MA11,1994/11/25,131,125,128,137,154,175,194,208,215,215,210,203,195,191,190,193,200,207,212,212,208,198,184,169
MA11,1994/11/26,155,145,140,142,152,169,186,202,213,218,216,210,201,194,189,188,189,193,198,203,206,206,200,192
MA11,1994/11/27,181,170,161,156,158,166,180,195,208,218,223,220,212,203,192,183,177,175,176,181,187,192,195,195
MA11,1994/11/28,190,182,174,165,160,161,167,180,195,208,216,218,214,206,195,181,169,160,156,159,167,178,189,197
MA11,1994/11/29,201,201,195,185,175,169,169,175,187,201,214,222,223,217,206,188,169,150,138,133,138,149,164,180
MA11,1994/11/30,194,203,204,198,188,177,170,168,174,186,201,214,222,222,213,196,173,148,126,113,110,117,135,157
MA11,1994/12/01,180,199,210,212,206,196,184,176,175,183,197,211,224,231,229,216,193,163,134,110,097,098,110,132
MA11,1994/12/02,160,188,209,222,223,217,206,194,186,187,197,212,229,243,248,242,223,195,162,130,108,098,102,120
MA11,1994/12/03,146,176,204,223,233,233,223,209,197,191,193,203,218,234,246,247,235,211,178,142,110,089,083,091
MA11,1994/12/04,112,142,174,202,222,231,229,219,206,195,191,195,207,225,242,251,249,233,205,169,133,105,088,085
MA11,1994/12/05,098,123,153,184,210,227,232,227,216,204,195,192,199,214,232,248,254,247,228,200,166,133,107,095
MA11,1994/12/06,097,111,136,164,192,212,223,223,215,203,191,183,183,192,208,225,238,241,231,210,182,151,125,106
MA11,1994/12/07,099,107,124,147,174,198,215,222,220,212,202,192,187,191,202,218,235,244,244,233,214,186,154,133
MA11,1994/12/08,121,116,126,142,161,185,205,214,218,213,202,190,179,174,177,186,198,210,215,213,204,188,169,149
MA11,1994/12/09,134,129,132,143,161,183,203,217,224,225,221,211,200,192,189,193,201,209,216,219,216,209,196,179
MA11,1994/12/10,165,154,147,148,159,173,190,204,212,216,212,203,192,180,170,165,163,167,174,182,186,187,183,177
MA11,1994/12/11,169,161,156,154,158,168,180,193,205,213,216,212,205,195,183,172,164,162,164,171,179,186,190,191
MA11,1994/12/12,191,188,183,179,178,181,189,199,209,220,226,226,222,213,199,185,171,159,154,157,164,174,184,192
MA11,1994/12/13,199,202,199,194,191,189,192,197,205,216,226,231,231,226,214,198,180,162,149,145,148,158,171,185
MA11,1994/12/14,196,206,210,208,204,200,196,197,201,208,220,230,233,232,226,209,189,168,147,136,134,141,156,173
MA11,1994/12/15,189,204,213,213,208,201,193,189,191,197,208,219,227,232,230,218,198,174,149,131,122,123,135,154
MA11,1994/12/16,176,196,210,217,216,210,201,193,188,189,196,206,216,224,226,219,203,178,150,124,107,100,106,122
MA11,1994/12/17,145,171,192,206,211,209,201,190,182,180,184,193,206,219,227,227,216,193,165,136,113,099,097,107
MA11,1994/12/18,128,155,181,202,213,214,209,198,187,182,181,187,200,214,226,232,225,207,181,151,123,102,091,096
MA11,1994/12/19,115,141,169,194,210,218,215,205,193,183,177,179,189,203,217,226,226,214,191,161,132,107,091,088
MA11,1994/12/20,099,121,149,176,198,211,214,207,195,183,175,173,180,194,211,225,232,227,210,186,157,129,109,100
MA11,1994/12/21,104,122,147,171,194,213,221,217,207,194,182,175,176,187,202,218,228,230,219,200,174,146,121,105
MA11,1994/12/22,101,110,131,156,181,203,215,217,210,197,184,174,170,175,187,202,216,223,220,208,189,164,139,120
MA11,1994/12/23,110,112,126,147,171,194,211,218,215,206,193,179,171,171,178,190,203,213,217,212,199,180,158,138
MA11,1994/12/24,125,122,129,143,164,187,206,218,220,214,202,187,175,169,170,178,189,201,209,211,206,197,182,165
MA11,1994/12/25,152,145,144,150,164,185,204,217,223,222,212,195,179,168,162,162,169,177,185,192,195,192,185,174
MA11,1994/12/26,161,152,146,147,155,170,187,202,212,216,213,203,189,177,165,158,156,159,166,174,183,188,190,188
MA11,1994/12/27,183,177,171,166,168,178,190,204,217,226,227,221,209,196,181,166,156,150,150,156,165,176,185,193
MA11,1994/12/28,196,196,194,188,184,186,192,202,214,225,231,231,224,211,195,177,159,143,134,133,139,151,166,181
MA11,1994/12/29,192,200,203,199,194,189,187,190,197,208,219,223,222,215,202,183,159,134,116,107,107,116,132,152
MA11,1994/12/30,172,190,201,203,200,194,189,186,188,197,207,217,224,224,217,203,178,149,122,102,093,095,107,129
MA11,1994/12/31,155,181,202,213,217,215,207,199,197,200,210,222,235,244,245,236,216,187,154,124,103,094,097,113
