MA11,2008/01/01,199,192,188,188,194,206,222,235,244,248,244,232,219,205,192,183,179,178,182,188,194,200,202,202
MA11,2008/01/02,200,198,196,195,196,203,214,225,235,241,239,232,221,207,193,179,167,159,158,161,168,176,184,190
MA11,2008/01/03,195,198,199,197,196,199,204,212,222,230,234,231,224,214,200,185,169,156,148,146,149,158,169,180
MA11,2008/01/04,191,200,205,206,205,204,205,208,214,222,228,229,226,219,207,192,173,155,139,129,128,135,148,164
MA11,2008/01/05,180,194,206,212,212,211,208,207,210,216,224,229,231,231,225,212,193,171,150,134,127,128,138,154
MA11,2008/01/06,173,194,210,220,224,222,217,213,211,213,220,227,233,238,236,226,209,185,158,136,121,115,119,132
MA11,2008/01/07,153,179,202,217,226,229,224,217,211,210,213,220,230,238,241,237,223,200,172,144,123,112,111,123
MA11,2008/01/08,144,169,197,219,232,239,237,229,221,215,214,219,229,242,252,254,244,224,196,166,137,117,108,112
MA11,2008/01/09,128,153,181,205,224,234,235,229,219,211,206,208,218,232,245,252,247,232,207,177,147,121,103,099
MA11,2008/01/10,109,131,158,185,207,222,226,221,212,201,191,188,194,207,224,237,241,235,216,189,160,131,109,098
MA11,2008/01/11,101,118,143,169,194,215,224,222,214,201,190,184,185,196,213,229,239,241,231,210,182,153,128,111
MA11,2008/01/12,108,118,139,163,189,213,227,230,224,212,198,185,181,186,199,216,232,239,237,224,203,178,152,132
MA11,2008/01/13,122,124,137,157,181,204,220,226,224,213,197,182,171,168,175,190,207,220,226,222,210,192,169,148
MA11,2008/01/14,134,131,139,154,174,195,213,221,221,213,198,179,162,154,155,164,179,193,203,207,205,193,176,159
MA11,2008/01/15,146,141,143,154,171,191,208,221,226,221,209,191,172,158,151,152,160,171,183,193,198,198,190,180
MA11,2008/01/16,170,163,163,168,179,195,210,222,229,229,220,205,186,168,155,147,146,151,161,172,183,190,191,189
MA11,2008/01/17,186,183,182,184,190,201,212,223,231,233,227,214,197,178,160,144,134,130,133,140,152,165,175,182
MA11,2008/01/18,188,190,191,192,195,201,208,216,224,230,230,224,213,197,179,160,141,127,119,119,127,141,156,171
MA11,2008/01/19,184,195,201,203,204,206,209,213,218,224,228,227,222,212,196,176,152,127,109,099,098,106,123,143
MA11,2008/01/20,164,184,198,206,210,211,210,210,211,217,224,228,231,231,222,205,182,154,127,106,095,096,107,127
MA11,2008/01/21,152,178,198,211,218,218,215,210,207,209,215,222,231,237,236,228,211,183,149,120,097,087,089,102
MA11,2008/01/22,127,156,182,202,214,218,215,207,199,197,199,207,220,232,241,242,231,208,176,141,111,091,083,090
MA11,2008/01/23,110,139,169,194,212,221,219,210,199,191,190,195,207,224,239,249,249,236,211,179,146,118,102,100
MA11,2008/01/24,114,139,168,199,224,237,238,229,214,201,193,191,198,215,233,249,255,248,229,203,171,139,115,103
MA11,2008/01/25,108,127,154,183,209,227,233,227,213,198,185,177,179,190,209,229,243,246,238,217,190,161,135,118
MA11,2008/01/26,114,124,145,171,198,219,227,224,211,193,177,165,161,167,182,202,220,231,230,219,200,176,150,131
MA11,2008/01/27,123,127,143,166,190,212,226,226,216,199,180,163,152,151,162,178,195,210,216,214,203,186,166,149
MA11,2008/01/28,138,138,147,165,186,207,222,227,220,206,188,168,153,147,151,163,178,191,202,207,204,195,182,168
MA11,2008/01/29,159,158,164,176,194,214,229,238,236,225,210,191,174,162,158,163,172,183,194,201,204,202,193,185
MA11,2008/01/30,180,177,178,186,199,214,227,234,235,229,215,198,181,166,158,156,159,166,175,183,190,193,191,188
MA11,2008/01/31,186,184,186,191,198,209,220,228,231,227,218,206,190,174,162,153,149,148,151,158,166,173,178,180
MA11,2008/02/01,183,187,190,193,197,204,212,219,224,224,220,211,198,184,171,159,148,142,139,140,146,154,163,172
MA11,2008/02/02,180,188,193,196,199,201,205,210,213,216,217,213,206,195,183,169,155,140,130,126,128,135,146,160
MA11,2008/02/03,175,188,198,203,205,206,206,207,209,214,218,220,219,215,207,195,179,160,144,133,128,131,141,157
MA11,2008/02/04,176,195,210,219,221,219,215,210,207,209,214,218,222,223,219,208,190,167,144,125,113,111,117,133
MA11,2008/02/05,155,179,198,212,219,218,213,205,199,197,201,209,218,225,227,222,206,182,154,129,110,100,101,114
MA11,2008/02/06,137,162,186,205,215,218,213,204,194,188,191,198,210,224,234,236,228,208,180,150,125,108,104,111
MA11,2008/02/07,130,157,184,208,224,229,224,213,200,190,186,191,204,219,236,245,243,227,202,170,140,116,103,103
MA11,2008/02/08,118,142,170,196,215,224,222,210,194,178,169,169,177,194,214,231,237,230,210,181,150,121,101,095
MA11,2008/02/09,102,122,148,176,198,212,215,205,187,169,154,147,151,167,189,212,229,232,221,201,174,146,123,112
MA11,2008/02/10,114,129,154,181,206,224,230,224,207,186,166,152,148,155,174,198,219,230,229,216,193,167,142,124
MA11,2008/02/11,120,129,147,172,196,214,223,219,204,182,160,141,130,132,147,169,192,209,217,214,201,184,163,146
MA11,2008/02/12,140,143,157,178,200,220,233,235,224,205,183,162,144,136,141,158,179,200,215,222,220,210,194,178
MA11,2008/02/13,170,171,180,194,213,231,243,246,238,222,200,176,153,137,133,139,152,168,184,196,202,201,194,186
MA11,2008/02/14,181,180,185,194,208,225,238,244,243,232,215,194,170,151,139,135,138,147,159,172,183,190,192,193
MA11,2008/02/15,192,192,194,199,209,221,231,238,239,233,223,208,188,169,152,140,133,132,137,145,157,169,179,186
MA11,2008/02/16,191,196,200,204,210,216,223,229,233,232,228,219,205,189,171,154,138,128,123,124,131,144,158,171
MA11,2008/02/17,184,195,203,207,210,212,215,217,220,221,221,220,214,204,191,173,152,133,117,108,107,115,128,146
MA11,2008/02/18,165,183,195,202,204,203,201,200,199,201,205,211,214,213,207,194,173,148,124,105,095,095,105,123
MA11,2008/02/19,147,171,190,201,205,202,197,191,186,186,193,203,213,221,224,218,202,178,149,122,103,095,100,115
MA11,2008/02/20,139,167,191,207,215,215,206,196,186,181,185,196,210,225,238,242,234,216,187,155,125,107,103,112
MA11,2008/02/21,134,163,191,211,222,221,210,195,179,168,166,173,188,207,225,237,238,225,200,169,139,116,104,106
MA11,2008/02/22,122,149,178,203,220,223,215,199,181,164,157,160,172,192,216,235,244,241,224,199,169,143,125,121
MA11,2008/02/23,133,156,184,211,232,241,237,221,201,181,169,168,177,195,217,237,252,257,248,229,205,177,155,146
MA11,2008/02/24,149,166,191,215,236,247,245,231,209,185,165,154,153,164,185,208,227,238,236,223,203,178,157,143
MA11,2008/02/25,141,152,171,193,214,228,230,220,200,174,152,136,129,134,150,173,193,208,216,211,198,181,163,150
MA11,2008/02/26,145,151,167,188,209,225,232,227,211,189,166,147,135,135,146,165,185,204,217,221,217,207,195,185
MA11,2008/02/27,179,180,189,206,224,237,245,243,230,210,187,166,150,140,143,154,168,184,197,202,202,198,190,182
MA11,2008/02/28,179,180,186,197,211,225,234,234,227,212,195,177,158,145,142,145,154,165,176,185,191,192,189,186
MA11,2008/02/29,184,186,190,198,209,221,229,234,232,220,207,192,174,159,152,149,152,158,165,174,182,188,192,195
MA11,2008/03/01,198,202,205,210,216,222,229,233,233,227,217,205,191,174,162,153,147,146,148,151,159,168,176,183
MA11,2008/03/02,190,196,200,203,206,209,211,214,215,214,210,204,194,183,171,159,148,140,136,136,140,149,160,174
MA11,2008/03/03,188,199,208,212,214,215,215,215,216,216,217,218,215,208,199,186,170,156,144,136,135,141,153,169
MA11,2008/03/04,187,203,215,219,220,217,212,207,206,206,211,217,220,220,215,204,187,167,147,132,125,127,138,154
MA11,2008/03/05,175,196,212,221,223,218,209,200,194,192,198,207,216,223,225,219,204,180,155,134,119,115,121,136
MA11,2008/03/06,158,182,202,215,219,214,203,189,177,172,177,189,204,218,228,230,219,197,170,143,122,110,110,122
MA11,2008/03/07,144,170,195,213,221,218,206,188,171,161,160,171,188,209,227,238,235,220,195,165,138,119,112,118
MA11,2008/03/08,137,164,190,210,222,222,209,189,166,148,141,146,161,185,210,229,237,230,210,184,156,132,118,118
MA11,2008/03/09,132,156,182,205,220,223,213,191,165,140,124,122,134,157,185,212,229,234,225,204,179,155,137,132
MA11,2008/03/10,141,161,186,212,230,237,230,211,183,155,133,122,125,141,168,197,221,234,235,222,202,181,161,151
MA11,2008/03/11,153,167,187,209,229,239,236,221,195,163,137,119,112,119,139,165,192,212,221,218,205,188,172,161
MA11,2008/03/12,159,167,183,203,221,233,235,224,201,172,143,118,102,098,108,128,151,173,189,196,193,185,174,165
MA11,2008/03/13,163,167,178,194,211,224,230,225,209,185,159,134,113,101,101,111,128,146,164,177,184,183,179,176
MA11,2008/03/14,174,178,185,196,211,224,231,231,221,205,185,162,140,123,114,115,123,135,150,165,177,184,189,190
MA11,2008/03/15,190,193,198,204,213,223,229,232,229,218,206,189,168,150,136,127,123,125,132,143,154,166,175,183
MA11,2008/03/16,190,196,200,204,209,215,220,223,224,221,216,208,196,181,166,152,140,133,130,132,141,152,165,178
MA11,2008/03/17,190,199,204,206,207,207,207,207,208,209,211,211,207,199,188,172,154,138,126,121,122,130,144,161
MA11,2008/03/18,178,193,201,202,201,196,191,187,186,189,196,203,208,210,205,194,176,153,133,121,115,118,130,149
MA11,2008/03/19,170,190,202,207,205,196,186,176,171,172,179,191,205,215,218,214,200,178,154,134,121,118,128,145
MA11,2008/03/20,167,190,207,214,213,203,187,172,161,156,162,175,192,210,223,227,221,203,178,153,132,123,125,139
MA11,2008/03/21,163,189,210,222,223,214,197,177,159,149,149,160,180,201,221,234,235,224,202,176,153,137,133,141
MA11,2008/03/22,160,185,209,224,228,221,203,180,156,139,133,139,156,180,204,224,233,228,214,191,167,148,139,142
MA11,2008/03/23,158,181,204,222,231,227,211,187,160,137,124,124,137,159,185,209,225,229,221,205,186,166,152,149
MA11,2008/03/24,159,179,203,223,235,236,224,202,174,147,130,124,129,147,172,198,218,228,228,219,203,184,170,163
MA11,2008/03/25,168,183,202,222,235,239,231,212,185,158,136,124,122,133,154,179,201,216,221,218,207,193,180,172
MA11,2008/03/26,173,184,200,218,232,239,235,221,198,171,148,131,124,128,142,163,185,203,215,218,214,205,193,185
MA11,2008/03/27,185,191,203,218,232,241,242,232,211,187,164,144,132,128,136,152,170,187,200,207,208,203,196,190
MA11,2008/03/28,189,191,199,211,223,234,237,231,216,195,174,154,139,131,132,141,155,169,182,192,198,198,195,192
MA11,2008/03/29,192,193,198,205,213,222,228,225,215,200,182,164,148,136,130,132,139,149,160,170,179,184,186,189
MA11,2008/03/30,191,193,197,201,207,214,218,219,215,205,194,180,165,153,144,140,141,144,150,160,169,179,186,192
MA11,2008/03/31,199,205,208,210,213,215,219,221,221,218,213,204,195,184,173,165,160,157,158,164,172,184,195,206
MA11,2008/04/01,216,223,226,226,225,222,221,221,221,222,222,221,216,208,198,185,173,162,155,154,158,167,179,194
MA11,2008/04/02,209,218,223,223,217,210,204,200,198,202,208,214,217,215,208,196,181,164,151,143,142,149,163,181
MA11,2008/04/03,200,215,223,224,218,208,197,187,183,186,196,208,220,226,224,215,200,180,160,145,138,139,150,169
MA11,2008/04/04,190,209,221,223,217,203,186,169,157,156,165,181,199,216,225,225,215,195,172,151,137,133,141,157
MA11,2008/04/05,180,203,220,226,221,207,185,161,143,135,140,157,180,203,222,231,228,214,191,168,149,138,138,151
MA11,2008/04/06,173,197,216,227,225,212,188,160,133,116,113,125,149,178,205,224,232,226,210,188,167,151,145,152
MA11,2008/04/07,170,193,215,229,232,222,200,169,137,112,100,103,121,149,180,209,228,232,224,209,189,172,162,163
MA11,2008/04/08,176,196,217,235,243,237,219,189,154,123,101,092,099,121,150,182,209,223,226,219,206,191,178,174
MA11,2008/04/09,182,197,216,235,246,245,233,208,174,139,111,095,092,103,124,154,183,205,218,221,213,202,192,186
MA11,2008/04/10,189,199,215,232,245,250,244,226,198,167,136,112,100,101,114,137,163,187,204,215,216,211,204,200
MA11,2008/04/11,199,206,218,233,246,255,255,244,224,198,170,143,123,113,115,127,145,165,182,195,203,205,201,198
MA11,2008/04/12,197,199,205,215,225,233,237,232,219,201,180,156,135,119,112,112,121,132,147,163,175,182,185,187
MA11,2008/04/13,188,189,192,198,204,211,216,217,211,202,190,174,156,139,126,120,120,125,134,147,162,174,184,191
MA11,2008/04/14,195,198,200,200,202,206,210,215,217,216,213,206,195,182,168,154,146,141,142,150,162,174,187,198
MA11,2008/04/15,206,209,208,204,198,195,195,194,196,200,204,206,203,197,185,171,157,144,137,138,146,158,172,187
MA11,2008/04/16,199,205,206,201,192,183,176,172,173,179,187,196,203,205,201,190,175,158,145,140,142,151,164,182
MA11,2008/04/17,199,209,211,207,195,181,168,158,153,157,169,183,197,208,211,207,194,177,159,146,141,145,157,176
MA11,2008/04/18,195,209,216,214,202,186,168,151,140,141,151,168,187,206,218,222,216,201,182,165,155,154,161,179
MA11,2008/04/19,200,218,229,230,220,202,179,157,140,133,138,153,174,197,216,227,228,218,201,183,169,161,163,176
MA11,2008/04/20,194,214,228,232,224,207,183,156,131,118,117,127,147,173,197,215,223,220,208,193,177,166,163,171
MA11,2008/04/21,189,208,223,231,229,215,193,165,138,118,111,115,131,156,183,206,221,224,217,204,190,176,169,172
MA11,2008/04/22,184,201,218,229,231,221,201,173,144,119,106,104,113,135,162,188,208,219,218,209,196,183,173,171
MA11,2008/04/23,178,193,210,223,229,224,208,182,153,126,107,098,101,117,141,167,190,207,212,209,200,188,180,176
MA11,2008/04/24,180,192,207,222,232,233,222,201,174,146,124,111,107,116,135,157,181,200,211,214,210,201,193,189
MA11,2008/04/25,190,198,210,222,232,236,231,215,191,164,141,124,115,116,127,143,163,182,195,203,204,198,192,188
MA11,2008/04/26,186,189,196,206,216,222,222,211,192,171,149,130,118,114,119,131,148,166,182,193,200,200,197,194
MA11,2008/04/27,193,194,200,207,215,223,226,220,208,191,172,154,139,130,128,133,144,157,170,183,193,197,198,197
MA11,2008/04/28,197,196,198,202,207,212,216,215,208,197,183,166,150,139,132,130,133,141,152,164,176,185,190,193
MA11,2008/04/29,193,192,191,190,191,194,197,198,197,194,187,177,166,155,145,137,136,138,144,155,167,179,189,196
MA11,2008/04/30,199,200,197,192,189,186,186,188,191,193,195,192,185,177,166,156,147,142,142,148,159,172,185,196
MA11,2008/05/01,205,207,204,195,185,177,171,170,174,180,187,194,196,194,186,174,162,151,145,145,152,164,178,194
MA11,2008/05/02,207,212,210,201,186,171,159,151,151,160,173,187,199,205,204,196,182,167,155,149,150,159,173,190
MA11,2008/05/03,207,219,220,211,194,174,154,139,133,138,153,174,194,210,218,217,208,192,176,164,160,164,176,193
MA11,2008/05/04,211,224,229,223,205,181,154,130,114,112,125,147,173,198,216,224,222,211,194,180,172,170,178,193
MA11,2008/05/05,211,228,239,237,223,199,168,137,114,101,105,123,151,182,210,230,239,236,225,211,199,193,194,204
MA11,2008/05/06,220,237,247,248,239,219,188,152,119,096,088,096,117,147,180,209,227,233,228,218,207,198,194,198
MA11,2008/05/07,212,230,246,255,251,236,210,176,139,108,090,086,097,121,152,184,210,226,231,227,218,208,201,201
MA11,2008/05/08,210,225,241,253,257,251,232,203,167,132,105,090,089,103,127,157,186,209,222,226,223,216,208,205
MA11,2008/05/09,208,219,232,245,255,255,244,223,192,158,129,106,095,097,111,132,157,181,199,209,211,208,201,196
MA11,2008/05/10,195,201,211,224,235,241,239,226,206,180,153,127,109,102,106,119,138,160,180,195,204,206,203,199
MA11,2008/05/11,196,197,201,210,220,229,233,229,217,200,178,156,135,122,117,121,131,147,165,181,194,200,201,198
MA11,2008/05/12,194,189,188,191,197,203,209,211,206,198,186,170,154,137,127,123,125,135,149,163,178,190,195,195
MA11,2008/05/13,193,188,183,181,180,185,190,194,198,198,195,189,178,166,153,143,138,141,149,162,176,189,199,203
MA11,2008/05/14,202,197,189,181,174,171,172,176,181,186,191,194,192,186,177,166,157,153,155,162,174,190,203,210
MA11,2008/05/15,213,210,201,188,175,165,159,158,162,170,180,190,198,200,195,187,176,167,162,163,171,184,197,209
MA11,2008/05/16,216,216,209,196,179,162,150,143,144,151,164,180,194,203,207,203,194,184,175,170,174,184,197,211
MA11,2008/05/17,223,227,223,211,192,171,153,140,135,139,151,169,189,205,216,218,212,203,191,182,180,184,195,209
MA11,2008/05/18,222,231,230,220,202,180,155,135,121,118,128,145,167,189,206,215,217,210,198,187,180,179,187,198
MA11,2008/05/19,213,225,230,225,209,186,161,135,116,107,111,126,148,173,196,213,220,219,211,199,190,187,189,198
MA11,2008/05/20,213,228,237,238,228,210,185,157,133,120,118,130,155,183,204,221,232,233,229,220,207,200,197,201
MA11,2008/05/21,213,227,238,244,240,225,201,170,140,119,108,110,124,146,172,196,215,224,224,217,208,199,194,195
MA11,2008/05/22,204,217,231,239,239,228,208,180,150,125,108,104,111,128,152,178,200,215,222,220,213,204,196,194
MA11,2008/05/23,199,210,223,234,238,234,220,196,166,138,117,106,107,118,138,162,185,203,214,216,212,205,197,193
MA11,2008/05/24,193,202,214,226,234,235,226,208,183,156,133,117,111,116,130,150,173,194,208,215,216,212,206,200
MA11,2008/05/25,198,201,210,221,232,239,238,227,209,186,163,145,134,132,140,155,175,195,212,223,228,226,221,215
MA11,2008/05/26,210,209,213,219,228,236,237,231,219,200,178,159,144,136,137,145,159,177,195,209,218,221,218,212
MA11,2008/05/27,207,203,202,204,209,217,223,223,216,204,188,171,155,143,138,139,148,162,178,193,206,213,213,209
MA11,2008/05/28,204,198,192,189,190,196,203,207,207,202,194,182,168,156,146,142,146,154,165,180,194,205,211,211
MA11,2008/05/29,207,201,191,183,178,178,184,191,197,200,201,197,189,178,167,160,158,160,167,178,192,205,214,217
MA11,2008/05/30,215,208,195,181,169,162,160,165,173,183,191,197,197,192,184,174,166,162,164,171,182,197,209,217
MA11,2008/05/31,219,214,201,183,166,152,142,141,148,160,176,192,202,207,205,198,189,182,177,179,187,200,214,225
MA11,2008/06/01,230,229,218,198,175,152,133,123,122,132,150,172,192,207,214,213,207,197,188,184,185,194,206,218
MA11,2008/06/02,229,233,226,209,184,155,127,107,097,099,115,138,165,190,207,216,216,210,201,194,191,195,204,217
MA11,2008/06/03,231,240,239,227,206,177,144,114,093,086,093,112,140,172,198,218,226,226,220,211,203,202,207,216
MA11,2008/06/04,231,244,249,245,230,204,170,134,104,084,078,088,110,140,173,200,218,227,225,218,211,205,205,212
MA11,2008/06/05,224,240,252,256,249,231,202,166,130,100,083,081,094,118,149,180,206,223,229,226,220,213,208,210
MA11,2008/06/06,219,232,247,258,261,252,232,202,167,133,107,093,095,109,134,164,192,214,225,227,223,216,208,204
MA11,2008/06/07,208,218,232,245,254,254,244,222,193,160,129,109,100,103,119,143,170,195,211,219,219,213,205,197
MA11,2008/06/08,195,200,210,223,236,244,243,232,212,186,158,134,119,113,120,137,159,184,204,217,221,218,209,200
MA11,2008/06/09,193,192,196,204,216,229,234,231,221,203,182,161,142,131,130,139,155,175,195,211,221,221,216,206
MA11,2008/06/10,197,189,186,189,197,207,216,221,219,210,198,182,166,153,146,147,156,171,189,206,218,224,222,213
MA11,2008/06/11,203,193,185,180,182,188,197,205,210,210,207,200,189,179,171,167,169,179,192,208,222,230,232,226
MA11,2008/06/12,217,205,192,180,174,175,179,186,194,201,204,204,201,195,188,182,180,183,192,203,217,228,234,233
MA11,2008/06/13,226,215,200,184,171,163,162,165,173,182,192,201,204,204,202,197,192,191,193,200,211,223,232,234
MA11,2008/06/14,231,222,207,189,171,157,148,146,150,160,173,187,199,206,209,206,201,197,194,196,203,213,222,229
MA11,2008/06/15,231,226,215,197,177,157,142,133,131,138,152,169,187,202,211,213,211,206,200,197,199,206,216,225
MA11,2008/06/16,232,233,225,210,191,169,148,132,123,124,136,154,174,195,211,220,222,217,210,203,200,202,209,219
MA11,2008/06/17,230,235,233,222,204,181,155,132,115,109,116,132,154,177,198,213,221,221,214,206,200,199,202,210
MA11,2008/06/18,222,232,236,232,218,197,170,143,121,108,107,118,138,163,188,208,220,225,221,212,204,199,199,205
MA11,2008/06/19,217,230,238,239,232,214,189,161,134,115,107,112,128,152,179,203,220,229,228,221,213,206,202,205
MA11,2008/06/20,214,227,239,245,243,230,209,181,151,127,113,111,120,139,164,189,211,226,230,226,219,210,203,202
MA11,2008/06/21,209,221,234,244,248,242,225,200,171,144,124,114,118,132,154,179,204,221,229,230,224,216,207,201
MA11,2008/06/22,204,213,227,239,247,248,239,218,192,165,142,127,123,131,149,172,197,218,232,237,236,228,217,209
MA11,2008/06/23,208,213,223,235,246,253,250,236,215,189,163,145,135,135,147,166,189,211,226,235,236,229,219,208
MA11,2008/06/24,202,201,206,216,228,239,243,237,221,200,178,157,143,139,144,158,177,198,217,229,233,230,221,208
MA11,2008/06/25,198,192,191,196,207,220,229,230,224,211,194,176,161,152,151,159,174,192,210,224,231,231,224,213
MA11,2008/06/26,200,189,182,181,186,197,209,217,218,213,204,191,178,168,162,164,173,187,203,218,229,233,229,219
MA11,2008/06/27,206,191,178,170,169,174,184,195,203,207,207,201,193,184,177,174,178,187,199,212,224,232,231,224
MA11,2008/06/28,212,197,179,164,154,151,156,167,178,190,199,203,203,200,195,192,191,194,201,212,225,235,239,236
MA11,2008/06/29,228,215,195,175,157,145,142,147,157,171,188,201,211,216,216,215,213,211,214,220,231,242,249,251
MA11,2008/06/30,248,239,221,197,172,151,138,132,135,148,166,187,205,219,227,229,227,224,220,221,226,233,241,247
MA11,2008/07/01,249,245,231,209,183,155,129,112,106,111,127,149,175,198,215,225,228,225,220,216,216,221,229,238
MA11,2008/07/02,246,250,245,230,207,176,145,117,098,092,100,119,145,173,200,219,228,230,225,218,214,214,219,228
MA11,2008/07/03,240,250,254,248,231,206,173,138,109,091,087,098,120,150,181,207,224,232,230,223,216,211,211,218
MA11,2008/07/04,230,245,257,260,254,236,208,173,137,110,094,093,107,131,162,193,216,230,233,227,218,210,204,205
MA11,2008/07/05,215,230,246,258,261,253,234,204,169,136,112,101,104,121,148,177,205,224,233,231,223,212,201,196
MA11,2008/07/06,201,213,228,244,255,257,247,227,197,164,136,117,111,120,140,167,195,217,230,232,225,212,199,188
MA11,2008/07/07,185,191,203,219,234,245,244,233,212,186,159,137,124,124,137,159,184,208,225,230,226,216,200,185
MA11,2008/07/08,176,175,181,194,210,224,231,229,219,201,179,158,143,138,143,158,179,201,219,229,230,222,206,190
MA11,2008/07/09,176,168,168,174,186,201,213,218,215,206,192,176,163,155,154,163,180,199,216,229,234,230,218,202
MA11,2008/07/10,186,173,166,165,171,183,194,203,206,205,200,191,180,173,170,173,184,199,214,228,236,235,228,214
MA11,2008/07/11,198,183,170,162,162,167,176,186,194,199,200,198,195,192,189,189,195,204,216,229,239,243,239,230
MA11,2008/07/12,216,200,184,171,162,161,164,170,179,188,195,201,204,205,204,204,205,209,216,224,233,240,240,235
MA11,2008/07/13,225,211,195,178,163,154,151,152,158,168,180,192,201,207,210,211,211,212,214,218,225,233,237,237
MA11,2008/07/14,232,223,209,191,173,158,147,141,144,151,163,180,197,208,216,221,221,219,216,216,221,227,232,237
MA11,2008/07/15,238,234,223,207,187,167,149,137,132,135,147,165,184,202,217,226,228,225,220,216,216,219,225,232
MA11,2008/07/16,239,242,236,224,206,184,160,141,128,127,135,150,171,194,212,225,231,230,224,218,214,215,220,228
MA11,2008/07/17,238,246,247,239,224,202,177,151,132,122,124,136,156,180,204,223,233,236,230,221,214,210,211,219
MA11,2008/07/18,231,243,250,249,240,221,195,166,141,124,119,126,144,168,194,216,231,238,235,226,217,209,205,210
MA11,2008/07/19,221,235,247,253,249,236,212,183,154,131,119,119,132,154,180,206,226,236,236,230,219,207,199,199
MA11,2008/07/20,208,222,237,248,251,244,227,199,169,141,122,115,122,140,165,192,215,229,233,228,217,205,193,188
MA11,2008/07/21,192,205,221,237,248,250,238,216,188,160,138,125,124,137,158,184,209,228,236,235,225,211,196,186
MA11,2008/07/22,184,192,206,224,239,248,245,230,207,180,155,138,132,139,156,178,202,222,233,236,229,214,197,183
MA11,2008/07/23,175,177,187,203,222,236,242,236,220,198,175,156,146,147,158,177,200,220,235,242,237,225,207,189
MA11,2008/07/24,176,171,174,185,202,219,230,233,227,214,197,179,167,164,169,183,201,220,236,244,243,235,218,198
MA11,2008/07/25,181,169,165,169,181,196,211,220,221,216,206,194,184,178,179,188,203,219,233,244,246,241,228,209
MA11,2008/07/26,190,172,159,155,160,171,185,198,206,209,208,204,198,193,193,198,207,219,231,241,246,245,236,221
MA11,2008/07/27,202,182,164,151,145,148,157,169,181,193,200,204,205,204,204,206,212,219,227,236,244,247,243,233
MA11,2008/07/28,219,201,180,161,147,140,140,147,158,172,187,200,210,217,221,223,225,228,231,238,244,250,251,247
MA11,2008/07/29,238,225,206,183,160,143,132,128,134,146,164,183,200,214,225,231,232,231,230,231,236,242,247,251
MA11,2008/07/30,250,244,230,210,184,160,138,122,116,122,136,157,181,203,220,231,235,234,229,225,224,228,234,242
MA11,2008/07/31,249,251,246,233,211,182,153,127,109,104,112,130,156,183,206,224,232,232,226,218,213,212,217,226
MA11,2008/08/01,239,251,256,251,236,212,180,147,120,104,103,114,137,166,194,216,230,233,227,216,206,200,201,209
MA11,2008/08/02,224,241,255,261,257,241,213,179,146,121,109,113,130,157,187,216,234,242,239,226,213,201,195,198
MA11,2008/08/03,209,227,247,262,265,258,239,210,176,146,126,119,128,151,180,208,232,244,243,234,217,200,187,182
MA11,2008/08/04,189,206,225,244,257,259,249,229,200,170,145,132,133,148,172,200,225,241,244,237,221,200,182,171
MA11,2008/08/05,169,180,198,218,237,248,248,235,214,190,166,149,144,152,171,196,221,240,248,245,231,211,190,174
MA11,2008/08/06,166,168,180,198,217,234,241,237,225,207,186,169,161,163,177,198,220,239,249,249,240,221,200,181
MA11,2008/08/07,166,160,165,178,195,212,224,228,223,212,198,185,175,174,182,197,217,235,247,252,246,231,211,190
MA11,2008/08/08,173,163,161,167,178,192,205,213,214,211,204,197,190,187,191,200,215,231,243,249,248,237,222,203
MA11,2008/08/09,184,171,163,161,166,177,188,198,204,205,205,202,200,200,201,207,217,227,237,244,246,241,229,212
MA11,2008/08/10,195,180,167,159,156,160,168,177,184,191,197,200,202,204,207,209,214,222,229,236,241,240,233,222
MA11,2008/08/11,208,194,180,167,157,154,155,160,167,176,186,194,202,208,212,215,217,219,223,228,233,235,234,229
MA11,2008/08/12,220,209,195,180,166,154,148,147,151,161,173,186,199,210,218,222,223,221,220,222,225,228,231,232
MA11,2008/08/13,230,224,213,198,181,163,151,142,141,146,158,174,191,208,220,227,229,226,221,217,217,221,226,232
MA11,2008/08/14,236,238,233,221,202,182,162,147,140,140,150,168,189,210,228,238,242,239,231,224,221,221,227,236
MA11,2008/08/15,246,254,253,245,229,207,183,161,146,140,145,160,181,206,229,245,251,249,240,230,222,218,221,231
MA11,2008/08/16,244,257,264,262,251,231,205,177,154,140,139,150,170,195,221,242,253,253,243,230,218,208,206,214
MA11,2008/08/17,227,244,259,264,260,244,219,190,161,141,132,136,152,177,203,225,241,244,237,223,205,191,183,186
MA11,2008/08/18,199,218,238,252,255,248,229,200,171,147,132,131,144,165,192,218,236,244,241,227,209,190,177,175
MA11,2008/08/19,184,202,225,245,258,259,247,226,198,171,154,149,153,171,197,222,244,255,253,242,222,199,180,171
MA11,2008/08/20,172,186,208,231,251,260,257,242,218,193,173,161,162,174,196,220,242,256,258,248,230,206,182,166
MA11,2008/08/21,161,168,186,209,231,249,256,248,233,213,193,180,176,181,197,219,240,256,262,256,241,217,190,170
MA11,2008/08/22,156,153,162,179,200,221,235,238,231,218,203,191,184,186,196,213,233,248,256,256,245,225,200,175
MA11,2008/08/23,156,147,148,157,173,192,209,220,222,217,209,201,196,197,203,216,231,245,255,258,252,237,216,193
MA11,2008/08/24,172,157,148,148,157,171,187,201,210,213,212,210,207,207,211,219,230,241,249,254,253,243,228,209
MA11,2008/08/25,188,169,154,144,142,148,158,171,183,193,201,206,209,212,215,219,225,232,239,245,248,245,237,225
MA11,2008/08/26,208,190,173,156,144,139,141,148,158,171,186,199,209,216,222,226,227,229,232,236,241,244,244,240
MA11,2008/08/27,232,221,203,182,163,149,139,137,142,153,171,190,207,222,231,235,236,232,230,230,232,236,242,246
MA11,2008/08/28,247,243,233,214,191,169,149,136,132,138,152,173,196,215,230,237,237,231,224,218,217,220,228,237
MA11,2008/08/29,247,253,250,238,217,192,166,143,129,126,136,156,181,205,224,236,237,231,220,208,201,201,208,220
MA11,2008/08/30,235,249,257,255,241,218,189,160,138,127,130,146,170,197,222,238,242,236,222,206,192,185,187,199
MA11,2008/08/31,217,238,255,262,258,242,216,186,159,140,134,143,164,191,218,239,249,246,233,214,195,180,174,180
MA11,2008/09/01,197,220,243,259,264,258,240,213,184,160,148,149,164,187,214,238,251,252,240,220,198,177,164,164
MA11,2008/09/02,175,195,220,241,255,259,249,229,204,180,163,158,167,188,214,238,255,260,251,234,210,184,165,157
MA11,2008/09/03,161,178,202,226,246,257,255,243,223,202,185,175,178,192,214,238,257,264,259,244,221,195,172,157
MA11,2008/09/04,154,163,180,203,224,238,244,238,225,209,193,183,181,191,208,229,248,259,259,248,229,203,178,160
MA11,2008/09/05,150,151,162,180,199,217,228,229,222,211,199,190,187,190,201,219,236,249,252,246,230,209,185,165
MA11,2008/09/06,151,146,150,162,178,195,209,217,216,211,204,198,194,196,204,217,231,243,248,247,237,220,200,180
MA11,2008/09/07,165,156,153,158,167,180,192,202,206,208,207,205,204,206,211,220,230,238,244,246,243,232,216,200
MA11,2008/09/08,184,172,165,162,164,172,181,190,197,203,208,211,214,217,220,224,229,235,239,242,240,233,223,211
MA11,2008/09/09,197,184,173,164,160,161,165,170,178,186,195,203,210,214,219,221,222,223,225,228,229,227,221,215
MA11,2008/09/10,206,195,182,169,158,152,150,151,157,167,179,191,202,211,218,220,220,218,216,217,219,220,221,221
MA11,2008/09/11,217,211,201,187,173,160,151,147,149,157,171,186,202,217,226,230,229,222,216,213,213,216,222,228
MA11,2008/09/12,232,233,228,216,200,182,166,154,149,154,167,184,203,219,231,237,235,226,215,205,201,204,210,221
MA11,2008/09/13,231,238,239,230,213,192,170,151,140,139,148,166,188,209,227,236,236,226,212,198,188,185,192,205
MA11,2008/09/14,221,236,244,242,231,210,185,161,143,135,140,156,180,205,227,240,241,231,214,195,180,171,174,187
MA11,2008/09/15,207,229,246,253,247,232,209,181,157,144,144,155,176,202,228,247,253,245,227,205,184,169,164,173
MA11,2008/09/16,193,218,242,258,262,254,234,209,183,163,156,161,178,201,227,247,256,251,234,211,185,162,151,153
MA11,2008/09/17,169,195,222,245,258,258,245,223,198,177,165,164,176,196,220,242,254,253,239,216,187,159,139,133
MA11,2008/09/18,142,163,192,219,240,251,247,233,214,194,180,175,181,197,219,241,256,259,250,230,202,172,146,132
MA11,2008/09/19,131,143,167,194,219,237,244,239,226,211,198,190,192,202,220,241,257,265,260,244,219,190,161,140
MA11,2008/09/20,129,132,148,170,195,218,233,238,234,224,215,207,204,210,223,241,257,265,265,256,237,211,183,158
MA11,2008/09/21,140,134,139,153,172,194,213,224,227,226,221,215,213,215,224,237,251,261,265,261,249,229,205,181
MA11,2008/09/22,160,146,141,144,154,170,188,203,212,218,220,219,220,222,226,235,245,253,259,261,256,244,227,209
MA11,2008/09/23,188,170,158,150,149,157,168,181,194,206,214,221,225,228,231,234,239,243,246,249,250,245,237,225
MA11,2008/09/24,211,194,178,163,152,147,149,156,167,182,196,208,217,222,226,227,225,222,222,224,227,230,229,228
MA11,2008/09/25,223,214,199,182,165,151,144,144,151,167,184,202,217,228,233,235,230,224,220,220,223,228,236,244
MA11,2008/09/26,248,247,239,223,203,184,166,156,156,165,181,201,221,236,246,247,239,225,211,202,199,202,211,224
MA11,2008/09/27,234,240,240,231,214,192,168,150,142,144,158,179,201,221,234,236,229,214,195,180,172,170,179,195
MA11,2008/09/28,214,231,241,241,230,210,186,162,146,142,149,167,191,213,229,236,231,214,193,172,155,149,154,168
MA11,2008/09/29,191,216,234,243,241,228,205,181,160,149,151,164,186,210,231,243,242,228,205,179,157,142,140,151
MA11,2008/09/30,172,197,222,238,244,239,222,199,177,161,157,165,183,207,230,245,248,237,216,189,162,142,133,138
MA11,2008/10/01,155,180,208,230,245,249,240,222,202,184,176,179,192,212,235,253,260,252,233,205,177,151,134,130
MA11,2008/10/02,141,162,188,213,232,242,240,228,211,195,184,181,189,205,225,244,254,252,238,214,185,157,136,127
MA11,2008/10/03,130,145,166,190,213,229,233,229,218,205,194,189,191,203,221,240,252,255,246,227,201,174,152,137
MA11,2008/10/04,132,140,157,178,199,217,227,229,223,214,204,198,199,206,219,235,248,253,249,236,214,189,165,147
MA11,2008/10/05,138,139,148,163,182,199,212,219,219,214,208,203,202,205,215,227,239,246,246,238,223,203,182,164
MA11,2008/10/06,152,148,151,160,174,188,203,214,219,219,218,217,217,219,226,235,243,249,252,249,239,224,206,188
MA11,2008/10/07,174,165,161,163,170,181,191,201,208,212,214,215,216,216,219,224,229,232,235,234,228,219,207,192
MA11,2008/10/08,179,169,161,157,158,163,171,180,189,197,203,209,212,213,215,217,217,217,218,219,217,214,206,197
MA11,2008/10/09,187,177,167,158,153,151,154,160,169,180,191,201,208,212,215,213,210,207,205,205,207,208,208,207
MA11,2008/10/10,203,195,184,172,162,155,152,154,161,172,186,201,213,220,223,222,215,207,200,197,199,204,212,218
MA11,2008/10/11,221,221,214,202,188,175,164,160,163,173,188,206,222,233,237,235,224,209,197,188,185,189,199,211
MA11,2008/10/12,222,229,228,218,203,186,169,157,154,160,174,193,212,226,234,232,221,202,184,169,161,164,176,193
MA11,2008/10/13,212,228,235,232,221,203,182,166,156,157,168,186,207,226,239,240,229,209,185,161,146,143,151,170
MA11,2008/10/14,195,218,235,241,236,221,200,179,164,158,164,180,200,221,238,244,236,216,189,162,139,128,130,145
MA11,2008/10/15,170,200,224,240,245,237,219,199,181,169,169,181,199,220,240,250,245,228,201,167,137,116,109,117
MA11,2008/10/16,139,169,200,225,239,240,230,213,194,180,175,180,195,215,236,250,250,237,212,179,144,116,100,098
MA11,2008/10/17,113,139,170,200,223,235,234,224,208,194,186,186,195,212,232,247,253,247,228,199,165,132,107,095
MA11,2008/10/18,099,117,144,174,201,220,229,226,217,204,195,192,197,209,227,243,253,252,240,218,187,154,124,104
MA11,2008/10/19,097,104,122,146,174,197,213,219,216,210,204,200,200,208,223,238,249,254,250,235,212,184,155,130
MA11,2008/10/20,117,114,122,138,159,182,202,215,221,221,218,216,214,217,227,238,249,256,257,249,234,214,190,166
MA11,2008/10/21,147,135,132,137,149,166,184,199,209,215,216,216,215,215,219,225,232,237,240,239,232,220,204,185
MA11,2008/10/22,166,151,140,136,139,149,161,176,190,201,207,211,212,211,211,212,214,216,220,222,222,219,212,202
MA11,2008/10/23,190,176,162,150,145,146,152,163,177,191,202,210,214,214,213,209,204,202,202,204,208,213,216,216
MA11,2008/10/24,212,204,192,178,166,159,157,163,175,189,205,219,227,230,228,221,211,200,194,193,196,204,214,222
MA11,2008/10/25,227,226,218,205,189,174,164,163,169,180,196,213,225,231,230,221,206,189,176,169,168,176,190,206
MA11,2008/10/26,221,231,233,226,214,198,184,175,176,185,201,220,237,247,249,241,225,203,182,167,160,164,176,195
MA11,2008/10/27,215,233,242,242,234,219,201,187,181,184,195,213,231,245,252,248,231,208,183,161,147,145,155,174
MA11,2008/10/28,198,222,240,248,247,235,218,201,190,187,194,209,227,244,255,255,242,220,192,165,144,135,139,154
MA11,2008/10/29,178,206,230,246,253,248,234,219,205,196,197,208,225,243,257,262,253,233,205,174,147,130,126,133
MA11,2008/10/30,153,179,205,228,241,242,233,220,205,193,190,194,208,226,242,250,247,231,206,174,143,121,111,112
MA11,2008/10/31,126,151,178,205,224,233,231,222,210,199,193,195,204,220,238,251,254,245,225,197,167,142,126,121
MA11,2008/11/01,128,148,175,201,223,237,242,238,228,217,209,207,212,224,241,255,261,256,240,215,186,159,138,127
MA11,2008/11/02,128,141,160,184,208,226,235,238,233,225,218,213,214,222,235,248,257,257,247,228,202,175,153,136
MA11,2008/11/03,130,136,150,169,191,210,223,230,229,224,218,215,215,219,230,242,251,255,251,237,218,196,172,153
MA11,2008/11/04,142,139,146,159,175,191,207,218,221,219,216,213,210,210,216,223,230,235,235,228,215,197,177,160
MA11,2008/11/05,147,140,140,147,159,174,189,202,210,212,212,211,208,208,212,215,221,227,231,229,222,210,196,180
MA11,2008/11/06,166,157,152,152,159,169,181,194,204,211,215,217,216,215,213,214,215,216,219,221,220,215,208,197
MA11,2008/11/07,186,175,167,163,164,169,178,191,203,214,223,228,228,225,220,215,209,205,205,207,209,211,212,208
MA11,2008/11/08,202,193,183,174,168,168,171,180,192,203,214,224,226,225,220,212,201,192,188,188,194,201,209,214
MA11,2008/11/09,215,211,202,192,181,173,171,175,183,195,209,222,230,231,227,215,198,183,172,168,171,182,194,207
MA11,2008/11/10,217,221,218,209,197,184,175,173,177,188,203,218,229,234,231,219,199,177,158,146,144,152,169,188
MA11,2008/11/11,207,220,226,222,211,197,183,175,174,180,193,209,224,233,233,222,200,173,146,125,115,119,133,155
MA11,2008/11/12,183,206,222,228,224,212,199,187,181,182,192,208,225,238,244,238,219,191,158,129,110,105,113,134
MA11,2008/11/13,163,194,220,236,240,234,222,209,199,194,198,211,226,242,253,251,237,210,176,141,112,095,093,107
MA11,2008/11/14,132,165,198,224,239,242,235,224,213,204,203,211,224,241,255,260,253,233,201,163,127,100,086,088
MA11,2008/11/15,105,134,167,199,223,235,236,230,221,211,206,210,220,236,253,265,266,254,229,196,160,127,105,096
MA11,2008/11/16,102,121,150,181,211,232,241,242,236,228,221,220,225,237,252,266,273,269,254,228,196,162,133,113
MA11,2008/11/17,108,116,136,161,189,214,231,238,237,232,225,221,222,229,242,257,267,270,264,247,223,194,165,141
MA11,2008/11/18,127,123,133,151,173,198,218,230,235,234,230,225,222,224,232,242,253,260,260,253,239,219,195,171
MA11,2008/11/19,152,140,138,147,162,181,201,219,228,232,231,226,220,217,216,220,227,234,239,238,232,221,206,188
MA11,2008/11/20,170,154,146,144,150,163,180,197,211,218,219,216,210,202,197,195,196,200,206,210,212,211,205,196
MA11,2008/11/21,184,171,160,154,155,161,174,190,205,217,223,223,220,212,203,194,188,186,188,192,196,200,203,204
MA11,2008/11/22,199,188,177,167,160,159,165,175,189,203,213,218,217,210,200,188,177,168,164,166,173,183,194,203
MA11,2008/11/23,208,208,202,193,183,177,176,180,190,203,215,224,226,222,212,197,178,162,150,146,148,158,172,187
MA11,2008/11/24,199,206,207,202,192,182,176,175,181,192,205,217,225,226,218,204,183,160,143,132,130,138,152,171
MA11,2008/11/25,191,208,219,221,217,208,199,194,194,200,211,224,234,239,235,222,202,176,150,132,121,122,134,152
MA11,2008/11/26,175,197,213,221,221,214,205,195,189,191,199,210,223,232,233,225,207,181,153,128,111,105,111,127
MA11,2008/11/27,150,177,200,216,222,221,213,203,195,193,197,208,222,235,243,241,228,205,175,146,123,109,109,121
MA11,2008/11/28,141,169,198,219,233,238,235,227,220,214,217,227,242,259,271,272,262,244,217,188,159,136,126,129
MA11,2008/11/29,144,168,195,218,235,244,243,234,224,213,208,211,220,233,248,256,255,242,218,189,160,136,122,119
MA11,2008/11/30,128,147,173,198,218,232,235,230,221,211,203,203,208,219,233,243,247,239,219,192,163,135,114,105
MA11,2008/12/01,107,121,143,167,190,208,218,219,214,205,198,194,196,205,218,231,240,238,226,205,179,152,130,115
MA11,2008/12/02,112,121,138,160,183,203,218,224,221,214,207,201,199,204,214,227,237,240,235,220,199,176,152,134
MA11,2008/12/03,126,128,138,156,176,196,212,221,224,220,213,206,201,202,208,217,226,232,231,223,208,187,166,148
MA11,2008/12/04,134,130,136,148,163,182,199,212,218,217,212,206,200,196,197,203,210,218,222,220,213,200,184,168
MA11,2008/12/05,155,147,147,153,165,181,199,215,224,228,228,223,215,209,205,206,210,214,218,222,221,214,205,192
MA11,2008/12/06,180,171,166,166,171,182,196,210,221,228,230,225,218,209,199,192,188,186,190,195,198,200,197,191
MA11,2008/12/07,183,175,167,162,161,167,177,189,201,211,216,215,209,199,186,175,165,159,160,165,173,183,190,193
MA11,2008/12/08,192,187,180,175,171,171,175,184,197,209,216,218,214,205,191,175,158,146,139,141,150,163,177,189
MA11,2008/12/09,195,199,198,191,184,181,179,184,195,206,216,223,224,219,207,187,165,144,129,124,127,140,158,178
MA11,2008/12/10,195,209,216,216,211,204,200,200,205,214,225,236,241,240,231,212,186,159,133,117,113,120,137,161
MA11,2008/12/11,186,210,226,232,231,226,219,214,214,220,230,242,253,259,257,243,219,188,156,128,110,105,116,138
MA11,2008/12/12,166,195,220,235,241,240,233,226,220,219,224,233,246,256,258,250,231,201,165,129,101,087,087,101
MA11,2008/12/13,126,157,189,214,230,234,232,225,217,213,214,221,234,248,259,261,251,227,193,155,120,094,081,085
MA11,2008/12/14,102,131,165,196,220,235,238,235,227,219,216,219,228,243,258,267,267,252,225,191,152,118,096,087
MA11,2008/12/15,092,112,140,172,200,220,231,231,224,215,208,205,210,222,238,253,260,255,239,211,177,143,113,094
MA11,2008/12/16,089,098,119,147,177,201,217,222,219,211,201,194,194,201,214,231,242,245,239,223,198,168,138,114
MA11,2008/12/17,101,101,115,136,160,186,206,217,217,210,200,190,184,185,194,208,222,232,235,229,215,196,172,149
MA11,2008/12/18,132,127,132,147,167,191,213,228,233,230,221,209,199,193,193,200,211,220,226,228,222,210,193,174
MA11,2008/12/19,156,145,143,149,162,180,199,216,225,225,219,208,195,184,177,176,181,187,195,203,204,202,196,186
MA11,2008/12/20,174,165,159,158,166,179,194,210,221,225,223,212,199,187,175,168,166,167,172,180,186,191,194,192
MA11,2008/12/21,187,181,175,171,173,180,191,205,217,225,227,222,211,198,185,171,162,158,158,165,174,183,193,200
MA11,2008/12/22,203,205,204,199,197,199,206,215,226,235,238,236,229,216,201,185,169,154,146,145,150,159,172,183
MA11,2008/12/23,193,200,202,201,198,196,198,202,210,220,228,232,231,224,211,195,175,155,139,131,130,137,150,166
MA11,2008/12/24,183,197,205,208,207,204,200,199,202,210,218,225,228,226,218,203,182,158,136,121,116,120,132,150
MA11,2008/12/25,171,192,208,217,221,219,215,210,210,214,223,233,242,248,246,235,218,193,167,145,132,128,136,150
MA11,2008/12/26,170,192,210,224,231,230,225,218,213,212,217,225,236,246,248,242,228,203,174,147,126,115,114,125
MA11,2008/12/27,145,171,197,217,229,233,231,224,216,212,212,218,230,241,250,252,242,221,195,165,140,122,114,119
MA11,2008/12/28,135,160,188,211,229,239,238,231,222,214,211,214,223,236,249,255,252,237,211,182,153,129,115,114
MA11,2008/12/29,125,147,174,198,219,233,236,231,222,212,205,204,210,224,239,249,251,242,221,195,166,138,120,113
MA11,2008/12/30,118,137,162,189,213,230,236,234,226,215,206,201,204,215,231,246,256,253,241,220,193,164,141,127
MA11,2008/12/31,126,135,155,181,204,223,235,236,230,219,206,198,197,202,216,232,244,249,244,228,205,178,154,137
