MA11,2009/01/01,130,135,151,173,196,218,233,238,235,226,213,202,196,198,207,221,236,245,245,237,220,197,175,155
MA11,2009/01/02,143,144,155,171,192,213,230,239,239,232,219,204,192,188,192,202,214,224,231,229,219,203,184,165
MA11,2009/01/03,151,147,152,163,181,201,218,229,232,226,215,199,185,176,172,175,184,194,204,209,208,201,188,173
MA11,2009/01/04,161,154,154,162,175,192,209,222,229,228,220,205,191,177,168,166,169,176,186,195,201,202,197,188
MA11,2009/01/05,179,173,171,174,181,194,209,221,231,234,230,219,204,189,176,167,162,163,168,177,188,196,200,200
MA11,2009/01/06,198,195,192,192,195,203,213,223,233,239,239,231,217,201,184,167,153,144,142,149,159,172,184,192
MA11,2009/01/07,198,201,201,200,201,203,208,216,224,232,235,231,223,211,194,173,153,135,125,123,129,142,159,176
MA11,2009/01/08,190,202,209,211,211,211,211,213,219,227,233,236,234,226,212,193,168,142,121,108,106,115,132,153
MA11,2009/01/09,176,197,213,221,223,222,220,217,220,225,233,239,244,244,238,224,200,170,140,117,105,106,118,141
MA11,2009/01/10,170,199,225,243,252,254,250,244,241,244,250,257,265,271,272,266,246,215,180,148,123,109,108,122
MA11,2009/01/11,146,177,207,230,244,249,245,237,229,225,226,232,243,258,268,270,260,237,203,166,131,106,94,97
MA11,2009/01/12,115,145,178,208,229,241,243,236,225,217,213,217,228,245,262,274,273,261,235,199,163,132,110,102
MA11,2009/01/13,110,132,162,194,219,236,241,236,224,211,201,198,203,217,237,253,264,263,248,221,187,151,123,107
MA11,2009/01/14,104,118,143,172,200,222,231,229,217,201,187,177,176,186,204,225,242,250,246,231,205,175,145,124
MA11,2009/01/15,114,118,136,162,190,213,228,230,220,205,186,170,162,164,176,193,211,224,229,223,208,186,162,140
MA11,2009/01/16,128,126,136,155,179,203,220,226,220,207,189,170,155,150,155,167,183,199,209,212,207,195,177,161
MA11,2009/01/17,148,143,147,161,181,201,217,227,227,217,201,182,164,152,149,153,163,174,185,193,193,190,183,171
MA11,2009/01/18,160,155,154,162,177,194,211,222,225,220,207,189,171,156,147,145,149,157,167,176,184,189,188,185
MA11,2009/01/19,182,181,181,184,194,210,225,236,241,239,231,218,200,184,172,161,154,154,157,161,169,176,179,181
MA11,2009/01/20,183,184,186,187,191,199,209,218,225,228,224,215,201,187,173,159,147,141,137,138,144,153,162,171
MA11,2009/01/21,178,185,190,191,194,198,203,209,216,221,222,218,210,200,188,172,157,142,132,129,132,139,150,164
MA11,2009/01/22,177,189,198,202,205,206,206,207,211,216,220,221,220,215,206,191,173,154,137,125,123,128,138,153
MA11,2009/01/23,172,191,206,215,218,218,215,212,213,217,223,230,234,236,233,223,205,182,160,142,132,130,137,150
MA11,2009/01/24,171,193,211,223,230,230,225,219,214,213,218,226,234,242,244,238,222,198,171,146,127,119,121,133
MA11,2009/01/25,153,178,200,217,227,229,223,214,206,200,201,208,218,230,239,239,228,207,180,151,127,111,107,115
MA11,2009/01/26,134,159,184,205,218,223,219,209,198,189,186,190,202,217,232,238,233,218,193,163,136,115,105,107
MA11,2009/01/27,121,144,171,194,210,219,216,205,191,178,170,172,182,198,215,228,230,220,199,170,140,114,97,93
MA11,2009/01/28,103,124,150,176,197,210,211,202,187,173,162,157,162,177,197,215,224,222,208,183,154,127,107,97
MA11,2009/01/29,101,119,144,168,192,210,215,209,195,178,163,154,154,166,185,205,222,227,220,202,176,148,124,111
MA11,2009/01/30,108,119,141,166,189,208,217,214,202,185,167,153,147,152,168,191,210,222,225,215,196,174,153,137
MA11,2009/01/31,132,139,156,180,204,225,238,239,231,215,196,179,169,169,181,201,221,237,245,242,229,212,192,174
MA11,2009/02/01,164,163,172,188,207,225,237,239,231,215,194,173,155,145,147,159,173,189,201,206,203,194,179,166
MA11,2009/02/02,157,154,160,173,189,207,220,226,223,213,195,173,152,138,132,136,146,161,174,183,189,188,183,176
MA11,2009/02/03,170,169,173,181,194,209,221,229,230,223,209,190,169,150,138,132,134,141,150,161,171,178,180,180
MA11,2009/02/04,179,180,182,186,194,205,216,223,227,225,217,203,185,167,150,137,128,126,129,136,147,159,169,177
MA11,2009/02/05,184,189,194,197,201,208,215,222,227,228,227,220,207,192,176,158,142,130,123,124,131,144,160,175
MA11,2009/02/06,191,205,214,218,219,220,221,223,225,229,232,232,228,219,204,185,163,140,121,110,110,118,133,152
MA11,2009/02/07,174,194,208,217,220,219,216,215,214,217,223,230,234,234,229,216,193,165,139,118,106,106,116,134
MA11,2009/02/08,160,186,207,221,225,222,217,209,204,204,210,219,230,239,243,237,219,192,160,130,107,96,97,112
MA11,2009/02/09,138,167,194,213,223,223,215,203,193,188,191,201,215,232,245,250,243,223,193,159,128,108,100,107
MA11,2009/02/10,128,158,190,216,231,235,229,214,199,187,182,188,203,222,242,256,258,247,222,190,156,127,109,107
MA11,2009/02/11,120,146,176,204,225,234,229,215,195,177,166,165,174,194,219,242,254,253,240,215,185,155,131,121
MA11,2009/02/12,128,148,176,203,226,239,238,223,202,178,159,149,150,162,185,210,228,237,232,217,194,166,141,127
MA11,2009/02/13,125,137,161,188,212,230,233,224,206,182,159,145,140,147,167,193,216,231,237,232,218,199,179,165
MA11,2009/02/14,161,170,189,213,237,255,263,257,240,217,191,169,155,152,162,179,197,214,224,224,217,204,188,173
MA11,2009/02/15,166,168,179,197,217,235,245,244,232,212,190,168,151,143,146,156,171,186,198,206,207,202,193,185
MA11,2009/02/16,180,180,187,200,217,234,246,249,241,227,207,185,165,151,145,147,156,168,179,188,193,193,189,184
MA11,2009/02/17,181,181,185,194,205,218,230,236,234,225,209,191,173,158,147,143,144,149,157,165,173,178,180,180
MA11,2009/02/18,182,186,190,194,201,210,218,225,227,222,212,199,183,168,156,147,142,141,144,150,158,165,173,179
MA11,2009/02/19,186,193,198,200,204,208,213,218,219,218,215,207,196,184,171,159,148,139,134,133,138,147,157,169
MA11,2009/02/20,182,193,201,205,208,211,214,217,221,225,229,231,230,224,214,203,188,173,160,152,150,155,163,175
MA11,2009/02/21,191,205,214,218,217,213,209,205,202,203,207,211,213,210,205,195,178,160,142,127,120,120,128,143
MA11,2009/02/22,161,182,199,207,209,207,201,194,191,190,196,205,213,219,222,216,201,180,156,136,123,118,124,138
MA11,2009/02/23,159,182,201,213,218,215,206,197,189,186,190,200,212,223,230,230,218,198,173,148,126,114,113,123
MA11,2009/02/24,144,169,192,209,216,212,203,189,175,165,164,173,188,205,219,226,222,206,183,155,131,115,109,116
MA11,2009/02/25,135,161,187,208,219,221,213,198,181,166,162,169,182,202,224,238,241,232,211,183,156,134,121,122
MA11,2009/02/26,136,159,184,206,221,224,216,199,177,159,148,147,158,178,202,223,233,230,215,190,162,138,122,117
MA11,2009/02/27,126,146,171,195,214,222,218,202,180,157,140,133,138,154,178,204,222,229,223,206,182,158,139,130
MA11,2009/02/28,133,150,172,195,215,226,224,210,186,160,138,125,122,133,156,181,202,215,217,207,188,167,148,136
MA11,2009/03/01,135,145,163,185,206,219,221,212,192,166,141,123,114,117,132,156,180,200,211,211,201,186,170,157
MA11,2009/03/02,153,159,172,190,208,224,230,225,208,183,156,133,116,109,116,133,153,173,189,195,194,186,174,165
MA11,2009/03/03,160,162,171,187,203,217,225,223,213,194,170,147,126,113,113,121,134,151,168,180,187,187,183,178
MA11,2009/03/04,176,178,184,194,207,220,229,231,223,209,192,172,151,134,125,123,127,137,150,163,174,181,184,185
MA11,2009/03/05,185,187,190,195,204,213,221,225,222,214,202,188,169,149,133,124,118,118,125,134,145,157,167,176
MA11,2009/03/06,185,192,196,199,205,211,217,222,224,222,219,212,202,187,171,157,144,135,131,133,141,154,169,183
MA11,2009/03/07,195,206,213,215,216,215,213,213,215,216,217,217,213,204,192,174,152,131,116,108,108,117,133,151
MA11,2009/03/08,170,187,197,200,199,195,189,185,185,187,193,202,208,210,206,194,173,148,125,106,98,100,112,133
MA11,2009/03/09,158,181,198,206,206,198,188,177,170,170,178,191,204,215,221,219,204,180,153,127,110,103,109,127
MA11,2009/03/10,153,180,201,214,218,212,199,183,171,165,169,184,203,222,236,242,235,215,188,158,133,119,116,127
MA11,2009/03/11,150,176,200,216,220,213,196,175,155,141,139,149,167,188,212,227,229,220,200,172,144,123,113,118
MA11,2009/03/12,137,163,189,209,219,215,199,176,150,129,118,120,134,157,184,207,218,218,206,182,156,134,120,118
MA11,2009/03/13,131,154,180,203,217,218,206,185,158,131,114,110,119,139,167,195,217,227,224,211,191,171,156,151
MA11,2009/03/14,158,177,202,225,242,249,241,222,195,165,143,131,129,141,162,187,210,224,226,219,204,186,169,160
MA11,2009/03/15,161,172,190,211,228,236,233,217,192,163,137,119,111,116,131,154,177,196,206,207,200,188,175,166
MA11,2009/03/16,163,170,184,201,218,230,232,223,203,177,153,132,119,117,125,143,163,182,197,205,204,198,190,183
MA11,2009/03/17,181,184,192,206,221,233,239,236,220,199,178,158,141,132,132,140,153,166,179,188,192,191,187,183
MA11,2009/03/18,181,182,186,194,206,216,223,223,214,199,181,163,147,135,130,132,139,149,159,169,177,181,183,183
MA11,2009/03/19,185,188,190,195,203,211,218,221,216,207,195,180,165,153,144,140,140,143,150,159,168,176,183,189
MA11,2009/03/20,195,200,203,206,210,214,217,218,219,216,208,199,188,175,162,154,146,142,141,144,151,160,169,177
MA11,2009/03/21,186,194,197,197,197,197,197,198,199,199,199,197,192,184,174,164,153,142,136,134,137,145,158,172
MA11,2009/03/22,186,198,205,206,205,202,198,196,197,200,206,211,213,212,207,199,187,173,160,153,152,159,172,188
MA11,2009/03/23,204,219,227,227,222,213,202,194,189,189,196,206,214,218,216,208,194,175,155,141,134,136,146,162
MA11,2009/03/24,181,199,211,215,212,202,190,178,169,167,175,189,203,215,221,220,209,190,168,148,135,130,136,152
MA11,2009/03/25,173,196,214,222,220,211,196,178,163,157,162,176,196,214,229,236,231,215,193,171,153,144,145,157
MA11,2009/03/26,177,200,220,232,232,222,204,181,160,147,146,158,178,200,221,235,236,225,206,182,161,145,140,149
MA11,2009/03/27,167,191,212,227,230,222,204,179,152,134,126,131,148,173,200,223,235,232,219,199,178,159,149,151
MA11,2009/03/28,165,186,208,225,234,230,213,188,158,132,116,113,125,148,176,204,223,230,224,210,191,173,161,158
MA11,2009/03/29,167,185,205,224,235,236,223,198,167,138,115,105,108,125,151,179,204,220,223,216,202,184,171,165
MA11,2009/03/30,169,183,201,220,233,237,229,209,180,148,121,103,97,105,125,152,178,199,210,212,205,193,181,173
MA11,2009/03/31,173,182,196,213,226,234,232,218,194,165,137,114,101,99,109,130,153,176,193,202,203,198,190,183
MA11,2009/04/01,182,187,198,212,226,237,240,232,215,192,166,143,124,114,115,126,144,163,181,195,204,207,206,203
MA11,2009/04/02,203,206,212,222,232,242,247,244,232,214,194,172,151,134,124,124,131,141,153,167,180,188,192,193
MA11,2009/04/03,194,196,199,202,208,215,220,221,218,209,197,182,163,146,132,123,120,122,129,140,153,165,175,183
MA11,2009/04/04,188,192,194,194,194,197,201,204,204,204,201,195,185,172,158,145,134,127,126,132,144,160,175,189
MA11,2009/04/05,200,206,208,207,202,199,198,198,201,205,209,213,212,205,195,180,163,147,136,133,137,149,164,182
MA11,2009/04/06,197,208,212,209,201,192,184,178,178,183,193,204,213,217,214,204,187,167,150,138,136,142,156,176
MA11,2009/04/07,195,210,217,215,204,190,175,162,155,157,167,182,200,214,221,218,206,186,163,146,137,137,147,165
MA11,2009/04/08,187,205,217,217,208,191,171,151,138,134,141,158,180,202,218,226,221,205,184,163,148,141,147,162
MA11,2009/04/09,183,204,218,223,215,198,175,150,128,117,119,132,155,180,203,219,223,214,197,176,157,146,143,154
MA11,2009/04/10,175,196,215,226,223,208,184,155,128,110,104,111,130,157,184,207,220,221,210,194,175,160,153,157
MA11,2009/04/11,173,194,213,227,229,219,198,168,137,112,98,98,110,133,161,187,207,216,212,200,185,169,159,158
MA11,2009/04/12,169,187,206,222,229,225,209,182,153,126,107,100,105,123,148,176,200,215,219,215,205,191,180,176
MA11,2009/04/13,182,195,213,229,240,241,230,209,181,153,130,116,113,122,141,166,189,207,217,219,214,204,193,187
MA11,2009/04/14,189,198,211,226,238,243,238,221,197,170,145,127,118,119,131,151,172,191,206,213,214,210,203,198
MA11,2009/04/15,197,203,214,227,240,249,250,240,220,197,175,155,140,134,139,152,167,183,197,207,211,210,206,203
MA11,2009/04/16,201,202,207,216,225,233,236,229,216,198,179,161,145,135,133,139,149,162,176,187,195,198,198,198
MA11,2009/04/17,197,196,198,202,208,215,220,218,211,201,187,171,156,144,137,137,141,149,160,171,181,189,193,197
MA11,2009/04/18,200,198,198,198,199,203,208,208,206,202,195,185,175,163,154,149,147,149,154,163,174,184,191,198
MA11,2009/04/19,201,201,200,197,194,193,193,193,194,195,194,191,185,176,166,156,148,143,142,148,157,168,179,190
MA11,2009/04/20,198,202,201,196,189,184,181,180,181,186,191,195,195,191,183,172,161,150,145,145,151,162,175,190
MA11,2009/04/21,203,210,211,205,195,184,175,170,169,175,186,196,204,207,205,197,185,171,161,156,158,166,180,198
MA11,2009/04/22,214,225,230,226,213,196,180,168,163,167,179,193,207,218,223,220,209,193,177,165,162,166,177,194
MA11,2009/04/23,211,225,232,228,215,195,174,154,142,140,149,167,187,206,219,221,215,201,183,168,159,157,164,179
MA11,2009/04/24,197,214,225,224,212,192,166,140,120,112,119,136,160,186,208,220,222,213,196,179,165,158,161,173
MA11,2009/04/25,192,211,226,230,222,203,177,147,120,105,103,115,140,171,200,223,235,235,225,211,197,188,186,195
MA11,2009/04/26,212,231,249,259,256,242,218,188,157,133,121,124,141,169,201,229,249,256,251,240,226,212,206,207
MA11,2009/04/27,218,234,251,263,265,255,234,203,167,136,115,107,114,134,162,192,217,233,238,234,223,211,201,198
MA11,2009/04/28,204,217,232,246,252,249,234,208,175,141,113,96,92,103,125,152,179,201,213,218,214,204,196,191
MA11,2009/04/29,192,201,214,228,239,242,235,217,189,157,128,106,92,92,104,125,150,174,193,204,207,203,198,193
MA11,2009/04/30,192,196,205,216,227,235,234,223,205,180,153,128,110,100,102,112,129,151,171,187,196,199,197,194
MA11,2009/05/01,191,191,195,202,210,219,224,222,212,197,177,156,136,121,113,114,122,137,153,171,184,192,195,195
MA11,2009/05/02,193,190,189,191,195,201,207,211,208,202,192,179,163,147,133,127,128,134,146,161,177,190,199,202
MA11,2009/05/03,202,198,194,190,188,189,192,196,200,201,200,197,188,176,162,150,143,140,144,155,170,184,197,205
MA11,2009/05/04,208,206,200,190,180,175,173,175,180,187,194,199,200,195,186,173,161,151,147,152,162,177,192,204
MA11,2009/05/05,211,212,206,194,179,166,158,154,156,166,178,190,201,205,203,195,183,170,160,157,163,174,189,204
MA11,2009/05/06,215,220,217,205,187,168,152,141,138,144,157,175,194,207,214,211,202,189,176,167,165,172,186,203
MA11,2009/05/07,218,226,227,218,199,177,155,136,126,127,139,158,181,202,218,224,222,213,199,186,180,181,191,207
MA11,2009/05/08,224,238,243,237,221,198,171,146,129,121,126,143,167,193,215,229,234,228,216,201,190,185,189,200
MA11,2009/05/09,216,232,241,239,226,205,178,148,123,108,106,117,139,165,191,212,224,225,218,206,194,187,185,191
MA11,2009/05/10,206,224,237,242,236,220,195,165,136,115,105,108,124,148,175,200,218,225,223,214,202,192,187,189
MA11,2009/05/11,199,215,230,240,240,229,208,179,147,121,105,101,110,129,155,182,204,219,223,219,211,201,193,191
MA11,2009/05/12,198,211,226,239,244,239,224,199,170,142,121,112,113,125,148,172,197,217,227,229,225,216,209,205
MA11,2009/05/13,207,216,229,241,251,251,242,223,196,169,145,129,123,127,141,161,184,203,216,222,221,215,208,202
MA11,2009/05/14,201,204,214,226,237,242,240,227,206,183,160,141,131,130,136,150,168,186,202,213,216,213,207,200
MA11,2009/05/15,196,196,201,209,219,226,229,221,205,186,164,144,130,123,124,133,148,165,181,194,201,202,199,195
MA11,2009/05/16,191,189,190,194,201,208,214,213,204,191,175,158,144,133,129,133,143,156,171,185,196,202,204,201
MA11,2009/05/17,198,193,190,190,193,198,205,208,207,202,193,181,170,159,153,152,157,166,178,192,206,216,222,223
MA11,2009/05/18,219,214,207,202,200,200,202,207,209,208,203,196,188,178,168,162,159,162,169,178,191,202,211,214
MA11,2009/05/19,214,209,202,192,183,177,177,180,185,192,197,199,198,193,185,176,169,165,167,174,186,198,208,216
MA11,2009/05/20,219,217,207,193,180,169,161,159,164,173,185,195,202,203,199,191,181,173,170,172,180,191,204,215
MA11,2009/05/21,221,221,213,199,180,163,148,141,142,150,167,184,198,208,210,206,198,188,180,178,182,191,204,217
MA11,2009/05/22,229,233,227,213,193,169,147,132,126,132,147,169,191,210,221,225,221,211,201,194,192,197,208,222
MA11,2009/05/23,235,243,243,232,212,186,158,134,119,116,127,148,175,202,222,234,236,230,219,208,201,201,207,220
MA11,2009/05/24,236,247,252,246,228,203,172,140,115,103,105,122,148,179,208,229,240,241,233,222,212,207,208,217
MA11,2009/05/25,232,246,256,256,244,223,191,156,123,99,90,98,118,148,180,208,227,236,234,227,217,208,205,209
MA11,2009/05/26,220,235,248,255,251,237,211,177,140,109,89,83,93,116,146,177,204,221,227,225,218,209,201,200
MA11,2009/05/27,207,221,236,248,252,246,228,201,167,132,105,88,86,99,123,152,181,204,218,222,220,212,203,197
MA11,2009/05/28,199,208,221,235,245,248,240,220,193,161,131,108,96,97,112,134,160,186,205,215,218,215,206,198
MA11,2009/05/29,195,197,206,219,232,241,242,232,213,189,161,137,118,110,114,127,147,172,194,209,217,217,210,202
MA11,2009/05/30,195,192,195,203,215,225,232,232,225,211,192,170,151,137,133,138,152,171,192,211,223,228,226,219
MA11,2009/05/31,211,203,198,199,205,213,222,229,229,223,213,199,183,169,159,156,162,173,189,207,222,231,233,227
MA11,2009/06/01,219,208,197,190,188,191,198,205,210,213,214,210,201,190,178,170,168,173,183,196,210,223,228,226
MA11,2009/06/02,220,209,195,181,172,167,168,174,183,192,200,205,205,201,195,188,182,180,184,194,207,220,229,232
MA11,2009/06/03,229,221,207,190,174,162,156,157,163,173,187,199,208,213,212,207,200,195,193,198,207,219,230,238
MA11,2009/06/04,240,235,223,206,185,166,152,144,146,154,168,186,203,214,220,220,214,207,200,198,202,211,223,233
MA11,2009/06/05,240,240,232,215,194,171,150,135,129,132,146,165,186,205,219,226,225,220,211,205,203,208,217,230
MA11,2009/06/06,242,247,245,233,213,189,163,141,127,124,132,150,172,196,216,229,235,232,224,215,209,208,214,225
MA11,2009/06/07,237,248,251,245,231,208,180,154,132,119,121,134,154,180,204,222,233,235,228,218,209,205,206,213
MA11,2009/06/08,226,239,246,246,237,216,189,160,133,113,106,112,129,154,180,203,220,227,225,218,209,200,197,200
MA11,2009/06/09,210,224,236,242,238,224,201,172,142,119,105,104,116,136,161,187,208,221,225,220,211,202,195,195
MA11,2009/06/10,202,215,229,240,243,236,219,193,165,138,119,111,116,132,156,182,206,224,232,232,226,217,209,205
MA11,2009/06/11,208,219,232,245,254,254,242,222,196,169,147,134,132,142,160,183,208,228,240,243,238,229,220,212
MA11,2009/06/12,210,215,226,237,248,252,246,231,208,182,159,141,133,135,147,167,190,211,226,233,233,227,218,208
MA11,2009/06/13,204,205,211,221,233,241,242,234,217,195,173,154,141,138,145,159,178,198,215,227,230,227,218,208
MA11,2009/06/14,200,196,198,205,215,225,231,229,220,205,186,169,155,147,149,157,172,190,207,219,227,227,221,211
MA11,2009/06/15,201,194,189,190,196,206,214,218,217,208,196,182,168,158,155,157,166,181,196,209,220,224,221,213
MA11,2009/06/16,203,192,182,177,177,183,192,200,204,203,198,190,180,171,165,163,168,177,189,203,214,222,224,218
MA11,2009/06/17,208,195,182,171,165,165,170,178,186,193,197,196,191,185,178,174,174,179,188,198,211,222,226,223
MA11,2009/06/18,216,204,188,171,159,151,151,157,167,179,191,199,201,201,198,193,190,190,193,201,211,223,231,232
MA11,2009/06/19,229,219,202,182,163,147,138,137,143,156,173,189,201,209,211,209,204,200,199,200,208,218,227,234
MA11,2009/06/20,237,230,216,196,171,148,130,119,119,129,146,169,190,207,218,222,220,216,210,208,210,217,227,237
MA11,2009/06/21,244,245,237,219,196,168,141,120,109,110,125,148,174,199,219,230,234,231,225,219,216,218,226,236
MA11,2009/06/22,248,255,254,243,222,194,162,132,110,101,106,124,151,182,211,232,243,246,242,233,226,224,228,238
MA11,2009/06/23,252,265,273,271,258,233,199,164,132,109,102,110,130,159,190,218,238,246,245,238,229,222,220,224
MA11,2009/06/24,235,250,263,268,264,248,221,186,149,119,99,95,107,131,163,195,220,236,242,237,229,219,211,210
MA11,2009/06/25,217,231,247,259,264,258,240,211,175,140,113,99,99,113,138,168,197,219,231,232,225,214,203,196
MA11,2009/06/26,198,208,222,238,252,256,248,230,202,171,141,119,109,113,129,155,183,208,225,231,227,217,203,192
MA11,2009/06/27,187,190,200,215,231,242,245,237,219,195,167,144,129,125,133,152,175,200,221,231,232,225,212,197
MA11,2009/06/28,186,181,184,195,209,223,233,234,227,212,193,172,155,146,147,157,176,198,218,232,238,233,220,205
MA11,2009/06/29,190,179,173,176,185,197,210,219,220,214,204,191,176,165,162,166,178,195,212,228,238,237,228,214
MA11,2009/06/30,198,182,170,164,166,174,185,195,204,207,206,201,194,185,180,180,185,197,212,226,238,243,239,229
MA11,2009/07/01,214,198,182,169,163,163,169,177,186,196,203,206,206,204,199,197,199,204,213,225,236,244,245,240
MA11,2009/07/02,230,215,198,180,167,160,159,163,171,182,194,204,211,214,215,214,212,213,216,223,232,242,247,246
MA11,2009/07/03,241,230,213,193,174,159,149,145,149,158,172,187,201,211,218,220,219,216,214,216,222,230,238,243
MA11,2009/07/04,243,238,226,208,188,167,150,139,136,142,155,173,192,208,221,227,227,224,219,215,215,221,228,235
MA11,2009/07/05,241,242,235,221,201,177,154,135,124,123,132,148,169,191,208,220,225,223,218,212,208,209,215,224
MA11,2009/07/06,234,241,241,232,216,194,168,143,125,116,119,132,153,176,199,217,226,227,223,214,208,206,208,216
MA11,2009/07/07,229,240,245,243,232,213,186,158,134,119,114,122,140,164,189,212,227,232,228,221,213,207,204,210
MA11,2009/07/08,223,237,248,253,248,234,211,182,153,133,122,123,136,157,183,207,226,235,235,228,217,207,201,202
MA11,2009/07/09,211,226,240,249,251,244,225,198,169,143,125,120,128,147,173,197,219,234,237,233,224,213,204,201
MA11,2009/07/10,206,220,236,251,261,261,249,227,199,172,150,139,140,152,173,196,218,234,240,237,228,215,201,193
MA11,2009/07/11,193,201,216,232,244,249,243,225,201,175,151,135,131,138,155,177,201,221,232,233,226,214,200,188
MA11,2009/07/12,183,187,197,211,226,237,238,229,210,187,164,146,137,139,151,171,193,213,227,232,229,219,204,189
MA11,2009/07/13,179,177,183,195,211,225,233,232,221,205,187,170,159,156,162,178,197,216,231,239,238,229,214,197
MA11,2009/07/14,182,174,172,179,191,205,216,221,218,208,194,180,168,161,164,174,189,207,222,233,237,233,220,204
MA11,2009/07/15,189,176,169,169,177,189,202,212,217,214,207,198,190,184,183,189,200,214,228,239,246,245,236,221
MA11,2009/07/16,204,188,173,165,166,172,183,194,203,208,209,206,201,197,194,196,203,211,222,234,242,244,240,228
MA11,2009/07/17,213,195,177,163,153,152,158,167,179,191,201,207,209,209,209,209,210,215,222,230,239,245,244,238
MA11,2009/07/18,227,212,193,173,156,146,142,146,155,169,185,200,211,219,223,225,225,225,228,233,239,247,253,253
MA11,2009/07/19,248,237,220,198,176,156,141,134,136,149,166,186,207,223,234,239,240,238,235,235,238,243,249,253
MA11,2009/07/20,254,250,238,219,193,165,141,122,114,117,131,153,179,202,221,233,237,234,229,223,222,225,232,242
MA11,2009/07/21,253,258,255,243,223,195,162,134,115,107,114,133,160,190,217,237,247,249,244,236,230,230,235,243
MA11,2009/07/22,257,271,278,275,261,236,203,168,137,117,112,121,144,173,203,229,245,251,246,234,223,215,213,218
MA11,2009/07/23,231,248,263,269,266,250,223,188,151,122,106,104,117,143,174,204,227,239,238,229,215,201,193,193
MA11,2009/07/24,203,220,240,257,264,259,242,214,179,147,123,112,116,135,163,193,220,237,241,234,220,204,189,181
MA11,2009/07/25,186,200,219,240,256,262,257,239,212,181,153,135,131,141,164,192,219,240,249,246,233,213,193,180
MA11,2009/07/26,174,180,194,214,233,247,251,244,226,202,177,157,147,151,166,189,215,237,251,252,243,225,204,185
MA11,2009/07/27,172,170,178,193,212,229,240,242,234,219,200,182,170,168,176,194,216,236,250,255,250,236,216,195
MA11,2009/07/28,177,167,167,175,189,206,220,228,228,222,211,198,188,184,186,198,215,233,247,255,254,244,227,205
MA11,2009/07/29,186,172,162,161,169,181,194,206,212,214,212,207,202,198,198,204,215,230,243,254,258,254,242,224
MA11,2009/07/30,206,190,176,167,165,170,179,189,198,204,208,210,209,208,208,211,217,225,234,244,251,251,245,232
MA11,2009/07/31,216,199,183,169,159,155,158,164,172,182,192,200,206,210,214,217,219,222,227,234,241,245,244,239
MA11,2009/08/01,229,217,201,184,168,158,153,153,158,168,180,193,206,216,223,227,228,227,227,229,234,241,246,247
MA11,2009/08/02,244,236,224,208,189,171,158,151,150,156,169,185,202,218,229,234,236,232,228,226,227,232,238,244
MA11,2009/08/03,248,248,240,225,205,184,163,147,138,139,149,166,185,205,221,231,234,230,223,217,213,215,221,229
MA11,2009/08/04,239,246,245,236,220,199,175,153,138,133,138,153,174,197,219,233,239,238,231,221,214,211,214,224
MA11,2009/08/05,236,248,254,251,240,220,195,168,146,134,134,145,164,188,212,231,241,242,233,221,210,203,202,210
MA11,2009/08/06,223,238,251,254,247,233,208,179,153,134,127,134,150,173,199,222,236,240,234,221,207,196,191,195
MA11,2009/08/07,207,224,241,251,252,243,223,195,166,144,131,131,144,165,192,217,235,243,239,228,211,196,186,184
MA11,2009/08/08,193,210,230,246,254,251,236,212,183,158,142,136,142,160,185,211,232,243,242,232,215,197,182,175
MA11,2009/08/09,180,194,213,231,245,250,243,224,199,173,154,143,143,156,178,203,224,239,242,233,217,198,179,167
MA11,2009/08/10,165,173,189,209,228,239,240,229,209,186,166,152,150,158,175,199,222,238,245,241,229,210,189,172
MA11,2009/08/11,164,167,179,197,217,233,240,236,223,206,188,174,168,172,185,204,224,241,250,250,240,221,198,179
MA11,2009/08/12,165,160,166,179,196,216,228,231,227,216,202,190,182,183,193,208,225,241,251,254,249,233,213,192
MA11,2009/08/13,173,163,162,167,180,197,213,224,228,225,218,210,204,203,208,217,232,245,256,262,260,249,232,211
MA11,2009/08/14,191,174,163,159,163,173,188,200,209,214,214,211,209,208,209,215,223,233,243,249,251,246,234,218
MA11,2009/08/15,199,180,164,152,148,150,159,170,182,194,203,208,211,213,214,218,223,229,235,241,246,246,241,231
MA11,2009/08/16,217,199,180,162,148,141,140,145,156,169,184,198,209,217,222,224,225,226,227,232,236,239,241,238
MA11,2009/08/17,231,219,202,180,160,142,131,126,130,141,158,178,197,213,224,229,229,227,224,223,226,230,236,242
MA11,2009/08/18,243,240,229,211,187,162,139,123,117,122,137,159,184,206,223,233,234,229,222,216,214,217,223,234
MA11,2009/08/19,245,251,249,239,218,191,161,135,117,112,120,139,166,194,218,234,239,235,225,214,205,201,206,217
MA11,2009/08/20,233,249,259,259,247,224,193,160,132,117,115,128,152,182,211,233,243,241,230,215,201,191,190,199
MA11,2009/08/21,216,238,257,267,265,253,228,195,163,139,128,132,151,178,208,236,252,252,240,223,203,186,178,180
MA11,2009/08/22,194,216,240,259,268,265,249,223,191,163,145,141,152,174,203,231,249,255,248,230,208,186,169,164
MA11,2009/08/23,171,190,215,238,256,264,257,239,213,186,165,155,158,175,200,227,249,260,257,243,220,195,172,159
MA11,2009/08/24,158,168,188,212,233,247,251,242,225,204,184,171,169,179,199,224,246,259,261,250,229,204,178,158
MA11,2009/08/25,148,151,165,185,206,225,237,237,227,213,198,187,182,186,200,220,241,256,261,256,241,218,192,169
MA11,2009/08/26,153,148,154,167,186,204,219,224,222,215,206,197,191,193,201,216,234,248,256,257,247,229,207,185
MA11,2009/08/27,168,157,154,159,171,186,200,210,214,214,211,207,204,204,208,219,231,243,252,256,252,239,222,202
MA11,2009/08/28,184,170,162,159,163,173,185,194,203,208,211,214,215,216,219,225,232,241,249,255,256,249,238,224
MA11,2009/08/29,209,195,182,172,168,168,172,178,186,195,203,208,214,218,221,223,227,231,236,241,243,241,237,229
MA11,2009/08/30,219,206,193,179,168,162,160,161,168,177,187,199,210,218,223,226,226,225,225,229,233,236,237,237
MA11,2009/08/31,232,224,214,199,184,171,162,158,160,169,182,198,213,226,235,239,239,234,230,230,231,236,243,249
MA11,2009/09/01,252,253,245,230,212,193,175,162,158,161,172,189,207,223,235,241,240,233,224,218,215,217,224,233
MA11,2009/09/02,241,245,243,232,215,194,173,154,143,141,150,166,187,208,224,234,235,226,214,204,196,194,200,212
MA11,2009/09/03,226,239,245,242,229,209,186,163,145,138,143,157,179,202,222,236,239,231,217,202,189,183,186,197
MA11,2009/09/04,215,233,246,250,243,227,203,177,155,142,141,152,172,197,220,237,245,240,225,207,190,178,176,186
MA11,2009/09/05,203,225,245,256,257,245,224,198,172,154,148,153,171,195,220,241,252,248,234,214,193,175,166,170
MA11,2009/09/06,185,208,233,251,259,255,240,216,190,169,158,160,173,194,219,242,256,257,246,227,204,182,166,163
MA11,2009/09/07,174,194,220,244,258,263,255,236,213,192,177,174,182,200,224,246,263,268,260,241,218,192,172,163
MA11,2009/09/08,167,183,206,231,252,265,264,253,234,213,197,189,192,205,226,248,266,274,270,255,233,205,181,165
MA11,2009/09/09,160,168,187,210,232,250,258,253,241,225,211,202,200,207,224,244,261,271,271,261,242,215,188,168
MA11,2009/09/10,156,156,167,186,207,229,243,247,242,232,220,212,209,213,224,239,254,264,267,261,247,224,198,175
MA11,2009/09/11,157,149,152,161,178,198,216,227,230,227,222,217,214,216,222,234,247,257,263,263,254,237,215,193
MA11,2009/09/12,173,160,153,154,162,176,192,206,215,221,224,224,224,227,231,239,248,257,265,268,265,255,239,222
MA11,2009/09/13,204,187,172,163,162,166,176,188,200,211,219,224,228,231,232,234,237,240,244,247,247,243,236,225
MA11,2009/09/14,210,193,176,161,149,144,145,152,163,178,193,206,216,223,227,228,227,226,226,228,232,235,236,235
MA11,2009/09/15,229,218,203,184,165,151,141,138,145,159,178,196,213,226,233,234,232,225,220,219,221,227,234,241
MA11,2009/09/16,245,245,235,217,196,172,153,141,138,146,163,186,208,226,237,239,234,224,212,203,200,204,214,227
MA11,2009/09/17,240,249,250,241,221,196,170,148,135,136,148,170,196,219,236,243,239,226,208,192,182,180,187,204
MA11,2009/09/18,224,243,256,257,246,225,198,171,150,142,147,165,191,217,239,251,250,236,216,194,176,167,169,184
MA11,2009/09/19,207,233,255,267,266,253,230,201,176,160,157,169,190,217,244,260,263,252,231,205,181,163,156,165
MA11,2009/09/20,185,213,241,261,270,267,252,229,203,183,174,178,193,217,243,263,271,264,244,217,187,160,145,145
MA11,2009/09/21,158,181,209,235,252,258,251,235,213,193,180,178,187,207,231,252,264,262,247,222,193,164,141,131
MA11,2009/09/22,136,153,179,206,229,243,245,237,222,205,190,183,186,199,220,241,257,260,251,231,204,174,148,133
MA11,2009/09/23,129,138,157,181,205,224,233,232,223,210,199,192,190,198,214,233,249,257,253,239,217,189,163,143
MA11,2009/09/24,133,134,145,164,185,204,218,224,222,217,210,204,201,206,218,234,249,258,259,252,236,213,189,168
MA11,2009/09/25,153,147,149,159,174,191,205,214,218,218,216,213,211,213,220,230,241,250,255,253,243,226,207,188
MA11,2009/09/26,172,162,158,161,170,181,194,205,212,216,219,220,220,221,224,230,237,243,248,249,243,233,220,205
MA11,2009/09/27,190,176,167,163,163,168,177,187,196,203,209,213,217,219,220,222,224,228,231,233,233,230,223,213
MA11,2009/09/28,202,190,179,169,163,161,163,170,179,188,199,208,215,219,222,223,221,220,221,223,225,227,228,225
MA11,2009/09/29,220,212,200,187,175,167,162,163,170,180,192,205,216,223,227,226,221,214,209,207,209,212,217,222
MA11,2009/09/30,224,222,214,201,186,172,161,156,157,166,181,197,213,225,231,231,225,213,202,195,194,199,208,218
MA11,2009/10/01,227,232,230,221,205,188,171,159,155,161,173,191,209,225,235,237,230,216,201,189,182,184,195,209
MA11,2009/10/02,226,239,243,238,226,207,188,171,162,163,175,193,214,233,247,253,248,234,215,197,185,181,188,205
MA11,2009/10/03,224,243,256,258,250,235,212,190,176,171,176,191,212,233,250,257,251,234,210,186,167,158,161,175
MA11,2009/10/04,197,221,240,250,250,238,219,197,178,167,167,179,199,221,240,253,251,237,214,188,164,148,144,154
MA11,2009/10/05,174,201,227,245,252,248,233,214,193,176,171,178,193,215,236,250,254,242,221,193,164,141,130,133
MA11,2009/10/06,149,177,206,233,249,253,246,230,210,193,185,186,197,215,236,253,261,254,235,207,176,149,130,124
MA11,2009/10/07,133,155,184,213,236,249,249,239,222,206,195,193,200,213,233,251,262,260,247,224,194,164,141,128
MA11,2009/10/08,129,144,170,199,227,249,260,262,255,245,238,235,238,249,266,285,297,297,287,267,237,206,177,155
MA11,2009/10/09,145,150,165,188,214,236,251,257,253,246,238,232,231,235,246,261,272,277,275,262,242,216,189,165
MA11,2009/10/10,148,141,144,158,177,198,216,227,231,229,225,221,219,221,229,240,250,258,260,254,241,222,200,179
MA11,2009/10/11,160,147,142,145,155,170,187,201,212,217,218,218,217,218,222,227,232,237,242,241,237,227,213,196
MA11,2009/10/12,178,162,151,145,146,154,166,181,197,209,218,224,227,227,228,229,230,233,236,238,238,236,231,222
MA11,2009/10/13,210,195,180,167,159,156,161,171,184,199,213,224,231,233,232,230,225,219,218,219,222,226,230,230
MA11,2009/10/14,227,218,204,186,170,159,153,155,164,179,196,212,223,229,230,224,215,204,196,194,197,204,214,224
MA11,2009/10/15,231,232,225,210,191,173,159,153,157,169,187,206,223,233,235,230,217,200,184,175,174,180,194,211
MA11,2009/10/16,228,239,242,234,219,198,179,165,161,167,183,204,224,239,246,242,227,205,183,165,156,158,169,189
MA11,2009/10/17,212,232,246,248,240,223,202,184,172,172,183,202,224,244,255,255,243,220,193,168,150,144,152,170
MA11,2009/10/18,195,223,244,256,258,248,230,211,195,188,193,208,229,250,266,271,263,240,211,181,156,142,140,151
MA11,2009/10/19,175,205,232,253,262,260,247,229,211,199,197,206,223,244,262,273,269,252,224,192,163,142,131,136
MA11,2009/10/20,153,180,208,234,252,258,253,239,222,209,202,204,216,234,254,267,269,258,235,203,170,143,124,119
MA11,2009/10/21,129,150,176,203,225,238,240,233,220,207,198,196,203,217,236,253,261,256,239,213,183,153,130,118
MA11,2009/10/22,120,133,154,179,203,220,228,228,220,210,201,197,199,209,225,241,250,252,243,223,197,170,144,127
MA11,2009/10/23,121,127,142,162,185,206,219,225,223,215,208,204,202,207,218,232,244,249,244,231,213,188,164,145
MA11,2009/10/24,134,132,140,154,173,191,206,217,220,218,215,210,207,209,216,226,234,240,241,234,221,203,182,163
MA11,2009/10/25,149,142,142,149,161,176,191,204,212,214,213,210,208,207,209,214,221,226,229,228,221,210,196,180
MA11,2009/10/26,166,157,152,154,161,172,184,197,207,215,220,221,220,219,220,222,224,227,231,232,232,230,222,212
MA11,2009/10/27,203,193,186,183,184,189,198,209,220,229,235,239,239,236,234,229,224,221,219,219,220,221,219,214
MA11,2009/10/28,205,195,185,176,170,168,169,175,185,196,207,216,220,220,217,211,202,194,189,188,191,198,203,206
MA11,2009/10/29,207,203,195,185,175,167,164,167,174,186,200,213,221,225,223,216,204,191,181,176,178,187,197,208
MA11,2009/10/30,216,219,215,206,194,182,173,171,175,184,198,214,226,232,233,225,208,189,173,162,160,166,179,195
MA11,2009/10/31,210,222,224,220,210,196,182,175,173,179,191,208,224,235,239,232,216,193,172,156,147,151,165,185
MA11,2009/11/01,209,230,242,246,240,227,212,200,194,196,207,224,241,255,262,257,240,214,185,161,146,143,152,171
MA11,2009/11/02,197,224,242,252,252,242,226,211,199,195,201,215,231,248,261,261,247,222,190,160,137,124,126,142
MA11,2009/11/03,168,196,222,241,248,244,231,216,201,192,192,201,216,232,247,251,243,223,192,158,127,107,100,107
MA11,2009/11/04,129,159,190,216,233,238,231,220,204,192,188,193,204,221,238,248,246,231,204,171,136,109,92,90
MA11,2009/11/05,103,128,159,190,215,229,231,225,214,202,196,197,205,220,238,252,256,249,230,200,166,134,110,98
MA11,2009/11/06,102,118,144,173,201,221,230,231,224,213,205,202,206,217,233,247,257,256,243,220,191,159,132,112
MA11,2009/11/07,106,113,129,153,181,205,221,229,228,221,214,209,207,213,225,238,248,253,249,234,212,185,157,133
MA11,2009/11/08,118,114,121,137,158,181,201,215,220,219,215,210,206,208,215,224,235,243,244,238,225,206,184,161
MA11,2009/11/09,143,132,129,136,150,167,188,205,215,220,220,217,213,211,213,216,222,229,234,234,231,222,209,191
MA11,2009/11/10,174,160,150,147,152,163,179,196,212,221,226,226,222,217,214,211,210,213,216,221,224,224,220,212
MA11,2009/11/11,202,189,177,168,164,168,178,192,208,223,233,237,236,232,226,219,212,207,206,209,215,221,225,226
MA11,2009/11/12,223,216,204,190,180,173,173,182,194,208,220,227,228,223,214,201,186,173,165,163,169,179,190,201
MA11,2009/11/13,210,212,207,197,184,174,168,170,179,194,209,223,230,230,223,209,190,171,156,148,150,161,177,196
MA11,2009/11/14,215,229,234,232,224,214,205,199,201,210,225,242,255,259,252,237,215,188,163,147,141,145,159,179
MA11,2009/11/15,202,223,236,240,235,224,212,203,199,203,215,230,244,254,255,244,223,194,165,140,125,121,130,148
MA11,2009/11/16,172,198,220,232,234,228,216,203,195,193,199,213,229,242,248,244,227,202,171,141,119,110,111,125
MA11,2009/11/17,149,177,204,224,234,234,226,215,205,199,201,212,226,242,254,257,249,228,199,168,141,122,117,126
MA11,2009/11/18,146,173,201,225,241,248,244,233,220,208,204,209,218,232,246,252,248,231,204,172,140,115,101,100
MA11,2009/11/19,112,134,161,188,211,224,226,221,211,200,194,194,202,217,233,245,248,238,218,189,158,131,111,102
MA11,2009/11/20,107,123,147,174,197,214,222,222,215,206,197,194,198,207,221,235,243,242,229,207,180,153,129,117
MA11,2009/11/21,115,125,144,168,192,214,228,234,232,221,212,206,203,208,219,230,241,243,236,220,198,172,147,129
MA11,2009/11/22,120,122,133,151,171,190,206,214,215,210,204,197,192,194,201,211,221,228,229,220,205,185,163,144
MA11,2009/11/23,132,129,135,148,165,184,201,213,218,217,212,206,201,198,200,207,214,219,222,218,209,195,178,161
MA11,2009/11/24,148,140,140,147,158,173,189,202,211,215,214,209,204,200,198,199,203,207,212,214,213,206,196,185
MA11,2009/11/25,173,164,160,161,167,178,191,205,219,226,227,226,221,214,207,203,202,203,205,210,213,213,210,204
MA11,2009/11/26,195,186,179,175,175,180,189,200,211,220,225,225,221,214,204,195,188,182,181,185,190,196,199,200
MA11,2009/11/27,197,192,187,181,177,178,184,193,204,215,224,230,229,224,214,201,189,179,173,173,181,191,200,208
MA11,2009/11/28,214,214,209,201,195,191,191,196,205,216,227,235,237,232,222,207,188,169,156,150,153,164,178,194
MA11,2009/11/29,208,217,219,215,208,201,196,195,200,210,222,233,239,239,231,216,194,170,150,138,136,144,161,181
MA11,2009/11/30,202,219,229,231,227,219,210,205,205,211,222,234,245,250,247,233,211,183,155,134,123,125,138,159
MA11,2009/12/01,185,211,229,239,240,233,224,215,209,210,218,230,243,253,256,248,229,201,168,138,118,110,116,135
MA11,2009/12/02,161,191,218,236,244,244,236,225,216,211,215,225,238,252,261,259,244,219,185,149,121,103,99,110
MA11,2009/12/03,134,166,198,224,242,250,248,240,231,223,222,229,242,256,270,277,272,254,225,191,156,130,115,116
MA11,2009/12/04,132,159,191,222,247,261,265,260,248,237,231,230,236,250,265,274,274,262,237,204,167,133,109,96
MA11,2009/12/05,99,117,144,175,205,226,237,238,231,221,214,210,214,225,241,256,266,265,252,228,197,165,136,117
MA11,2009/12/06,111,119,138,165,193,219,236,243,242,235,226,219,217,223,235,248,260,265,260,244,219,190,160,134
MA11,2009/12/07,119,117,127,145,169,195,216,228,231,226,217,207,200,198,203,213,225,235,238,232,220,203,179,156
MA11,2009/12/08,139,129,128,138,156,178,200,215,222,222,216,206,196,189,188,193,200,209,216,221,219,211,197,181
MA11,2009/12/09,165,153,148,151,160,176,197,214,225,230,227,217,206,195,188,185,186,191,198,204,210,211,207,198
MA11,2009/12/10,188,178,169,164,166,176,190,206,219,227,228,221,210,198,185,174,169,166,168,175,184,192,196,197
MA11,2009/12/11,195,190,183,177,175,178,188,200,214,226,233,232,224,213,198,183,169,160,157,160,170,182,194,205
MA11,2009/12/12,211,214,213,208,202,201,203,210,221,234,243,245,241,233,220,201,182,164,150,145,150,160,173,189
MA11,2009/12/13,205,216,221,221,217,211,208,209,215,226,238,244,248,244,232,215,193,168,148,135,132,139,153,172
MA11,2009/12/14,192,211,224,229,228,222,216,212,213,221,232,241,249,252,247,233,211,184,157,136,124,123,133,151
MA11,2009/12/15,175,198,218,230,234,231,225,216,213,215,222,232,244,253,254,246,227,199,168,142,122,114,117,131
MA11,2009/12/16,154,181,207,226,235,238,234,225,216,214,217,225,238,250,258,257,244,221,192,161,135,118,113,122
MA11,2009/12/17,142,169,197,220,236,244,242,234,225,218,217,221,231,247,260,265,259,242,215,184,155,132,121,121
MA11,2009/12/18,135,159,186,213,232,243,247,241,232,225,219,219,228,240,254,266,266,254,235,207,176,150,131,123
MA11,2009/12/19,129,147,173,199,221,238,244,240,232,222,214,209,212,224,241,254,261,258,242,218,190,161,138,126
MA11,2009/12/20,126,138,160,185,208,228,239,239,233,224,214,207,206,215,229,245,257,260,253,236,213,187,162,143
MA11,2009/12/21,134,139,154,175,197,218,231,235,232,224,213,201,194,198,208,221,234,242,240,229,211,188,165,146
MA11,2009/12/22,135,136,147,163,184,204,221,229,229,224,215,203,194,192,196,205,218,227,229,225,214,197,178,159
MA11,2009/12/23,148,144,149,161,177,196,214,225,228,225,216,204,194,188,187,192,202,212,219,220,217,208,193,179
MA11,2009/12/24,166,159,159,165,177,194,210,223,229,229,223,211,198,189,183,181,185,193,199,205,208,206,199,188
MA11,2009/12/25,179,173,170,173,182,194,208,221,229,233,229,219,207,195,184,177,174,176,182,191,198,203,203,200
MA11,2009/12/26,196,192,188,188,193,202,214,225,235,242,244,238,228,214,200,187,177,172,171,175,184,192,199,204
MA11,2009/12/27,206,205,202,199,199,203,209,218,227,235,238,236,228,218,203,186,169,156,148,149,157,169,183,197
MA11,2009/12/28,208,215,218,217,216,216,218,223,232,243,251,255,253,245,231,211,186,164,147,137,140,151,166,184
MA11,2009/12/29,202,217,225,227,225,222,220,218,221,228,236,242,245,242,232,214,190,162,137,119,112,117,132,154
MA11,2009/12/30,179,201,219,227,230,229,225,220,219,224,232,243,252,257,255,243,223,194,163,137,119,114,123,142
MA11,2009/12/31,169,200,226,244,254,254,248,243,236,234,240,249,261,272,274,268,252,222,187,153,123,105,102,113
