MA11,1996/01/01,202,208,207,201,196,194,196,202,211,220,229,234,231,224,211,194,174,154,139,133,135,145,158,172
MA11,1996/01/02,186,196,201,199,195,191,188,188,192,201,212,219,222,221,214,200,180,156,135,121,117,122,134,153
MA11,1996/01/03,173,191,203,206,204,200,195,191,192,198,208,220,231,238,238,230,213,189,164,143,129,127,136,153
MA11,1996/01/04,174,195,212,221,223,218,208,199,194,194,199,208,218,229,233,228,214,190,161,134,113,102,106,120
MA11,1996/01/05,141,168,193,208,216,215,206,196,188,184,186,195,209,224,234,236,228,208,179,149,123,107,103,112
MA11,1996/01/06,131,158,185,205,217,220,215,203,191,182,180,185,197,213,227,235,231,216,192,163,134,111,099,101
MA11,1996/01/07,116,141,170,196,213,221,219,208,194,183,176,175,184,199,216,228,233,225,206,179,150,123,106,102
MA11,1996/01/08,111,133,161,189,213,228,232,227,215,202,194,192,197,209,224,242,253,252,241,220,191,163,141,127
MA11,1996/01/09,128,143,165,190,214,230,236,231,219,205,192,183,183,191,206,224,236,241,237,221,197,172,148,131
MA11,1996/01/10,126,133,151,176,201,223,236,237,228,215,201,189,183,186,198,214,227,235,236,226,208,186,162,143
MA11,1996/01/11,134,135,148,168,190,211,227,231,225,213,199,184,174,171,178,190,203,214,220,217,207,192,172,152
MA11,1996/01/12,139,136,142,156,174,194,212,222,221,213,199,182,168,161,161,167,177,188,197,201,198,189,175,159
MA11,1996/01/13,145,139,140,148,162,181,199,212,216,211,200,184,168,156,151,151,157,164,174,181,185,184,178,168
MA11,1996/01/14,158,151,149,152,160,175,191,204,212,214,208,195,180,166,155,149,149,153,160,168,178,184,187,186
MA11,1996/01/15,183,179,176,175,179,188,200,214,224,229,226,217,204,189,175,163,154,150,151,157,166,178,189,197
MA11,1996/01/16,200,201,203,201,199,201,206,215,224,231,235,234,225,211,195,178,161,148,140,138,144,156,169,183
MA11,1996/01/17,195,204,207,205,200,198,197,200,207,216,224,228,226,219,205,186,164,142,124,114,113,121,138,157
MA11,1996/01/18,177,195,208,211,209,205,200,196,198,205,215,225,230,231,226,210,185,158,132,112,101,103,114,133
MA11,1996/01/19,157,183,203,214,216,211,203,194,188,190,200,212,226,236,237,229,211,182,150,121,100,092,096,111
MA11,1996/01/20,137,168,195,214,224,224,216,203,192,186,189,200,216,232,243,245,234,210,177,143,112,093,087,094
MA11,1996/01/21,114,144,174,199,216,222,218,205,189,177,173,178,191,210,229,241,240,225,198,163,129,101,085,083
MA11,1996/01/22,096,121,152,181,203,217,218,208,191,176,165,162,171,189,214,234,243,240,224,196,163,133,111,101
MA11,1996/01/23,106,125,153,182,209,228,235,229,214,195,178,168,168,179,200,223,239,245,238,218,191,161,134,117
MA11,1996/01/24,113,124,145,171,197,218,230,230,219,200,182,166,157,162,177,199,219,228,227,219,199,175,152,129
MA11,1996/01/25,119,125,137,158,184,206,223,227,219,206,187,167,154,149,155,173,192,208,220,221,211,195,175,156
MA11,1996/01/26,145,143,151,166,186,207,223,230,228,217,200,180,161,149,148,155,167,182,195,201,200,193,181,167
MA11,1996/01/27,156,151,152,160,175,193,210,220,222,216,204,187,168,153,144,142,147,156,167,178,184,184,180,173
MA11,1996/01/28,166,161,161,165,174,189,203,213,219,219,213,200,184,168,156,147,144,147,154,164,173,181,185,185
MA11,1996/01/29,183,182,183,184,188,198,208,218,226,229,227,219,207,193,179,165,155,149,148,153,161,171,178,183
MA11,1996/01/30,188,191,192,191,191,194,202,209,215,223,226,224,216,206,193,177,160,146,138,136,140,151,163,174
MA11,1996/01/31,184,193,196,195,192,189,190,192,197,203,210,213,213,208,200,187,169,151,135,126,127,135,147,163
MA11,1996/02/01,179,193,203,206,203,200,196,192,192,195,203,212,217,218,216,206,189,167,144,126,119,121,132,148
MA11,1996/02/02,167,188,203,209,209,206,199,193,189,190,197,208,218,224,226,220,204,182,155,130,114,109,114,130
MA11,1996/02/03,152,176,195,206,209,206,198,188,179,176,180,191,203,215,225,226,216,197,171,142,119,106,104,115
MA11,1996/02/04,135,160,184,201,208,207,199,186,174,165,163,171,185,202,218,225,221,207,183,153,126,108,100,105
MA11,1996/02/05,122,148,176,198,211,214,208,194,179,167,162,167,179,198,217,231,235,228,208,181,153,129,115,113
MA11,1996/02/06,127,151,178,204,223,231,228,217,200,184,174,172,179,194,215,234,244,243,228,204,175,147,127,118
MA11,1996/02/07,123,142,168,194,216,227,227,217,198,178,163,155,156,167,185,204,219,224,217,198,174,149,126,112
MA11,1996/02/08,113,126,149,175,198,216,222,214,197,177,158,147,145,151,168,189,208,220,222,212,194,171,148,133
MA11,1996/02/09,128,136,154,177,202,222,233,232,219,199,181,166,157,158,171,190,208,223,230,227,216,197,178,161
MA11,1996/02/10,150,152,163,180,201,222,235,238,229,211,191,172,156,151,155,167,183,199,210,213,210,198,181,166
MA11,1996/02/11,154,151,156,168,185,204,219,226,222,210,191,171,154,141,139,146,158,170,183,192,195,193,186,176
MA11,1996/02/12,168,165,166,172,184,200,215,224,225,218,205,188,169,154,146,144,148,156,167,178,187,193,194,192
MA11,1996/02/13,189,186,184,186,193,203,215,225,229,228,221,208,192,177,164,154,150,150,154,162,172,182,190,196
MA11,1996/02/14,200,202,202,201,203,207,214,222,229,233,232,226,215,200,184,168,155,145,141,143,151,164,178,190
MA11,1996/02/15,202,209,212,211,209,207,207,211,216,221,227,230,225,216,203,184,163,143,129,122,123,132,147,164
MA11,1996/02/16,182,198,206,208,205,200,193,190,191,197,206,215,219,217,210,195,172,146,123,106,099,101,113,133
MA11,1996/02/17,156,179,197,205,206,200,190,179,173,174,184,196,208,217,220,213,194,167,138,112,094,088,094,110
MA11,1996/02/18,135,161,185,201,207,202,190,176,164,159,164,177,194,210,222,225,216,194,163,132,106,090,087,098
MA11,1996/02/19,119,147,175,195,206,205,194,177,158,144,142,151,168,189,210,222,221,207,182,150,120,097,087,090
MA11,1996/02/20,106,132,161,186,203,209,201,183,160,140,129,130,143,164,190,212,223,220,202,175,144,118,100,095
MA11,1996/02/21,105,127,156,184,206,217,215,200,177,153,134,127,131,147,171,197,216,223,215,196,170,143,121,110
MA11,1996/02/22,112,128,152,178,201,216,218,208,188,162,140,126,121,129,149,174,196,210,212,202,184,160,138,124
MA11,1996/02/23,121,131,149,172,195,214,221,214,197,173,149,131,119,118,133,154,176,195,205,203,192,175,155,139
MA11,1996/02/24,133,136,148,167,188,206,215,214,203,183,159,138,121,113,118,132,150,168,182,188,185,174,161,149
MA11,1996/02/25,142,142,150,161,178,195,206,210,205,191,173,154,136,124,121,127,139,153,167,179,182,179,175,167
MA11,1996/02/26,162,162,165,173,187,200,211,218,218,209,195,179,162,147,137,134,136,144,154,164,172,177,176,174
MA11,1996/02/27,171,169,170,174,181,192,202,210,214,210,203,194,180,166,154,147,143,145,149,158,166,173,179,182
MA11,1996/02/28,184,185,185,185,186,189,195,200,202,202,199,193,184,173,160,148,138,130,127,129,137,146,155,164
MA11,1996/02/29,171,176,177,178,177,176,177,180,184,188,191,192,189,184,175,163,149,136,126,123,126,134,147,163
MA11,1996/03/01,176,186,193,195,193,189,186,186,188,194,202,210,214,216,213,204,188,167,148,136,133,139,150,167
MA11,1996/03/02,185,200,210,212,208,200,191,183,180,181,189,199,209,214,213,207,193,173,152,133,122,123,132,149
MA11,1996/03/03,170,190,204,210,208,199,187,175,166,164,169,180,193,205,214,213,202,182,158,134,117,111,115,130
MA11,1996/03/04,153,178,198,209,212,204,191,176,162,154,157,168,184,203,218,226,221,206,182,156,133,119,117,128
MA11,1996/03/05,149,174,198,214,220,214,200,182,164,150,147,156,172,192,211,224,225,215,194,167,141,121,112,117
MA11,1996/03/06,134,159,185,205,216,215,202,182,160,142,133,136,148,168,191,211,221,219,203,179,153,130,116,114
MA11,1996/03/07,127,149,174,197,213,217,208,189,165,142,128,125,133,152,177,200,216,222,214,197,174,150,131,124
MA11,1996/03/08,131,149,174,198,218,227,223,207,184,160,141,132,134,147,169,194,215,228,230,219,200,179,160,148
MA11,1996/03/09,149,161,180,203,223,234,236,225,203,177,153,136,130,135,152,175,197,214,222,219,207,190,172,158
MA11,1996/03/10,153,157,171,191,211,226,231,225,207,183,158,137,125,123,131,149,170,188,201,206,202,192,179,166
MA11,1996/03/11,158,158,166,182,200,216,225,225,214,196,175,153,137,128,130,142,159,177,192,201,203,201,196,188
MA11,1996/03/12,180,178,180,188,201,214,224,228,222,209,192,171,150,134,126,128,136,146,158,170,179,183,184,181
MA11,1996/03/13,178,175,175,178,185,195,204,210,209,203,192,177,159,143,130,123,122,126,135,145,156,166,174,179
MA11,1996/03/14,183,183,183,183,183,188,195,200,203,204,200,193,181,167,153,140,131,126,125,131,141,152,164,175
MA11,1996/03/15,184,191,192,190,187,185,186,189,193,198,203,204,202,195,183,170,156,143,136,135,140,152,168,185
MA11,1996/03/16,201,212,217,215,207,198,190,185,184,188,195,203,208,207,201,188,168,146,129,117,113,119,132,152
MA11,1996/03/17,174,192,205,210,204,195,184,173,169,173,185,202,218,228,233,229,213,190,166,146,135,132,140,157
MA11,1996/03/18,180,204,220,228,224,210,193,175,161,157,162,176,197,214,227,230,220,200,174,147,128,119,120,135
MA11,1996/03/19,157,182,205,218,219,209,189,166,145,132,132,144,165,189,210,222,222,209,185,159,134,118,113,120
MA11,1996/03/20,139,164,187,204,211,204,187,161,135,114,106,112,129,154,181,203,214,211,196,172,147,126,115,118
MA11,1996/03/21,131,154,179,199,210,210,196,172,144,117,101,098,108,130,159,187,206,213,206,190,168,146,132,130
MA11,1996/03/22,138,157,180,203,220,227,221,202,176,148,129,118,119,135,161,189,213,226,225,214,196,174,157,149
MA11,1996/03/23,150,160,179,200,218,226,222,206,180,152,126,108,100,106,124,149,173,191,199,196,186,171,155,144
MA11,1996/03/24,143,149,163,181,199,211,214,204,185,161,137,117,104,102,113,132,153,173,188,193,189,179,167,157
MA11,1996/03/25,153,156,166,182,199,213,221,220,207,189,169,148,133,126,127,138,153,168,184,194,195,191,182,174
MA11,1996/03/26,170,168,171,180,192,203,210,210,203,189,172,153,136,123,118,121,130,143,156,167,175,177,174,169
MA11,1996/03/27,165,163,163,167,175,184,192,195,193,186,175,161,147,135,126,122,125,132,142,153,164,170,173,174
MA11,1996/03/28,174,172,171,172,174,180,185,188,191,189,184,176,166,154,143,135,129,128,132,140,150,159,166,173
MA11,1996/03/29,175,176,175,172,171,170,171,174,176,178,180,179,175,168,158,147,138,130,128,131,139,150,162,172
MA11,1996/03/30,182,187,187,184,180,175,173,172,174,179,186,192,196,195,190,181,168,155,146,143,148,157,171,188
MA11,1996/03/31,202,211,214,212,204,195,186,179,176,180,188,197,205,209,208,200,185,167,151,141,138,143,156,174
MA11,1996/04/01,193,206,213,212,204,191,178,165,158,159,166,180,195,206,212,209,198,181,161,145,137,137,146,163
MA11,1996/04/02,185,205,218,220,213,199,181,164,151,147,153,167,185,204,217,223,217,201,179,159,143,137,141,156
MA11,1996/04/03,178,201,218,224,220,207,186,165,146,135,137,148,168,190,210,223,224,212,193,170,149,135,132,142
MA11,1996/04/04,160,184,204,216,217,206,186,160,136,119,114,120,138,163,188,209,219,215,201,180,158,140,132,136
MA11,1996/04/05,152,175,198,215,221,216,198,171,143,121,108,108,121,143,170,195,214,220,213,197,176,157,144,141
MA11,1996/04/06,150,169,191,210,222,222,208,184,156,128,107,100,105,123,149,178,201,215,218,209,193,175,158,151
MA11,1996/04/07,155,168,189,209,224,230,222,202,175,145,120,105,103,113,134,160,186,206,216,215,206,191,176,166
MA11,1996/04/08,164,171,187,206,222,232,231,217,193,165,138,117,106,107,119,140,165,185,200,207,205,196,184,173
MA11,1996/04/09,168,170,180,195,210,222,226,219,202,179,153,130,114,106,110,124,142,162,180,192,197,196,190,183
MA11,1996/04/10,178,176,179,188,199,210,217,216,206,190,170,149,130,118,113,118,129,143,159,174,185,190,190,188
MA11,1996/04/11,186,183,181,183,189,198,207,211,209,201,189,173,156,140,130,125,127,135,145,158,171,181,188,193
MA11,1996/04/12,194,191,188,186,185,188,194,199,202,202,199,191,179,165,151,139,132,130,134,142,155,168,179,188
MA11,1996/04/13,194,195,191,184,177,172,171,173,177,183,188,189,185,177,164,149,137,127,122,125,134,146,161,176
MA11,1996/04/14,188,191,190,185,174,163,155,152,154,162,173,184,191,192,186,174,159,143,131,126,129,138,153,171
MA11,1996/04/15,188,199,202,197,184,168,153,142,138,144,159,175,191,202,205,200,188,169,150,138,133,138,150,167
MA11,1996/04/16,187,204,212,211,200,181,160,141,129,129,140,160,182,202,216,221,216,201,182,167,157,155,163,180
MA11,1996/04/17,200,219,233,237,228,209,184,157,137,126,130,146,167,191,213,224,226,215,196,176,160,150,150,162
MA11,1996/04/18,182,204,221,229,227,213,189,161,135,117,115,125,146,174,201,222,232,229,216,197,178,164,159,165
MA11,1996/04/19,182,204,223,236,237,227,207,178,147,122,109,110,124,148,176,202,220,224,218,204,186,169,159,160
MA11,1996/04/20,172,190,210,227,235,232,217,190,159,131,112,105,111,131,158,185,209,222,222,213,198,181,167,162
MA11,1996/04/21,168,182,201,218,229,231,221,198,169,139,115,101,099,111,133,159,183,201,207,204,194,180,167,159
MA11,1996/04/22,159,168,183,199,213,219,216,200,176,149,124,105,097,101,116,139,163,183,196,200,195,185,173,165
MA11,1996/04/23,161,165,175,188,202,211,213,204,186,164,141,122,109,106,114,130,150,170,186,195,196,190,181,174
MA11,1996/04/24,170,171,176,185,196,205,210,208,196,179,160,142,126,117,117,124,139,157,173,185,192,192,188,181
MA11,1996/04/25,176,174,175,179,188,196,203,203,198,187,174,159,145,133,127,128,135,147,161,174,185,190,190,187
MA11,1996/04/26,184,181,178,178,182,187,192,196,196,191,184,175,163,151,143,138,139,145,155,168,180,190,195,197
MA11,1996/04/27,196,193,189,184,182,183,186,189,192,194,193,190,184,175,165,156,150,149,153,161,173,186,195,201
MA11,1996/04/28,204,203,197,190,182,176,175,175,177,183,188,192,192,187,178,169,159,151,148,152,163,175,188,199
MA11,1996/04/29,205,207,203,193,181,171,163,159,161,168,179,189,196,199,197,188,176,163,153,150,155,166,181,195
MA11,1996/04/30,207,213,211,202,187,171,157,147,145,150,161,175,189,199,203,200,189,174,159,150,149,155,169,187
MA11,1996/05/01,202,213,216,209,194,175,155,138,129,130,142,160,179,196,209,211,203,189,172,158,150,151,161,178
MA11,1996/05/02,197,213,221,218,205,185,161,137,121,116,123,140,163,188,208,219,220,210,192,175,162,157,161,175
MA11,1996/05/03,195,214,227,228,218,197,171,143,118,105,105,117,139,166,192,212,221,217,205,188,171,159,156,164
MA11,1996/05/04,181,203,221,230,226,211,186,155,126,106,098,103,121,147,177,203,221,227,221,208,192,178,170,173
MA11,1996/05/05,186,205,225,240,245,237,216,187,154,126,110,109,121,142,170,200,224,238,240,233,218,202,190,185
MA11,1996/05/06,191,205,223,239,247,245,231,204,171,140,115,101,101,113,136,163,191,210,219,220,212,199,186,178
MA11,1996/05/07,179,188,203,220,233,238,232,214,187,156,129,109,100,105,120,142,168,192,209,216,215,208,197,187
MA11,1996/05/08,183,185,194,208,222,232,234,223,204,179,153,130,115,109,115,130,151,173,192,206,211,210,203,195
MA11,1996/05/09,188,185,188,197,209,221,229,228,218,202,181,159,141,131,129,136,149,166,185,203,214,218,218,212
MA11,1996/05/10,206,199,195,196,201,210,219,223,221,215,202,185,169,154,144,141,145,154,168,183,197,208,212,211
MA11,1996/05/11,207,200,193,187,185,188,195,200,204,206,203,196,185,172,159,151,148,150,158,170,184,197,207,211
MA11,1996/05/12,211,206,197,187,179,175,176,180,187,195,200,202,199,191,181,169,160,157,157,164,176,190,203,212
MA11,1996/05/13,216,215,207,193,178,166,159,157,161,171,182,193,200,200,194,185,174,163,157,157,164,177,191,203
MA11,1996/05/14,213,216,210,197,178,160,144,135,135,143,159,177,192,203,205,201,191,178,166,160,161,170,184,199
MA11,1996/05/15,213,222,221,211,193,172,150,132,124,127,140,160,183,202,213,215,209,197,182,170,165,169,179,194
MA11,1996/05/16,210,223,228,223,208,185,158,133,116,110,118,137,161,186,207,218,219,211,198,184,174,170,174,186
MA11,1996/05/17,204,221,231,230,220,199,172,143,118,104,104,118,140,168,194,212,219,216,204,189,175,167,166,174
MA11,1996/05/18,190,209,224,230,225,209,183,153,124,103,095,101,119,145,173,198,214,218,212,200,186,176,171,174
MA11,1996/05/19,186,204,221,232,234,224,204,175,144,117,102,100,111,132,161,188,210,221,221,211,198,186,177,174
MA11,1996/05/20,181,196,212,226,233,228,213,189,159,131,109,099,102,117,141,169,193,210,216,212,202,189,179,173
MA11,1996/05/21,174,185,200,215,226,228,219,201,175,146,122,107,103,111,129,153,179,200,211,213,208,198,187,178
MA11,1996/05/22,176,182,193,207,219,226,225,213,193,168,145,126,116,117,129,148,170,193,209,217,217,210,200,191
MA11,1996/05/23,186,187,194,204,216,225,228,223,209,189,168,148,134,128,131,144,162,182,200,211,216,213,205,196
MA11,1996/05/24,188,184,185,191,201,210,216,216,208,194,178,161,146,136,135,141,154,170,187,201,210,211,207,199
MA11,1996/05/25,192,185,181,182,186,194,201,204,202,195,184,172,159,149,143,142,148,161,176,191,202,209,208,203
MA11,1996/05/26,196,188,181,176,176,179,185,190,193,193,190,183,175,165,156,151,151,157,167,181,194,205,211,210
MA11,1996/05/27,205,198,188,178,172,170,172,177,182,187,191,192,189,182,174,166,161,159,164,174,188,201,210,214
MA11,1996/05/28,213,207,197,183,170,161,157,157,162,170,179,188,192,192,187,178,169,163,161,166,176,189,202,212
MA11,1996/05/29,216,214,204,189,172,157,146,141,142,150,164,179,191,199,201,195,185,175,166,164,169,180,193,206
MA11,1996/05/30,215,217,211,197,177,156,138,125,121,127,141,161,181,197,207,208,201,191,180,171,170,178,190,206
MA11,1996/05/31,221,229,228,217,198,173,149,128,116,115,127,148,173,196,214,223,222,213,198,185,176,177,186,200
MA11,1996/06/01,217,231,235,230,213,187,158,129,107,097,100,116,141,169,195,213,221,218,206,191,178,172,174,184
MA11,1996/06/02,200,218,230,232,222,201,172,139,109,090,085,093,114,142,173,200,218,224,219,208,195,184,179,185
MA11,1996/06/03,199,217,235,245,244,230,204,171,138,111,095,095,107,131,161,192,216,231,234,226,215,203,193,192
MA11,1996/06/04,200,216,234,249,255,249,232,204,170,138,115,104,106,122,147,176,204,224,234,233,224,211,199,190
MA11,1996/06/05,192,202,216,232,244,247,238,216,187,155,126,106,100,105,122,147,172,196,212,218,216,207,193,182
MA11,1996/06/06,177,178,189,203,218,228,228,217,197,170,143,120,105,102,110,127,150,174,193,205,208,203,194,182
MA11,1996/06/07,172,167,170,179,192,205,214,213,202,184,162,141,123,112,112,123,139,160,179,193,202,204,198,188
MA11,1996/06/08,177,167,163,165,173,184,196,202,201,193,179,163,147,133,127,129,138,153,170,186,200,206,206,199
MA11,1996/06/09,188,177,166,160,160,166,175,184,191,192,189,181,169,158,149,145,148,157,169,183,198,208,212,209
MA11,1996/06/10,203,192,177,164,156,154,158,166,175,183,188,189,186,179,171,164,161,163,170,181,195,208,216,219
MA11,1996/06/11,217,208,194,178,164,155,152,154,162,173,186,196,201,201,198,191,184,181,182,187,197,209,219,226
MA11,1996/06/12,228,224,211,194,174,156,143,137,140,150,165,181,194,203,205,201,194,186,180,179,184,194,206,217
MA11,1996/06/13,225,225,217,202,182,159,138,124,119,125,140,159,178,194,203,205,201,193,185,179,178,184,195,208
MA11,1996/06/14,220,226,225,215,196,172,147,125,111,110,120,140,163,186,204,213,214,208,198,188,183,184,192,204
MA11,1996/06/15,219,231,235,229,216,194,166,139,119,108,111,126,150,177,200,215,221,219,210,198,188,183,186,195
MA11,1996/06/16,208,223,233,234,226,207,180,151,124,105,101,110,130,156,182,204,217,220,213,202,191,183,180,185
MA11,1996/06/17,198,214,228,236,234,220,197,169,139,115,103,105,118,142,171,197,215,224,223,214,202,192,186,187
MA11,1996/06/18,197,213,229,242,247,242,225,200,171,145,128,122,129,148,175,202,226,241,244,238,228,216,206,203
MA11,1996/06/19,207,219,235,249,259,259,247,225,198,169,147,134,133,145,166,190,215,233,241,239,230,217,204,196
MA11,1996/06/20,195,202,214,229,241,245,240,224,201,176,152,135,127,131,147,170,193,215,229,231,225,215,202,192
MA11,1996/06/21,188,190,199,212,225,235,236,227,209,187,165,146,135,133,142,159,181,203,219,227,227,219,207,195
MA11,1996/06/22,187,184,187,195,207,217,222,220,210,194,175,157,142,136,138,149,167,187,205,217,222,217,207,195
MA11,1996/06/23,184,176,174,178,184,194,202,206,203,193,179,165,151,142,140,145,157,174,191,205,213,214,208,198
MA11,1996/06/24,186,175,168,166,168,174,183,189,192,190,185,176,165,156,150,150,157,169,183,198,210,216,215,208
MA11,1996/06/25,198,186,176,168,165,168,174,181,189,193,196,195,190,184,177,172,173,178,189,202,214,224,228,225
MA11,1996/06/26,217,205,190,175,166,160,160,165,173,183,191,196,198,196,190,184,180,180,184,193,205,216,223,225
MA11,1996/06/27,220,209,192,174,158,145,138,138,144,154,167,180,191,196,197,193,188,181,179,183,191,204,216,224
MA11,1996/06/28,226,220,207,190,168,149,136,128,128,139,155,174,193,208,215,216,211,204,198,195,199,209,220,231
MA11,1996/06/29,240,241,234,218,194,167,144,126,117,120,133,155,180,202,218,225,225,219,207,198,194,198,208,221
MA11,1996/06/30,234,242,242,232,212,186,157,132,114,108,117,134,160,189,213,230,237,234,225,213,202,199,204,215
MA11,1996/07/01,231,245,252,249,235,211,180,146,118,101,098,109,130,159,189,213,229,234,227,214,202,192,189,195
MA11,1996/07/02,210,228,243,250,245,229,201,167,133,107,093,094,108,132,162,192,214,227,228,219,205,192,183,183
MA11,1996/07/03,193,210,228,242,248,241,222,192,158,126,104,095,100,118,144,173,203,222,226,224,216,201,188,181
MA11,1996/07/04,184,195,213,230,243,247,238,217,187,155,128,110,106,116,137,163,191,213,227,229,222,208,192,179
MA11,1996/07/05,174,179,191,209,227,238,240,229,208,182,155,133,123,125,138,160,185,210,229,238,237,228,213,196
MA11,1996/07/06,186,181,185,198,216,230,239,238,226,208,186,165,149,142,146,159,178,199,217,228,231,225,212,195
MA11,1996/07/07,180,168,164,168,180,195,208,215,212,203,189,172,156,147,146,152,165,183,201,215,223,222,214,200
MA11,1996/07/08,184,169,158,153,156,166,178,189,195,195,190,181,171,162,158,159,167,181,196,209,220,225,222,212
MA11,1996/07/09,198,183,167,154,149,151,159,170,179,185,189,188,183,178,173,171,173,180,190,202,213,221,223,219
MA11,1996/07/10,210,197,180,164,152,145,146,152,161,172,183,190,194,195,192,188,186,188,193,201,212,223,231,234
MA11,1996/07/11,231,223,209,191,173,160,153,153,159,171,186,200,211,218,220,217,213,208,205,206,212,221,229,234
MA11,1996/07/12,236,232,220,202,181,160,143,134,132,140,154,172,189,203,212,214,210,203,197,193,194,202,211,220
MA11,1996/07/13,228,230,224,211,192,168,146,128,118,120,132,151,172,192,206,213,213,207,198,191,187,189,197,209
MA11,1996/07/14,221,230,231,223,207,185,159,134,117,111,117,134,156,180,201,215,219,215,207,196,188,185,191,202
MA11,1996/07/15,217,9999,9999,9999,225,205,180,152,127,113,112,124,145,170,194,213,223,224,216,205,195,187,185,193
MA11,1996/07/16,207,222,235,240,236,222,198,169,141,120,111,115,132,157,183,207,222,227,224,212,200,189,180,184
MA11,1996/07/17,9999,9999,9999,9999,9999,9999,9999,191,159,132,120,118,127,147,173,199,220,230,228,219,205,192,181,178
MA11,1996/07/18,187,202,219,234,242,240,228,205,176,150,128,118,122,140,9999,9999,9999,9999,9999,9999,9999,9999,9999,9999
MA11,1996/07/19,9999,9999,9999,9999,9999,9999,9999,9999,9999,9999,144,131,129,139,161,185,209,228,236,233,223,208,192,182
MA11,1996/07/20,178,184,196,212,227,237,236,226,208,185,162,145,137,141,157,179,202,222,235,237,230,216,199,185
MA11,1996/07/21,177,177,183,196,212,224,230,226,213,194,175,157,146,144,152,169,190,211,225,231,228,217,201,185
MA11,1996/07/22,173,167,169,177,190,204,214,216,210,198,183,168,156,151,154,165,183,202,219,229,231,225,211,195
MA11,1996/07/23,181,171,167,169,177,189,200,208,210,205,196,186,175,168,167,172,183,198,214,227,233,232,222,207
MA11,1996/07/24,192,178,167,162,164,170,180,189,196,199,198,193,187,181,177,177,183,193,205,217,226,229,224,214
MA11,1996/07/25,200,186,172,159,153,153,9999,9999,9999,9999,9999,9999,9999,9999,187,179,180,185,193,203,213,221,222,217
MA11,1996/07/26,207,193,176,159,146,138,136,140,148,161,175,186,195,199,200,197,194,192,193,199,207,217,223,225
MA11,1996/07/27,221,212,196,176,156,140,129,124,128,139,156,174,191,204,211,212,208,202,196,196,201,209,218,227
MA11,1996/07/28,231,228,217,198,175,151,129,115,110,116,131,152,174,195,210,217,216,209,200,193,191,195,206,219
MA11,1996/07/29,230,236,233,220,199,172,144,120,104,101,111,131,157,183,204,219,224,219,209,197,188,187,194,206
MA11,1996/07/30,222,236,243,240,225,200,168,137,112,098,098,111,135,164,192,214,226,227,219,205,192,183,182,190
MA11,1996/07/31,206,225,241,247,241,224,196,162,130,106,096,099,116,9999,9999,9999,9999,9999,9999,9999,9999,9999,9999,9999
MA11,1996/08/01,9999,9999,9999,9999,9999,9999,9999,9999,9999,125,110,109,117,137,166,195,219,231,233,223,206,187,171,164
MA11,1996/08/02,170,187,209,230,244,248,239,217,187,157,132,118,119,134,157,185,210,228,235,230,214,194,173,159
MA11,1996/08/03,157,166,182,204,224,237,237,225,203,178,153,136,129,135,153,178,202,223,235,236,226,208,186,168
MA11,1996/08/04,158,158,169,186,207,225,234,232,220,202,181,162,152,153,165,184,207,227,240,246,241,227,208,188
MA11,1996/08/05,172,163,164,173,190,208,221,227,223,213,199,184,173,169,174,187,205,221,235,244,245,236,219,200
MA11,1996/08/06,181,167,160,161,169,183,197,207,212,211,204,195,186,181,182,188,200,215,229,239,243,240,230,214
MA11,1996/08/07,197,181,167,159,159,166,176,186,195,200,201,198,195,191,189,191,197,205,216,226,234,235,231,221
MA11,1996/08/08,208,194,179,165,157,155,159,167,176,186,194,199,201,202,201,200,201,205,210,218,225,230,232,229
MA11,1996/08/09,222,211,195,179,165,155,151,153,160,170,183,194,203,209,211,211,209,207,207,210,216,223,228,231
MA11,1996/08/10,229,222,211,194,176,159,147,141,143,152,165,180,9999,9999,9999,9999,9999,9999,9999,9999,9999,9999,9999,9999
MA11,1996/08/11,9999,9999,9999,9999,190,168,149,136,129,134,147,165,185,202,213,218,216,209,201,195,192,195,203,214
MA11,1996/08/12,225,233,233,224,208,186,162,142,128,126,135,152,173,196,213,222,224,217,206,196,189,187,192,204
MA11,1996/08/13,219,233,239,237,226,205,180,154,134,125,128,141,163,189,211,227,232,227,216,202,190,184,186,196
MA11,1996/08/14,211,228,242,246,240,224,201,174,149,133,129,138,158,184,210,230,240,239,229,214,199,188,185,190
MA11,1996/08/15,206,226,244,255,257,249,230,203,177,158,148,152,167,188,212,235,249,252,243,227,209,193,182,182
MA11,1996/08/16,192,210,230,245,252,249,233,208,180,155,138,134,143,162,189,215,234,241,237,224,205,187,173,168
MA11,1996/08/17,173,9999,9999,9999,9999,9999,9999,9999,9999,166,146,136,139,154,178,203,225,237,237,227,209,188,170,159
MA11,1996/08/18,160,171,189,209,227,237,237,226,205,184,163,148,146,9999,9999,9999,9999,9999,9999,9999,9999,9999,9999,9999
MA11,1996/08/19,9999,9999,9999,9999,9999,9999,9999,9999,9999,9999,9999,9999,9999,155,169,192,213,229,238,237,226,207,185,168
MA11,1996/08/20,156,154,162,175,193,211,222,224,217,204,189,174,164,163,171,186,204,221,232,237,231,216,197,177
MA11,1996/08/21,161,153,153,161,174,190,203,211,212,206,197,188,180,174,177,186,201,216,229,236,235,225,208,190
MA11,1996/08/22,173,160,154,153,159,172,184,195,203,205,203,199,193,188,187,191,200,212,223,232,235,231,221,205
MA11,1996/08/23,189,175,162,155,153,158,168,179,189,198,203,207,208,207,205,205,208,213,220,229,236,238,233,224
MA11,1996/08/24,212,196,180,166,156,151,152,158,168,180,192,203,211,214,214,214,212,210,211,217,223,229,232,230
MA11,1996/08/25,223,212,197,177,160,146,138,137,143,155,172,189,203,214,219,219,214,207,201,201,206,213,221,227
MA11,1996/08/26,229,225,214,195,173,152,134,122,120,128,144,165,187,206,218,222,218,208,197,189,187,192,203,216
MA11,1996/08/27,228,233,231,218,196,171,145,123,112,111,122,144,170,195,215,226,226,216,202,188,179,177,186,201
MA11,1996/08/28,219,235,243,240,226,201,172,144,122,114,118,133,159,187,213,231,237,230,215,197,181,173,173,185
MA11,1996/08/29,206,229,246,254,248,231,205,172,144,126,119,128,149,176,206,229,241,239,226,205,184,166,158,164
MA11,1996/08/30,181,205,229,246,252,245,225,195,163,139,126,126,140,164,192,218,236,240,231,213,189,165,148,144
MA11,1996/08/31,154,175,202,225,242,245,235,213,186,160,141,134,141,160,186,212,234,242,238,224,201,174,153,141
MA11,1996/09/01,142,156,180,207,229,242,243,230,209,186,167,155,155,167,189,214,236,250,252,243,224,198,172,153
MA11,1996/09/02,146,151,168,191,214,233,242,239,225,208,191,178,173,178,193,214,234,250,257,253,239,216,191,169
MA11,1996/09/03,154,149,155,171,190,209,223,227,222,211,197,184,177,177,185,201,219,235,245,246,237,220,198,177
MA11,1996/09/04,158,146,144,151,165,183,199,209,210,207,199,191,183,180,184,195,208,222,232,237,235,224,208,191
MA11,1996/09/05,173,158,149,148,154,166,179,191,199,202,202,198,193,190,190,194,203,212,221,229,231,226,217,204
MA11,1996/09/06,189,174,161,152,149,153,162,173,183,191,196,198,197,196,195,195,198,203,210,218,223,223,220,214
MA11,1996/09/07,204,192,179,166,155,152,155,162,171,182,192,199,203,206,206,204,202,201,202,206,211,215,216,217
MA11,1996/09/08,213,205,193,178,162,150,143,143,150,160,174,187,198,205,208,206,201,195,189,188,192,197,204,211
MA11,1996/09/09,215,213,207,194,177,160,146,138,138,147,162,179,196,209,216,216,211,202,192,187,187,191,200,211
MA11,1996/09/10,222,228,227,218,201,181,161,146,139,142,155,173,193,212,224,228,224,213,199,187,181,180,188,201
MA11,1996/09/11,216,228,233,229,216,195,171,150,136,132,141,158,180,203,220,228,226,215,199,183,171,165,169,182
MA11,1996/09/12,200,217,230,234,226,209,185,160,140,130,133,147,169,192,213,227,229,220,203,184,168,156,155,165
MA11,1996/09/13,184,205,224,235,234,223,203,178,154,137,132,141,160,185,210,228,234,228,211,190,169,153,147,153
MA11,1996/09/14,169,192,215,232,240,236,220,197,172,151,141,143,159,182,208,230,241,239,224,204,181,159,146,146
MA11,1996/09/15,156,177,201,223,237,239,229,209,185,163,148,144,152,171,196,219,235,238,228,208,184,160,141,135
MA11,1996/09/16,141,157,181,205,223,233,231,217,198,177,160,152,156,170,191,214,233,240,235,220,196,169,147,135
MA11,1996/09/17,133,143,162,185,206,221,226,221,208,190,175,165,163,170,186,207,227,238,238,228,209,184,161,143
MA11,1996/09/18,135,138,152,171,192,210,222,224,217,205,192,182,176,179,191,207,224,238,242,237,224,203,179,159
MA11,1996/09/19,146,142,148,160,176,194,209,218,219,214,206,197,191,190,195,207,221,234,241,242,235,218,198,179
MA11,1996/09/20,162,150,147,152,162,177,192,203,210,213,212,208,203,201,202,207,215,224,232,236,234,225,211,194
MA11,1996/09/21,177,163,154,149,151,160,171,184,194,203,209,211,210,208,207,206,209,214,219,226,229,226,219,208
MA11,1996/09/22,194,180,166,155,150,149,155,166,177,190,203,214,222,227,228,227,224,222,226,232,238,244,248,245
MA11,1996/09/23,239,225,209,193,177,166,161,161,169,182,197,212,224,231,233,229,220,209,202,200,204,210,218,225
MA11,1996/09/24,227,223,212,194,174,156,142,135,137,147,165,186,204,218,225,224,215,201,187,178,177,182,194,208
MA11,1996/09/25,221,228,226,214,195,172,151,135,129,133,148,169,192,213,227,231,223,207,188,171,162,163,174,193
MA11,1996/09/26,214,231,240,238,224,203,178,155,140,137,145,163,187,212,230,239,236,220,198,175,158,150,154,170
MA11,1996/09/27,194,219,238,246,242,226,202,176,154,143,144,158,180,205,229,243,244,231,209,182,156,139,135,145
MA11,1996/09/28,166,194,220,238,244,236,217,193,167,149,143,150,168,193,219,239,246,239,220,192,163,138,125,126
MA11,1996/09/29,142,169,200,225,240,243,232,212,189,169,158,158,168,188,213,235,247,245,231,208,179,150,130,122
MA11,1996/09/30,129,150,177,205,228,240,237,225,206,186,172,166,170,186,207,229,245,249,241,223,197,168,144,128
MA11,1996/10/01,126,138,159,183,208,227,234,231,218,202,188,179,178,187,204,224,241,249,247,234,213,187,160,140
MA11,1996/10/02,130,131,144,164,186,206,220,226,218,207,193,9999,9999,183,194,213,231,240,243,236,222,200,176,155
MA11,1996/10/03,141,134,139,152,171,190,207,216,218,213,206,198,192,192,198,210,223,233,239,239,232,218,199,179
MA11,1996/10/04,164,154,150,155,167,182,197,209,216,217,215,210,206,203,205,211,219,226,231,234,231,223,210,196
MA11,1996/10/05,181,168,159,156,158,167,179,191,201,208,210,210,208,205,204,206,209,212,216,221,222,221,215,206
MA11,1996/10/06,196,184,172,163,159,161,168,177,187,198,206,210,212,211,208,206,204,202,202,206,210,213,214,213
MA11,1996/10/07,208,202,191,178,169,164,163,168,178,190,203,214,219,222,219,213,206,198,193,192,194,199,205,209
MA11,1996/10/08,211,208,200,188,175,163,155,152,157,168,184,198,210,218,220,216,207,195,185,179,180,187,196,207
MA11,1996/10/09,217,222,220,212,198,181,166,156,155,162,177,195,212,223,228,225,214,198,182,170,165,168,178,191
MA11,1996/10/10,206,218,222,218,206,188,169,154,147,150,162,181,201,217,226,226,216,198,177,160,149,146,155,171
MA11,1996/10/11,190,209,220,222,215,199,178,158,145,142,150,167,188,208,223,227,220,201,178,156,139,131,136,150
MA11,1996/10/12,171,194,213,224,223,211,191,169,150,141,143,156,176,198,217,227,225,209,185,160,138,125,124,135
MA11,1996/10/13,156,183,207,224,231,226,211,190,170,154,151,159,176,200,222,237,239,227,204,177,151,131,122,127
MA11,1996/10/14,144,171,198,222,236,239,230,212,192,175,166,169,182,203,226,244,252,246,227,200,171,145,130,127
MA11,1996/10/15,137,160,187,213,235,245,243,232,215,197,185,182,189,204,226,246,257,254,242,219,189,160,138,127
MA11,1996/10/16,129,144,166,192,217,233,239,234,222,206,191,184,185,194,211,230,244,249,242,223,197,168,143,125
MA11,1996/10/17,120,126,142,164,189,209,221,224,218,207,196,187,182,187,200,215,229,237,235,224,204,180,155,134
MA11,1996/10/18,122,121,130,147,169,190,206,216,218,213,206,199,193,193,200,211,224,234,239,235,222,205,183,162
MA11,1996/10/19,146,138,138,146,161,178,195,209,217,220,219,214,209,205,206,211,217,225,232,233,228,217,201,182
MA11,1996/10/20,165,151,143,142,148,159,173,188,201,209,212,213,211,206,202,200,200,204,209,213,214,211,203,191
MA11,1996/10/21,178,164,151,142,139,142,150,161,175,187,197,204,207,205,201,196,190,187,187,191,196,201,202,199
MA11,1996/10/22,193,184,171,158,147,141,141,147,159,174,189,201,209,212,209,201,189,177,171,170,174,183,192,199
MA11,1996/10/23,202,201,191,177,162,149,141,141,146,158,174,192,205,212,213,205,190,172,157,149,149,158,172,187
MA11,1996/10/24,202,209,209,200,184,167,152,143,142,150,165,185,204,216,222,218,202,180,158,141,134,137,151,172
MA11,1996/10/25,194,212,223,222,211,194,175,160,152,155,167,186,206,224,236,237,226,203,176,152,135,131,141,162
MA11,1996/10/26,187,213,232,239,236,224,204,186,173,167,175,191,211,230,242,246,240,217,187,157,131,117,119,132
MA11,1996/10/27,157,186,211,229,236,229,213,194,176,163,162,171,189,209,228,238,235,219,194,162,131,110,102,109
MA11,1996/10/28,129,158,188,213,228,230,221,204,185,170,163,166,179,199,221,236,240,231,209,180,148,121,105,103
MA11,1996/10/29,115,139,168,197,220,230,228,217,201,185,175,173,181,196,216,233,242,239,224,198,167,137,114,102
MA11,1996/10/30,105,121,146,173,199,216,220,216,205,192,180,175,178,190,207,224,236,239,231,212,185,156,131,114
MA11,1996/10/31,110,118,135,159,185,204,215,218,212,199,189,181,179,185,199,214,226,233,230,217,197,174,149,130
MA11,1996/11/01,120,120,132,150,173,195,211,220,221,214,206,199,195,197,205,217,229,239,242,236,222,204,184,165
MA11,1996/11/02,151,143,143,153,169,187,203,214,219,217,210,202,196,192,194,199,206,213,217,214,207,196,181,164
MA11,1996/11/03,150,140,135,137,146,159,174,188,197,200,200,196,190,186,184,184,187,191,194,195,193,187,179,168
MA11,1996/11/04,157,148,140,136,140,148,159,173,186,194,199,199,195,192,188,185,183,183,186,189,191,192,191,186
MA11,1996/11/05,180,172,163,156,152,152,158,168,181,193,203,208,208,207,202,194,186,180,179,181,185,192,200,204
MA11,1996/11/06,204,200,192,183,175,170,170,176,186,198,212,220,222,219,212,201,190,178,169,165,167,174,183,191
MA11,1996/11/07,199,201,196,187,175,164,157,157,162,174,189,203,214,219,216,206,191,175,161,153,153,160,172,186
MA11,1996/11/08,200,210,212,206,195,181,168,161,161,170,185,202,216,224,225,216,199,178,158,142,135,137,149,167
MA11,1996/11/09,188,206,216,217,210,197,181,170,165,169,182,200,217,231,237,232,216,192,166,144,130,129,139,158
MA11,1996/11/10,182,205,221,229,227,216,198,180,168,165,172,187,205,222,233,233,219,196,168,141,120,109,111,126
MA11,1996/11/11,149,176,201,217,223,217,203,186,171,162,164,175,193,214,231,238,231,212,185,153,126,109,105,115
MA11,1996/11/12,138,166,196,221,237,241,233,218,203,190,184,190,205,223,242,253,251,237,211,179,147,123,109,111
MA11,1996/11/13,125,150,181,209,231,242,240,230,215,200,190,190,198,213,232,247,253,244,223,193,159,129,109,099
MA11,1996/11/14,104,123,150,179,204,221,228,225,214,199,187,181,183,194,212,229,239,240,229,206,177,145,119,103
MA11,1996/11/15,099,109,130,155,180,201,213,217,213,203,191,182,179,185,198,216,229,235,230,214,191,164,137,116
MA11,1996/11/16,106,106,118,137,159,181,199,210,213,208,199,191,183,182,189,199,210,219,220,213,199,178,154,131
MA11,1996/11/17,114,108,111,121,139,159,178,193,203,205,202,197,190,185,185,191,199,209,215,216,212,200,184,166
MA11,1996/11/18,149,138,134,136,146,161,177,194,206,213,216,213,205,197,191,188,190,194,199,204,205,201,194,183
MA11,1996/11/19,169,157,147,141,144,153,164,177,189,199,205,207,203,194,185,176,168,166,167,172,178,183,184,182
MA11,1996/11/20,175,166,155,144,138,138,144,155,169,182,193,201,203,199,192,179,166,156,152,155,163,174,185,193
MA11,1996/11/21,198,198,191,181,171,164,164,170,180,194,208,220,226,226,219,205,185,166,153,147,150,160,174,188
MA11,1996/11/22,199,206,206,199,187,176,168,165,170,180,194,209,219,224,220,207,187,162,139,124,120,127,142,161
MA11,1996/11/23,182,200,208,207,199,187,175,167,166,171,183,200,215,225,227,218,199,172,143,120,107,106,118,140
MA11,1996/11/24,165,189,207,216,214,204,190,177,170,169,177,192,209,224,232,229,214,188,157,127,106,097,102,119
MA11,1996/11/25,145,174,199,215,220,217,205,190,178,171,174,186,202,219,231,234,224,202,173,140,112,094,089,099
MA11,1996/11/26,121,149,178,201,213,215,208,195,181,172,168,174,189,207,224,234,232,217,191,159,129,104,092,094
MA11,1996/11/27,110,136,167,194,215,224,224,216,203,191,185,186,196,213,231,246,250,243,224,196,165,138,118,111
MA11,1996/11/28,118,137,165,192,216,232,235,228,218,206,194,190,194,205,221,235,243,241,228,205,177,148,124,111
MA11,1996/11/29,110,121,143,169,194,214,225,226,218,207,197,191,191,199,214,229,241,246,240,224,202,176,151,134
MA11,1996/11/30,127,130,145,166,189,211,226,231,229,220,209,199,193,195,205,216,228,235,234,225,209,188,166,148
MA11,1996/12/01,135,134,142,158,177,198,216,227,230,225,217,208,201,199,202,210,220,227,230,226,217,202,183,166
MA11,1996/12/02,151,144,146,153,167,184,201,214,220,219,213,203,194,187,185,187,192,198,202,204,200,191,179,165
MA11,1996/12/03,153,144,138,140,148,161,178,192,202,207,205,198,190,182,176,173,173,175,179,183,185,184,179,172
MA11,1996/12/04,163,154,147,143,146,154,166,180,193,201,205,204,198,189,182,174,168,167,169,172,178,183,186,187
MA11,1996/12/05,186,181,177,172,168,170,179,192,208,220,228,232,229,221,211,198,186,179,176,179,187,197,205,212
MA11,1996/12/06,216,215,210,202,194,189,188,193,204,216,226,233,233,228,217,203,186,170,158,152,156,165,176,189
MA11,1996/12/07,200,207,209,203,193,186,181,180,187,199,211,223,230,230,223,208,188,167,148,136,133,140,155,173
MA11,1996/12/08,191,205,214,213,206,196,186,179,180,187,199,213,224,229,227,214,194,168,143,126,117,118,131,151
MA11,1996/12/09,173,195,211,217,214,205,193,182,176,178,188,202,217,228,230,223,205,178,148,122,105,099,105,123
MA11,1996/12/10,149,177,202,217,221,217,206,193,183,180,184,196,213,229,239,238,225,201,169,138,112,097,096,109
MA11,1996/12/11,132,162,192,215,229,231,224,212,198,189,187,194,209,226,241,248,242,221,191,157,124,100,089,092
MA11,1996/12/12,108,135,166,194,215,226,225,215,201,188,181,182,192,209,227,240,243,232,208,177,142,111,091,085
MA11,1996/12/13,092,112,139,169,196,214,222,219,208,195,183,177,181,195,212,229,239,237,222,197,165,133,106,092
MA11,1996/12/14,090,102,124,153,181,205,219,222,217,206,192,181,179,185,199,217,231,235,229,211,186,156,126,104
MA11,1996/12/15,093,094,109,130,155,178,196,205,206,198,186,173,165,164,172,185,200,211,213,207,191,169,144,121
MA11,1996/12/16,106,101,107,121,141,164,185,199,204,202,193,180,169,162,161,168,180,191,199,202,196,182,166,148
MA11,1996/12/17,132,122,120,128,142,162,181,196,206,211,206,197,186,174,167,167,171,178,188,196,200,198,192,181
MA11,1996/12/18,169,160,155,154,161,176,191,204,216,224,222,215,205,192,179,169,164,163,168,176,184,190,192,188
MA11,1996/12/19,181,174,166,161,160,167,178,192,205,217,222,221,215,205,190,176,163,154,152,157,165,174,183,189
MA11,1996/12/20,191,189,185,177,172,172,175,183,195,206,215,219,216,208,195,177,157,140,129,127,133,144,159,173
MA11,1996/12/21,185,192,193,188,182,177,175,177,185,197,208,216,221,218,208,191,170,145,126,115,113,122,137,155
MA11,1996/12/22,174,189,196,197,193,186,181,178,182,192,203,215,227,231,228,217,198,173,149,129,121,125,137,157
MA11,1996/12/23,181,202,218,225,225,219,209,200,196,198,205,215,226,235,236,229,212,184,153,125,107,101,107,123
MA11,1996/12/24,146,171,194,207,211,209,200,188,180,179,184,195,210,225,234,234,223,201,171,141,116,100,098,110
MA11,1996/12/25,132,160,186,206,218,221,214,203,192,185,185,191,205,221,234,241,236,219,191,160,131,109,098,101
MA11,1996/12/26,118,144,173,199,216,223,220,208,195,185,178,179,190,206,220,232,234,223,201,172,141,114,096,092
MA11,1996/12/27,103,125,152,179,201,214,217,209,196,184,175,171,178,192,209,226,235,231,216,193,165,139,117,106
MA11,1996/12/28,109,125,151,178,203,222,230,227,217,204,192,183,183,191,206,222,235,236,227,208,184,157,132,115
MA11,1996/12/29,111,120,139,164,189,211,223,223,216,205,191,180,175,180,191,206,220,227,224,214,195,171,148,130
MA11,1996/12/30,121,123,135,156,178,199,214,219,216,206,193,180,171,171,178,190,203,213,215,210,198,181,160,141
MA11,1996/12/31,129,126,132,147,167,188,206,215,217,211,199,186,175,169,169,176,186,195,201,202,197,186,171,155
