MA11,1998/01/01,100,120,148,178,203,223,231,227,216,203,191,183,187,202,219,237,249,247,235,212,181,151,123,105
MA11,1998/01/02,104,115,135,163,190,211,227,228,218,208,193,180,177,181,194,213,228,233,230,215,191,164,136,112
MA11,1998/01/03,103,107,121,143,169,194,212,219,217,208,195,179,169,169,177,190,206,219,222,219,205,184,161,139
MA11,1998/01/04,125,122,129,144,165,189,212,224,227,227,216,201,191,184,185,195,206,217,223,220,216,205,183,166
MA11,1998/01/05,151,141,143,148,161,184,201,214,224,225,216,205,190,178,169,169,176,182,192,204,208,206,197,184
MA11,1998/01/06,173,163,157,160,167,180,199,215,225,233,231,218,207,191,176,170,164,163,172,179,188,195,193,188
MA11,1998/01/07,182,175,168,164,167,173,180,191,204,212,214,209,199,188,172,156,146,139,138,145,155,167,177,181
MA11,1998/01/08,185,187,181,177,176,175,181,190,199,213,221,221,219,210,196,181,162,144,136,133,140,152,166,184
MA11,1998/01/09,197,201,205,203,195,190,191,192,198,209,217,222,224,219,209,192,169,145,125,113,111,120,136,155
MA11,1998/01/10,174,190,199,201,196,190,186,181,183,193,203,212,221,224,219,209,187,160,133,112,101,103,114,133
MA11,1998/01/11,159,181,199,209,209,205,198,189,185,187,196,209,220,229,234,229,212,186,155,126,105,098,103,118
MA11,1998/01/12,142,171,196,211,217,217,210,199,189,185,191,201,214,229,240,240,231,210,177,145,117,098,094,103
MA11,1998/01/13,123,152,179,201,216,218,210,199,185,176,174,180,192,209,225,235,231,214,189,157,125,101,087,088
MA11,1998/01/14,104,129,160,186,205,217,214,204,191,177,169,170,178,194,213,227,232,224,203,177,147,117,098,092
MA11,1998/01/15,098,121,149,175,201,216,219,213,200,186,176,171,177,192,210,229,244,244,233,215,187,161,139,123
MA11,1998/01/16,126,142,163,190,216,236,245,239,226,213,199,188,183,189,203,219,233,239,233,218,194,167,141,121
MA11,1998/01/17,113,119,135,157,182,204,217,219,209,194,180,166,159,160,170,187,203,213,215,207,191,172,149,129
MA11,1998/01/18,120,121,133,152,174,200,219,224,224,216,201,190,181,178,185,196,209,222,227,224,217,203,185,168
MA11,1998/01/19,155,151,157,168,188,209,224,236,238,227,215,201,187,178,176,181,191,201,208,211,209,201,189,174
MA11,1998/01/20,161,154,155,159,172,190,205,215,219,216,206,193,179,168,161,160,166,175,182,187,191,190,186,179
MA11,1998/01/21,169,162,159,160,169,183,198,212,220,221,217,206,193,180,170,163,158,159,164,168,175,179,180,180
MA11,1998/01/22,177,172,169,167,168,178,188,196,206,212,211,204,194,182,170,158,151,147,145,149,154,164,174,178
MA11,1998/01/23,182,185,183,181,180,182,189,196,205,212,216,217,209,199,189,174,159,150,142,141,147,157,169,181
MA11,1998/01/24,191,199,203,201,199,198,199,203,210,216,225,232,230,222,213,197,179,162,145,135,136,143,154,168
MA11,1998/01/25,183,196,203,204,201,196,192,189,190,197,206,214,220,219,213,200,180,156,134,118,111,114,124,142
MA11,1998/01/26,164,186,201,209,210,206,198,190,186,188,197,208,218,225,224,216,198,172,145,120,103,099,104,120
MA11,1998/01/27,143,169,192,206,210,208,201,189,179,175,180,192,204,216,225,222,209,187,156,125,101,088,087,097
MA11,1998/01/28,120,149,176,198,211,215,208,194,180,171,171,179,192,210,224,232,228,210,183,151,121,098,086,090
MA11,1998/01/29,108,134,166,192,211,222,218,206,190,175,167,168,178,195,216,230,234,225,201,171,137,108,089,082
MA11,1998/01/30,090,114,142,171,196,210,213,205,188,171,157,150,156,172,193,216,229,231,220,194,164,134,107,093
MA11,1998/01/31,094,109,134,161,188,209,218,215,202,184,168,156,151,158,174,196,217,226,223,209,184,155,129,108
MA11,1998/02/01,101,108,126,149,176,200,214,215,205,189,170,152,140,140,152,170,191,207,213,209,194,173,149,128
MA11,1998/02/02,117,116,126,145,168,192,210,216,211,199,181,161,145,137,139,152,169,187,199,204,199,187,171,153
MA11,1998/02/03,139,136,140,151,171,191,208,220,219,210,197,178,158,143,138,142,152,166,179,189,195,192,184,172
MA11,1998/02/04,162,157,156,161,173,189,204,216,220,217,208,192,173,155,143,139,140,147,158,169,179,186,186,181
MA11,1998/02/05,178,174,170,171,178,189,201,211,218,221,217,208,194,177,162,150,142,139,141,149,161,171,179,183
MA11,1998/02/06,185,187,186,184,186,191,199,207,213,219,222,218,209,196,181,165,149,136,129,129,136,149,162,172
MA11,1998/02/07,183,190,191,190,188,189,191,194,198,206,212,215,214,205,194,181,161,140,127,119,119,130,144,161
MA11,1998/02/08,179,194,203,206,205,204,201,200,202,209,219,230,237,236,234,224,205,184,160,143,137,136,149,169
MA11,1998/02/09,189,208,224,229,228,224,215,207,203,203,210,221,227,233,235,227,211,187,158,134,116,110,116,131
MA11,1998/02/10,154,180,199,211,215,212,203,193,182,178,185,197,210,224,233,234,224,202,173,143,117,104,102,112
MA11,1998/02/11,136,162,186,204,211,212,203,189,175,166,165,172,186,203,219,227,224,209,185,154,126,106,095,099
MA11,1998/02/12,119,145,174,197,210,215,208,193,178,165,160,166,179,198,221,233,236,233,213,184,158,131,113,109
MA11,1998/02/13,117,141,170,191,210,221,216,204,185,167,157,154,159,177,198,215,227,228,213,191,164,138,118,108
MA11,1998/02/14,114,134,162,187,209,224,226,220,205,183,168,161,161,172,191,211,226,233,227,211,188,163,141,126
MA11,1998/02/15,124,135,156,181,204,220,227,221,204,184,167,155,151,155,171,192,208,220,223,210,192,172,149,132
MA11,1998/02/16,126,131,146,167,189,208,218,215,203,184,164,148,140,141,150,167,184,198,205,201,190,174,156,139
MA11,1998/02/17,131,132,142,158,178,198,210,213,206,189,171,155,142,136,139,150,166,179,188,192,187,176,163,148
MA11,1998/02/18,137,137,140,149,167,183,195,203,198,184,170,152,135,127,126,129,140,152,160,168,171,168,160,150
MA11,1998/02/19,142,139,141,147,159,174,187,196,197,190,178,164,149,136,131,131,135,144,154,162,169,173,170,168
MA11,1998/02/20,163,160,161,164,169,181,191,200,205,202,195,185,171,157,147,141,138,141,147,154,164,174,178,182
MA11,1998/02/21,186,188,189,190,192,197,203,209,213,215,213,206,192,179,167,154,144,139,135,137,144,153,162,170
MA11,1998/02/22,176,180,182,181,179,178,179,183,187,191,195,194,189,180,169,154,140,127,117,113,118,127,140,155
MA11,1998/02/23,169,180,187,188,186,181,178,177,179,184,192,198,200,197,189,176,158,138,120,108,105,110,123,142
MA11,1998/02/24,162,181,194,199,198,192,184,176,173,176,184,196,205,209,207,198,180,157,132,112,100,099,109,127
MA11,1998/02/25,151,176,194,205,208,203,191,179,169,166,174,187,201,215,223,221,207,186,158,130,110,100,102,117
MA11,1998/02/26,142,170,195,212,220,217,205,189,172,162,162,174,191,209,226,234,227,210,181,149,122,102,094,103
MA11,1998/02/27,123,151,181,202,216,220,208,190,171,152,144,148,164,189,213,230,234,225,203,172,140,114,100,099
MA11,1998/02/28,114,138,168,195,214,222,216,199,177,153,138,137,145,165,193,217,232,235,222,198,168,139,118,111
MA11,1998/03/01,117,137,165,192,216,230,230,217,195,169,148,139,139,151,177,205,226,237,236,221,197,170,146,131
MA11,1998/03/02,130,140,161,185,208,225,229,220,201,176,150,132,124,127,144,169,192,209,217,212,198,180,157,139
MA11,1998/03/03,134,138,151,173,196,215,224,221,208,186,161,139,123,117,125,144,164,184,200,204,199,188,173,158
MA11,1998/03/04,149,149,157,173,191,208,221,223,215,199,179,156,136,124,121,129,143,159,174,185,189,186,178,168
MA11,1998/03/05,161,159,162,170,185,200,212,219,215,204,189,170,150,134,125,123,129,142,155,167,178,183,182,180
MA11,1998/03/06,178,176,177,181,189,201,210,218,220,215,206,195,178,161,148,138,134,138,144,153,164,173,179,184
MA11,1998/03/07,186,187,189,189,192,197,204,210,212,210,207,201,190,178,164,149,138,130,128,133,141,153,164,173
MA11,1998/03/08,181,185,186,186,184,184,185,189,193,196,201,201,198,192,181,166,150,136,127,124,128,138,152,167
MA11,1998/03/09,180,192,198,198,196,190,185,185,187,191,199,207,210,211,207,195,177,157,138,126,122,127,138,155
MA11,1998/03/10,174,190,200,202,198,189,180,172,167,169,178,189,200,206,207,203,187,164,143,121,111,112,118,135
MA11,1998/03/11,157,177,192,200,199,190,177,165,156,152,158,172,186,200,209,211,204,185,161,138,120,112,117,131
MA11,1998/03/12,155,181,201,214,218,212,199,182,167,160,163,174,190,208,225,235,232,218,196,169,146,133,129,139
MA11,1998/03/13,161,185,208,223,230,225,211,192,172,157,152,159,175,195,215,230,235,227,208,182,156,137,126,130
MA11,1998/03/14,146,170,194,214,227,228,215,196,175,156,146,148,159,178,203,224,235,233,221,200,176,156,141,138
MA11,1998/03/15,148,169,195,217,234,240,231,215,193,168,153,150,156,172,194,215,231,236,226,208,187,163,145,137
MA11,1998/03/16,140,156,178,199,216,225,223,208,186,162,143,133,134,146,167,190,208,220,221,209,193,173,154,142
MA11,1998/03/17,140,151,170,190,209,221,222,212,192,168,148,134,128,133,149,170,190,205,212,208,196,180,163,149
MA11,1998/03/18,147,151,164,182,200,213,218,211,193,171,150,132,121,120,130,147,166,183,193,196,192,180,165,154
MA11,1998/03/19,150,150,158,173,190,204,213,210,198,180,161,143,130,125,129,141,157,174,187,196,198,194,187,179
MA11,1998/03/20,175,176,179,189,202,215,226,230,222,208,192,174,159,147,142,146,153,164,177,185,192,195,189,186
MA11,1998/03/21,186,182,182,187,193,203,212,214,211,202,190,177,161,146,138,135,137,143,151,161,172,179,182,185
MA11,1998/03/22,185,184,184,183,185,190,196,202,203,199,192,182,169,156,144,137,132,129,133,139,148,160,169,176
MA11,1998/03/23,183,186,186,184,182,181,183,186,187,189,190,187,180,170,156,144,133,124,119,121,130,141,155,168
MA11,1998/03/24,179,188,189,187,183,177,174,175,176,180,187,190,190,187,176,163,148,131,119,115,117,126,141,160
MA11,1998/03/25,178,193,201,201,195,185,175,168,166,168,179,191,199,204,201,191,174,151,131,116,110,114,127,146
MA11,1998/03/26,168,189,202,206,199,187,172,156,146,147,157,172,188,201,207,206,191,167,143,120,105,103,109,127
MA11,1998/03/27,152,177,198,208,207,197,178,158,141,132,140,156,176,200,218,226,222,203,177,151,130,117,117,130
MA11,1998/03/28,151,178,203,218,222,214,195,168,143,127,124,133,154,180,206,224,228,218,197,170,144,124,116,122
MA11,1998/03/29,139,164,192,211,221,219,202,176,146,120,108,109,124,151,180,207,224,225,213,195,170,147,132,130
MA11,1998/03/30,141,163,189,211,225,228,218,194,163,134,113,103,110,129,157,188,212,224,225,213,192,170,151,143
MA11,1998/03/31,148,162,183,205,222,230,225,208,180,150,123,103,099,109,128,158,185,204,213,210,198,180,163,152
MA11,1998/04/01,149,157,174,193,210,223,224,212,191,162,135,112,097,097,110,131,155,178,192,199,196,183,171,161
MA11,1998/04/02,156,160,172,190,209,224,230,226,212,191,167,141,122,112,114,127,146,164,182,194,197,193,184,174
MA11,1998/04/03,167,166,170,180,191,203,213,212,202,188,168,147,128,112,106,110,119,133,148,162,173,176,173,170
MA11,1998/04/04,168,164,163,169,175,185,194,196,193,186,175,160,144,128,116,111,114,120,130,143,156,165,169,172
MA11,1998/04/05,173,170,169,169,170,175,182,185,188,187,181,175,164,150,138,128,122,120,122,131,143,154,164,171
MA11,1998/04/06,177,179,177,173,170,169,170,173,176,178,181,181,176,170,160,147,135,127,123,125,134,146,160,173
MA11,1998/04/07,183,189,189,186,179,173,168,166,168,173,180,186,191,191,185,175,162,146,135,130,133,143,155,171
MA11,1998/04/08,187,197,201,198,188,176,167,158,155,158,168,180,189,196,197,189,175,157,140,126,122,127,138,155
MA11,1998/04/09,174,189,197,197,190,177,161,146,138,139,147,162,178,192,201,203,195,178,159,142,133,132,141,157
MA11,1998/04/10,179,199,212,215,210,195,176,157,142,134,140,154,172,192,206,213,212,197,176,157,140,133,134,146
MA11,1998/04/11,167,189,205,214,211,197,178,155,134,122,122,133,151,173,194,208,211,203,186,163,144,130,124,132
MA11,1998/04/12,150,171,191,203,204,196,176,152,128,109,104,110,126,150,174,193,206,205,192,175,156,141,133,136
MA11,1998/04/13,152,174,195,212,219,213,197,172,145,124,112,113,125,145,171,194,210,217,211,195,178,160,147,146
MA11,1998/04/14,155,173,197,213,221,221,207,185,159,132,117,112,116,133,158,182,204,215,215,206,191,174,159,152
MA11,1998/04/15,156,169,188,207,220,224,216,197,172,146,126,116,115,127,147,172,195,210,215,212,202,187,172,161
MA11,1998/04/16,161,171,185,202,216,222,219,205,180,155,132,115,108,112,127,147,168,186,198,200,197,187,172,163
MA11,1998/04/17,160,162,173,186,199,211,211,202,184,159,137,119,106,105,113,129,149,167,184,194,195,191,184,175
MA11,1998/04/18,171,171,176,186,198,207,213,210,195,176,157,138,123,115,117,126,140,156,171,183,191,193,190,185
MA11,1998/04/19,181,179,181,187,194,204,211,211,203,192,178,160,143,131,126,127,134,145,157,171,184,189,191,191
MA11,1998/04/20,189,185,183,181,182,188,193,196,196,189,180,168,152,139,128,121,121,125,133,146,159,170,178,185
MA11,1998/04/21,187,187,184,179,176,176,179,182,185,186,186,180,171,161,149,138,130,126,127,135,148,162,175,188
MA11,1998/04/22,197,198,195,190,180,173,170,168,171,179,185,188,188,181,171,158,143,132,126,126,135,148,163,179
MA11,1998/04/23,194,201,202,196,183,170,159,153,154,161,173,185,194,198,195,184,168,152,137,129,131,140,154,174
MA11,1998/04/24,193,206,213,209,196,181,162,148,141,145,159,178,195,210,215,211,200,182,163,149,142,145,158,176
MA11,1998/04/25,199,218,229,231,220,200,176,152,137,135,144,163,187,210,226,232,226,210,188,168,153,147,152,168
MA11,1998/04/26,188,210,226,232,224,206,180,149,122,108,109,123,147,176,201,217,222,214,196,174,154,142,141,150
MA11,1998/04/27,169,192,211,223,222,207,183,150,117,096,087,091,112,140,172,200,214,217,207,189,172,158,148,152
MA11,1998/04/28,167,186,208,223,227,221,201,170,136,104,084,081,091,114,144,175,199,211,210,201,186,169,157,155
MA11,1998/04/29,163,179,201,219,230,230,217,191,160,127,101,088,086,102,127,155,184,204,210,209,200,185,172,164
MA11,1998/04/30,165,175,191,209,222,227,221,203,175,145,117,094,086,090,105,129,154,177,193,198,195,186,173,164
MA11,1998/05/01,163,167,176,192,206,214,217,208,188,163,137,113,099,094,100,118,140,162,182,194,197,194,186,179
MA11,1998/05/02,175,174,181,192,203,214,220,216,206,190,169,149,132,121,119,127,143,161,179,194,204,206,204,200
MA11,1998/05/03,195,192,192,195,203,211,217,220,216,207,194,176,158,145,136,133,138,149,162,177,190,196,198,196
MA11,1998/05/04,192,188,183,180,181,184,189,192,192,190,183,174,163,150,137,131,128,131,140,152,166,178,183,187
MA11,1998/05/05,187,184,180,172,166,167,167,168,172,176,178,178,172,163,153,142,134,131,133,140,152,165,176,185
MA11,1998/05/06,190,189,184,176,167,160,157,157,160,166,174,180,183,182,176,166,156,146,141,143,152,165,179,191
MA11,1998/05/07,201,204,200,191,178,166,157,149,149,155,165,177,187,192,192,186,175,161,151,148,151,161,175,190
MA11,1998/05/08,204,213,214,206,193,178,163,152,148,152,162,177,193,206,210,208,200,186,171,160,157,160,172,187
MA11,1998/05/09,202,213,216,211,197,178,157,138,126,126,134,150,170,189,202,206,202,189,174,159,150,149,156,172
MA11,1998/05/10,190,205,214,214,202,184,162,139,122,114,118,134,155,178,196,206,207,201,186,169,156,148,150,162
MA11,1998/05/11,179,197,209,212,206,189,164,139,116,101,100,109,129,155,178,197,206,203,193,178,163,153,150,157
MA11,1998/05/12,172,192,208,216,214,202,180,152,126,106,098,103,120,145,174,197,212,219,213,199,185,172,165,168
MA11,1998/05/13,180,197,215,226,229,221,201,174,145,120,105,104,113,133,159,184,204,215,214,205,191,178,167,163
MA11,1998/05/14,170,184,200,216,222,219,206,181,150,123,103,094,099,113,136,162,186,203,209,207,198,185,173,166
MA11,1998/05/15,168,179,193,207,218,220,212,193,165,137,114,098,095,104,122,145,170,190,201,206,201,190,180,171
MA11,1998/05/16,168,174,184,197,209,215,213,200,178,151,127,108,098,099,111,130,152,174,190,200,202,197,187,178
MA11,1998/05/17,173,175,181,189,200,211,213,207,192,170,148,128,113,107,112,124,142,162,180,194,203,202,198,191
MA11,1998/05/18,184,181,182,187,195,205,213,213,204,191,173,153,137,125,121,126,137,152,168,184,197,203,204,202
MA11,1998/05/19,197,191,187,186,189,195,203,205,203,198,187,173,158,144,134,131,134,143,155,170,183,195,202,203
MA11,1998/05/20,200,194,185,178,175,175,180,186,189,191,190,183,174,162,149,140,136,137,144,156,170,185,196,202
MA11,1998/05/21,204,200,191,179,168,161,160,163,170,178,185,190,189,182,172,160,149,143,142,148,160,175,191,202
MA11,1998/05/22,208,208,200,185,169,152,142,140,143,153,169,181,191,193,188,178,165,151,143,142,149,162,177,192
MA11,1998/05/23,204,210,207,194,175,153,134,123,121,129,146,166,184,198,204,200,190,175,162,154,153,161,175,192
MA11,1998/05/24,209,220,221,212,194,168,142,121,109,110,124,146,170,193,209,214,210,198,183,171,164,167,178,194
MA11,1998/05/25,214,233,241,239,227,203,172,143,121,110,115,133,158,187,212,227,232,228,212,196,184,178,180,192
MA11,1998/05/26,209,228,241,242,233,212,181,147,116,094,089,099,122,152,181,206,221,223,215,202,186,176,173,178
MA11,1998/05/27,193,211,227,235,234,220,194,162,126,095,081,081,095,121,151,180,203,214,213,204,191,179,170,169
MA11,1998/05/28,180,197,214,227,232,226,208,181,147,113,091,081,084,103,130,158,186,204,211,210,200,187,177,172
MA11,1998/05/29,177,189,203,220,231,232,223,203,175,145,117,099,093,100,121,149,174,199,214,216,213,206,195,188
MA11,1998/05/30,187,192,205,220,232,240,238,224,203,177,151,130,117,116,127,147,170,194,213,222,223,218,207,197
MA11,1998/05/31,192,190,195,206,218,226,229,225,211,192,172,150,133,126,128,139,158,177,196,211,217,216,210,202
MA11,1998/06/01,194,188,187,192,200,211,218,219,214,202,188,173,157,146,141,145,155,171,190,204,215,220,217,209
MA11,1998/06/02,201,193,186,184,187,193,199,203,205,200,191,181,168,155,146,143,145,156,170,184,198,208,209,206
MA11,1998/06/03,202,193,184,178,174,175,181,185,190,193,191,188,182,173,164,158,155,160,169,181,197,211,218,221
MA11,1998/06/04,217,210,202,190,181,177,175,178,184,190,195,198,197,194,186,176,168,165,166,175,187,200,211,216
MA11,1998/06/05,217,213,202,189,175,164,157,155,159,167,177,188,194,195,193,186,176,169,165,166,175,188,201,211
MA11,1998/06/06,216,217,209,195,180,162,149,142,142,148,161,175,189,198,201,198,190,179,170,166,169,180,192,205
MA11,1998/06/07,216,220,215,205,186,165,147,131,125,129,140,158,178,193,204,207,202,193,181,173,170,175,186,200
MA11,1998/06/08,214,223,223,215,198,175,151,130,116,114,122,138,161,182,198,208,209,201,189,176,167,167,174,185
MA11,1998/06/09,202,216,220,217,204,182,156,130,110,100,103,117,139,164,188,205,212,209,200,186,174,169,171,181
MA11,1998/06/10,197,213,224,226,218,200,174,144,119,102,098,107,127,153,179,202,217,222,215,204,191,182,180,184
MA11,1998/06/11,197,216,229,237,236,221,197,168,136,113,103,103,117,141,168,194,214,224,224,215,202,190,181,180
MA11,1998/06/12,190,205,221,233,235,228,208,180,149,121,102,095,103,123,148,175,199,214,220,216,206,194,182,177
MA11,1998/06/13,182,193,208,223,232,232,219,196,168,137,113,101,099,110,132,159,184,205,218,220,214,205,194,185
MA11,1998/06/14,184,190,204,219,232,238,231,216,192,163,138,121,110,115,131,151,178,202,218,230,230,222,214,203
MA11,1998/06/15,197,198,204,217,231,240,242,234,216,193,169,147,132,127,133,148,168,190,209,221,226,224,215,205
MA11,1998/06/16,194,189,189,195,207,218,224,225,216,199,180,161,143,132,131,137,152,172,191,207,217,220,216,207
MA11,1998/06/17,197,187,180,180,186,195,205,211,211,204,193,178,162,150,141,141,149,162,177,194,207,216,217,211
MA11,1998/06/18,204,193,180,172,169,172,180,189,196,198,196,190,180,168,157,151,152,158,170,184,199,211,217,217
MA11,1998/06/19,212,201,187,172,161,158,161,167,177,187,194,198,197,189,181,174,168,167,173,184,198,213,225,231
MA11,1998/06/20,231,224,209,192,175,161,154,155,161,174,188,198,206,208,203,195,185,176,174,177,185,200,212,220
MA11,1998/06/21,226,223,210,192,168,147,132,123,124,136,153,173,191,202,207,205,196,187,179,175,180,190,203,215
MA11,1998/06/22,226,230,223,207,184,157,132,115,105,109,125,147,171,193,207,213,211,202,192,182,179,185,195,209
MA11,1998/06/23,225,234,235,225,205,178,148,120,101,094,102,122,148,174,197,211,217,212,201,190,182,179,185,197
MA11,1998/06/24,212,227,235,232,219,196,164,131,104,086,084,096,119,149,178,200,213,215,207,196,185,177,177,185
MA11,1998/06/25,200,217,230,236,232,215,188,155,122,096,084,086,103,129,160,187,206,216,214,205,193,182,176,178
MA11,1998/06/26,189,206,222,234,237,230,210,181,148,118,097,091,098,119,147,177,202,218,223,218,207,195,185,182
MA11,1998/06/27,187,201,217,232,243,244,232,210,181,149,123,108,106,119,141,168,194,215,225,226,218,206,193,184
MA11,1998/06/28,184,193,206,221,234,241,238,224,201,173,148,128,118,122,137,159,185,208,223,228,225,216,203,191
MA11,1998/06/29,185,185,194,207,221,231,234,227,213,192,168,147,133,129,137,153,175,197,215,225,227,221,209,196
MA11,1998/06/30,187,182,184,191,202,214,221,221,213,199,181,163,147,138,138,148,163,183,201,214,220,219,210,198
MA11,1998/07/01,187,178,174,175,182,192,201,206,205,199,189,176,163,153,149,150,160,175,191,206,217,220,217,208
MA11,1998/07/02,196,186,177,173,174,180,188,195,198,199,196,189,181,172,164,162,165,174,187,201,213,221,221,215
MA11,1998/07/03,206,196,184,174,168,168,173,179,185,191,194,195,192,187,182,177,175,179,187,197,209,219,224,223
MA11,1998/07/04,218,207,194,180,168,160,158,161,167,176,184,191,195,195,193,188,183,182,185,191,203,214,222,226
MA11,1998/07/05,224,217,205,189,172,159,151,148,152,160,172,186,197,203,206,203,196,191,187,188,194,205,214,222
MA11,1998/07/06,225,222,213,197,178,158,143,134,132,138,151,169,186,200,209,209,205,198,190,187,189,196,207,218
MA11,1998/07/07,226,229,224,210,191,169,147,131,122,123,135,154,176,196,211,219,218,212,202,193,189,193,201,213
MA11,1998/07/08,227,236,236,227,210,187,162,138,122,117,124,141,164,189,211,225,230,226,217,206,197,195,199,211
MA11,1998/07/09,226,239,246,244,231,210,183,153,129,116,115,127,148,175,201,221,231,233,227,215,204,195,195,203
MA11,1998/07/10,218,234,247,250,244,227,201,171,142,120,112,117,134,160,189,213,231,239,236,226,213,202,196,197
MA11,1998/07/11,209,226,243,253,254,244,222,193,161,134,117,113,123,145,172,201,224,238,241,234,222,209,197,192
MA11,1998/07/12,198,213,229,245,253,250,235,210,179,150,126,114,116,132,155,183,210,229,238,237,228,214,200,189
MA11,1998/07/13,188,197,213,230,244,250,243,225,200,171,144,125,118,125,143,167,193,216,229,233,228,215,200,187
MA11,1998/07/14,179,181,191,206,223,236,238,230,212,188,162,142,129,127,138,157,180,203,220,229,229,221,207,192
MA11,1998/07/15,180,174,176,186,201,217,226,226,218,202,182,162,146,138,141,153,172,193,212,224,230,227,216,202
MA11,1998/07/16,187,175,170,173,182,196,209,217,217,211,199,184,169,159,156,160,172,188,205,220,229,231,225,212
MA11,1998/07/17,198,183,170,163,165,173,186,197,206,209,207,200,191,181,175,174,179,189,203,217,229,235,234,227
MA11,1998/07/18,215,199,182,168,160,159,166,176,188,197,204,207,205,201,196,192,191,195,202,213,224,234,238,236
MA11,1998/07/19,227,214,197,177,160,150,146,151,161,174,189,200,207,210,209,206,202,200,201,208,217,228,237,239
MA11,1998/07/20,238,231,215,195,172,152,138,134,139,151,168,187,203,215,220,219,215,208,203,203,209,218,229,238
MA11,1998/07/21,243,241,232,214,190,165,142,127,122,127,142,163,185,205,218,223,222,215,206,200,200,205,215,227
MA11,1998/07/22,238,244,242,231,211,185,156,132,117,115,123,143,168,194,215,228,231,226,216,205,198,198,203,215
MA11,1998/07/23,230,243,249,246,232,210,182,153,128,114,114,127,149,176,201,221,230,229,221,208,197,189,189,197
MA11,1998/07/24,212,228,241,246,239,223,196,163,133,111,101,106,125,151,180,205,221,225,219,208,195,183,177,181
MA11,1998/07/25,193,210,228,240,242,234,214,185,153,125,107,104,116,138,167,195,216,227,227,218,204,190,178,176
MA11,1998/07/26,184,198,218,234,243,243,231,208,179,150,128,117,119,136,162,190,214,231,235,229,216,200,186,177
MA11,1998/07/27,179,190,207,224,238,245,240,223,199,172,147,131,127,135,155,181,206,226,235,234,225,209,193,181
MA11,1998/07/28,176,181,193,209,226,238,240,231,214,191,169,150,140,141,154,175,198,219,233,236,231,218,201,186
MA11,1998/07/29,176,174,180,192,208,222,229,229,219,203,184,166,153,151,158,172,193,213,228,236,235,225,211,195
MA11,1998/07/30,181,174,174,181,192,206,216,221,218,208,195,181,169,162,163,171,186,202,218,228,231,225,213,198
MA11,1998/07/31,183,172,166,166,172,183,194,201,204,201,194,185,177,169,167,171,181,195,209,220,227,226,217,204
MA11,1998/08/01,190,176,165,160,160,166,175,183,190,193,193,191,186,180,178,178,182,191,202,214,223,226,223,214
MA11,1998/08/02,202,189,176,165,158,158,162,170,178,186,193,197,198,197,195,193,192,194,200,209,220,227,228,224
MA11,1998/08/03,217,205,190,176,164,156,152,154,161,172,184,195,202,206,207,205,203,200,199,203,211,219,225,227
MA11,1998/08/04,225,217,205,188,171,157,146,142,145,154,168,184,199,210,216,217,213,208,203,202,207,214,223,230
MA11,1998/08/05,233,231,222,207,188,168,150,137,133,140,154,173,192,209,222,228,226,219,211,204,202,207,215,225
MA11,1998/08/06,235,239,235,224,205,182,158,138,127,125,135,154,176,198,217,229,232,228,216,205,199,199,205,218
MA11,1998/08/07,231,242,247,240,226,204,175,149,129,119,124,139,161,187,212,229,237,235,224,211,199,193,195,205
MA11,1998/08/08,220,237,249,250,241,222,196,165,138,120,115,124,144,171,199,224,238,242,235,220,205,192,186,192
MA11,1998/08/09,207,225,243,253,252,241,218,187,156,131,115,116,130,154,184,211,231,240,238,226,210,194,182,180
MA11,1998/08/10,190,208,229,246,255,252,237,211,179,150,129,121,127,145,172,201,226,241,243,234,218,199,181,172
MA11,1998/08/11,174,188,208,230,247,254,248,229,202,173,148,132,130,141,163,190,216,235,243,240,228,209,189,174
MA11,1998/08/12,167,173,189,209,229,244,248,241,222,199,175,156,148,151,166,189,213,233,245,246,238,223,202,182
MA11,1998/08/13,168,164,172,187,206,225,237,239,231,215,196,179,168,165,173,189,208,228,242,250,247,235,217,197
MA11,1998/08/14,179,167,164,171,185,203,219,228,228,221,209,195,183,177,180,190,205,221,234,242,243,236,221,203
MA11,1998/08/15,184,166,155,152,157,169,185,198,205,208,205,199,191,185,183,185,193,205,218,229,237,236,228,215
MA11,1998/08/16,199,182,168,156,152,158,169,182,194,203,210,213,213,211,208,207,209,214,222,231,239,243,241,233
MA11,1998/08/17,222,208,190,172,157,150,152,159,169,182,193,202,208,212,212,210,208,207,209,216,223,229,233,232
MA11,1998/08/18,227,217,201,182,163,148,139,136,141,153,169,184,198,208,213,214,210,204,200,201,205,212,220,227
MA11,1998/08/19,229,227,218,202,181,159,140,128,126,133,148,168,189,208,220,225,223,215,206,200,199,204,212,223
MA11,1998/08/20,233,240,239,228,209,184,159,138,126,125,136,154,177,200,219,230,231,224,213,201,194,193,199,210
MA11,1998/08/21,224,236,243,240,226,205,178,150,129,119,121,137,160,186,210,227,233,229,217,201,188,180,181,191
MA11,1998/08/22,207,224,238,242,235,220,195,164,139,121,115,124,144,170,197,218,230,230,218,203,188,174,169,176
MA11,1998/08/23,190,209,228,240,242,233,214,185,155,132,120,121,136,162,190,215,231,235,228,213,195,178,168,169
MA11,1998/08/24,180,198,219,236,246,244,231,208,180,154,137,131,139,159,184,210,230,239,235,223,205,186,171,165
MA11,1998/08/25,170,185,205,225,239,245,240,223,199,175,155,144,144,158,180,206,227,240,241,232,216,196,178,166
MA11,1998/08/26,165,174,190,210,227,238,239,228,211,190,169,156,152,159,176,198,220,234,240,235,221,201,182,168
MA11,1998/08/27,161,163,175,192,210,225,231,228,216,199,182,168,160,162,173,192,212,228,237,237,226,209,189,172
MA11,1998/08/28,163,161,166,179,195,210,222,225,219,207,194,182,173,171,178,191,208,224,234,238,232,218,200,183
MA11,1998/08/29,170,162,162,168,179,193,206,212,212,207,199,190,183,180,183,191,203,217,227,233,233,226,212,196
MA11,1998/08/30,182,170,164,165,170,180,191,201,208,209,206,202,197,194,194,198,205,214,223,231,233,229,219,207
MA11,1998/08/31,193,179,170,164,162,167,175,184,193,201,206,208,207,206,205,205,207,211,216,223,229,230,226,219
MA11,1998/09/01,209,196,182,170,163,160,162,169,179,190,202,210,215,218,219,217,216,214,215,220,226,231,233,232
MA11,1998/09/02,226,215,200,185,171,160,155,156,162,174,188,202,214,223,228,228,223,217,212,212,216,222,228,233
MA11,1998/09/03,233,228,217,201,183,166,153,144,143,151,167,186,205,220,230,233,229,219,209,203,201,205,213,223
MA11,1998/09/04,231,234,229,217,198,177,156,140,131,134,146,167,189,210,227,237,236,226,212,200,193,192,200,213
MA11,1998/09/05,228,238,242,236,219,196,170,145,128,122,129,147,172,199,222,236,239,230,215,198,185,179,183,196
MA11,1998/09/06,214,232,244,245,236,216,188,159,136,122,121,133,155,183,210,230,239,235,221,202,182,168,165,174
MA11,1998/09/07,192,215,236,248,248,235,211,181,153,131,122,126,145,171,200,225,240,242,231,211,188,168,156,158
MA11,1998/09/08,172,195,221,241,251,249,234,209,179,153,136,132,142,164,191,217,238,245,239,222,199,173,154,146
MA11,1998/09/09,151,169,195,220,239,247,242,225,200,173,153,143,145,160,183,210,233,244,243,231,209,182,158,141
MA11,1998/09/10,137,147,168,193,217,233,239,232,216,195,174,160,157,165,182,204,226,241,246,239,224,199,172,150
MA11,1998/09/11,137,137,149,169,192,214,228,230,223,209,193,179,170,172,182,201,221,237,245,245,235,216,192,169
MA11,1998/09/12,150,140,142,152,169,189,207,217,219,215,207,197,188,186,191,201,216,229,239,244,239,226,208,187
MA11,1998/09/13,168,153,145,146,155,169,186,200,209,212,210,206,202,198,199,205,213,223,231,238,239,231,219,205
MA11,1998/09/14,187,170,156,148,146,152,163,176,188,199,205,208,209,208,207,208,211,215,221,227,231,230,226,219
MA11,1998/09/15,208,193,177,164,155,152,155,162,172,185,198,208,214,219,220,219,218,217,218,222,227,230,231,230
MA11,1998/09/16,227,220,208,194,179,170,168,174,187,203,221,237,251,256,252,246,239,230,224,220,220,223,228,234
MA11,1998/09/17,238,237,230,217,199,179,163,153,152,161,176,194,213,226,232,231,222,211,202,195,194,199,209,223
MA11,1998/09/18,234,238,238,229,210,188,165,148,140,141,151,170,191,209,221,226,222,211,198,185,178,177,184,198
MA11,1998/09/19,214,227,235,232,219,199,174,149,134,130,138,157,181,205,224,233,232,221,204,186,173,167,171,184
MA11,1998/09/20,202,221,235,240,233,217,195,170,150,140,141,155,177,201,222,237,240,230,212,192,174,162,161,170
MA11,1998/09/21,188,210,231,243,246,237,218,194,169,152,146,153,170,194,218,237,245,240,225,205,183,165,159,163
MA11,1998/09/22,180,203,227,244,253,251,237,214,187,167,155,155,167,188,212,233,245,244,232,211,191,175,165,164
MA11,1998/09/23,170,185,208,229,241,244,235,216,191,170,153,148,155,172,196,219,234,237,229,210,185,161,143,136
MA11,1998/09/24,142,157,180,202,221,231,230,219,202,184,168,160,161,174,194,217,233,240,235,221,200,174,153,139
MA11,1998/09/25,136,146,164,187,210,225,231,228,217,201,185,173,169,176,190,210,228,237,237,229,211,187,165,149
MA11,1998/09/26,142,144,156,174,194,211,223,225,219,207,194,183,178,180,190,205,221,231,235,230,217,197,175,157
MA11,1998/09/27,144,140,146,158,175,192,206,214,213,207,200,192,185,184,189,200,213,224,230,230,221,206,186,168
MA11,1998/09/28,154,145,144,149,161,176,191,201,206,207,204,199,195,191,192,197,206,214,221,223,219,209,194,178
MA11,1998/09/29,163,151,145,144,149,158,171,182,192,198,201,200,199,197,195,196,200,205,210,214,215,212,203,192
MA11,1998/09/30,179,167,157,150,148,150,157,167,178,189,198,204,208,209,209,207,206,205,207,212,215,217,215,210
MA11,1998/10/01,203,194,181,169,159,154,155,161,172,186,202,215,224,229,230,227,221,214,211,212,215,220,226,229
MA11,1998/10/02,228,222,212,197,183,170,161,159,164,176,193,211,226,235,239,237,228,214,203,197,196,202,211,220
MA11,1998/10/03,227,228,222,207,188,169,152,140,138,145,160,181,202,219,230,232,223,208,191,178,173,176,187,203
MA11,1998/10/04,218,229,232,224,208,185,162,143,133,134,146,166,189,210,226,233,226,209,187,166,153,149,157,174
MA11,1998/10/05,197,218,231,234,224,204,179,153,135,128,133,150,174,200,221,234,234,219,196,171,149,138,140,154
MA11,1998/10/06,179,206,229,242,242,230,207,181,156,140,138,149,170,196,221,240,245,235,213,185,157,136,128,133
MA11,1998/10/07,153,182,211,233,245,243,227,204,179,159,149,152,167,190,216,238,248,244,228,202,170,143,126,122
MA11,1998/10/08,134,160,192,222,245,256,252,237,216,194,181,177,184,203,227,249,263,263,251,228,196,164,139,124
MA11,1998/10/09,125,142,167,197,224,242,246,240,226,207,191,182,182,192,211,233,248,254,250,234,208,178,149,129
MA11,1998/10/10,120,125,141,164,190,213,226,228,223,211,198,188,183,186,201,219,234,243,244,234,216,191,163,138
MA11,1998/10/11,122,115,121,138,160,183,201,209,211,206,197,189,183,183,190,203,216,227,232,229,219,201,179,156
MA11,1998/10/12,137,126,122,127,141,158,176,191,200,202,200,195,190,188,190,196,205,212,219,220,216,207,192,175
MA11,1998/10/13,159,144,135,131,134,145,159,174,186,195,200,202,201,198,197,197,200,204,210,214,214,212,207,197
MA11,1998/10/14,186,174,161,149,144,146,153,164,177,189,199,206,209,210,209,205,202,199,200,203,207,210,211,208
MA11,1998/10/15,203,195,184,170,159,152,152,157,167,180,194,205,213,217,216,211,203,195,189,188,191,198,205,210
MA11,1998/10/16,213,210,202,190,174,161,152,149,154,167,182,197,210,217,220,217,207,193,182,175,175,181,191,203
MA11,1998/10/17,213,220,219,211,197,181,165,155,153,160,175,194,211,224,230,228,218,202,186,174,168,172,183,198
MA11,1998/10/18,216,231,239,238,230,215,197,182,175,177,187,202,220,236,244,244,233,214,191,171,157,154,161,175
MA11,1998/10/19,195,216,229,234,229,213,193,173,158,153,159,175,195,214,229,234,227,211,189,165,145,136,139,152
MA11,1998/10/20,173,196,215,226,227,216,198,177,158,148,149,160,180,202,220,231,229,215,193,168,144,129,126,135
MA11,1998/10/21,154,179,203,221,231,227,214,195,176,162,157,164,181,202,224,239,241,231,211,185,158,137,128,131
MA11,1998/10/22,146,169,195,217,233,237,229,213,194,177,167,168,177,196,218,234,241,236,217,192,164,140,125,122
MA11,1998/10/23,131,152,177,200,220,231,228,217,201,183,170,166,171,185,204,221,231,230,217,196,169,144,124,115
MA11,1998/10/24,119,134,157,181,203,220,225,220,209,195,183,178,178,188,206,223,235,240,232,214,190,165,143,130
MA11,1998/10/25,126,135,153,174,197,215,226,227,221,210,199,191,188,192,205,219,230,235,233,220,200,177,154,137
MA11,1998/10/26,129,131,143,160,180,201,216,223,225,221,212,203,197,196,203,214,222,229,231,224,208,189,168,148
MA11,1998/10/27,136,132,136,147,162,180,196,207,212,211,207,202,197,194,198,205,213,221,226,224,217,205,188,171
MA11,1998/10/28,158,150,147,150,158,172,189,202,212,218,218,217,214,209,208,210,212,216,221,223,220,213,202,188
MA11,1998/10/29,175,163,155,151,154,161,171,184,197,206,213,218,217,215,213,209,206,206,207,210,211,210,206,199
MA11,1998/10/30,189,177,165,155,150,149,154,164,177,190,204,213,217,218,215,209,201,196,193,195,199,205,211,213
MA11,1998/10/31,211,205,194,182,171,164,161,165,174,188,204,219,228,232,230,221,208,194,184,179,181,191,202,212
MA11,1998/11/01,219,221,215,203,188,173,163,160,164,176,193,212,228,237,239,232,215,195,176,163,160,168,181,198
MA11,1998/11/02,215,226,228,221,206,187,169,157,154,161,176,197,217,233,241,239,225,203,178,157,147,148,161,182
MA11,1998/11/03,206,227,240,243,233,214,191,172,160,159,169,187,208,227,239,240,228,205,175,147,127,119,126,145
MA11,1998/11/04,172,201,225,238,240,229,210,190,174,166,169,185,206,229,248,255,250,231,201,169,139,117,110,120
MA11,1998/11/05,144,175,205,227,239,237,224,206,187,173,170,177,193,215,235,247,247,233,207,172,137,109,094,095
MA11,1998/11/06,112,141,174,205,226,234,231,219,201,185,175,175,184,203,224,240,247,240,221,191,157,126,103,093
MA11,1998/11/07,101,122,151,184,211,230,236,231,219,203,191,188,193,206,225,243,255,256,244,221,192,160,132,113
MA11,1998/11/08,108,117,138,165,193,216,229,232,227,216,205,197,195,202,216,231,244,250,245,231,210,182,153,130
MA11,1998/11/09,117,116,128,148,172,196,216,229,231,9999,9999,9999,9999,9999,9999,9999,9999,9999,9999,9999,9999,9999,9999,9999
MA11,1998/11/10,9999,9999,9999,9999,9999,9999,9999,9999,9999,9999,225,218,210,207,208,213,220,228,232,231,225,214,198,180
MA11,1998/11/11,163,150,143,145,154,167,185,202,215,222,224,222,217,214,212,212,216,220,222,223,222,218,211,199
MA11,1998/11/12,186,173,162,157,157,163,175,189,203,215,221,222,220,215,208,202,196,194,196,198,202,206,205,202
MA11,1998/11/13,197,188,178,169,162,161,167,176,190,203,214,222,223,220,214,205,196,189,184,185,190,197,203,209
MA11,1998/11/14,210,208,200,190,179,172,170,175,185,199,214,226,231,231,225,213,198,184,173,168,170,177,188,200
MA11,1998/11/15,209,213,210,202,190,178,170,168,174,186,201,217,229,235,235,225,210,191,174,163,161,166,178,195
MA11,1998/11/16,211,223,228,224,214,201,188,180,180,186,200,217,233,244,247,240,225,204,182,166,158,160,172,189
MA11,1998/11/17,210,230,243,248,243,231,218,206,200,203,214,230,248,263,270,267,253,230,203,175,157,154,160,176
MA11,1998/11/18,199,221,239,250,248,240,226,209,197,192,196,210,227,243,255,255,243,221,193,165,145,132,132,147
MA11,1998/11/19,169,194,218,235,242,239,226,210,196,186,186,196,211,229,244,250,244,226,199,170,144,127,122,130
MA11,1998/11/20,149,175,203,226,239,240,232,219,204,192,187,192,204,221,238,249,249,237,213,184,154,131,120,122
MA11,1998/11/21,136,159,186,213,232,241,239,230,217,202,193,192,200,216,234,248,252,243,223,195,164,137,119,113
MA11,1998/11/22,119,137,161,187,210,225,230,226,215,202,192,187,191,203,218,232,241,239,226,202,174,147,125,113
MA11,1998/11/23,114,125,146,171,196,216,228,230,224,214,204,197,196,203,217,230,239,239,231,214,190,163,138,120
MA11,1998/11/24,114,119,133,154,177,199,215,222,221,214,205,197,193,194,202,215,226,232,231,221,205,183,159,139
MA11,1998/11/25,128,126,133,147,166,187,204,216,221,219,212,204,196,193,196,202,209,217,219,214,203,187,167,148
MA11,1998/11/26,133,125,125,132,145,163,181,195,205,209,208,203,196,190,188,190,195,201,204,206,203,194,182,167
MA11,1998/11/27,152,141,136,137,144,157,173,190,204,213,218,217,211,205,198,195,195,197,202,208,213,213,209,202
MA11,1998/11/28,191,179,170,166,166,171,180,193,207,219,228,231,227,221,211,200,192,187,185,189,195,200,203,202
MA11,1998/11/29,198,190,180,169,161,158,160,169,182,197,209,218,222,219,210,197,182,168,160,159,166,177,188,198
MA11,1998/11/30,203,203,196,184,172,163,160,163,172,187,203,217,226,228,222,207,187,166,150,142,145,156,173,191
MA11,1998/12/01,206,215,218,212,201,189,180,177,181,191,206,223,237,244,241,228,206,178,152,133,126,132,148,170
MA11,1998/12/02,194,215,226,227,220,207,191,180,176,180,192,208,225,237,240,232,212,183,151,124,107,103,112,133
MA11,1998/12/03,162,191,214,225,226,218,204,190,179,176,182,197,215,232,241,239,225,199,166,131,104,089,090,105
MA11,1998/12/04,131,162,193,215,224,224,216,201,188,180,181,190,206,225,241,246,239,219,187,150,116,091,080,086
MA11,1998/12/05,104,134,167,196,217,227,224,214,202,192,186,190,202,220,239,252,253,241,217,184,149,117,095,090
MA11,1998/12/06,099,120,150,180,206,222,226,220,209,196,187,183,189,203,219,234,243,238,221,196,162,127,100,084
MA11,1998/12/07,082,095,119,147,176,199,212,214,207,197,186,179,180,189,204,221,236,240,234,218,193,164,136,116
MA11,1998/12/08,106,109,125,148,174,198,216,224,222,215,204,194,190,193,201,212,224,231,230,222,205,182,158,135
MA11,1998/12/09,119,113,117,132,151,174,195,208,210,208,201,190,183,180,182,190,201,208,213,212,203,188,170,150
MA11,1998/12/10,134,123,121,127,141,159,179,195,205,208,203,194,185,177,174,175,179,186,192,195,194,189,180,168
MA11,1998/12/11,155,144,139,139,146,160,177,195,209,218,219,214,206,198,190,186,184,184,185,188,193,192,188,183
MA11,1998/12/12,175,166,158,152,152,158,169,182,195,206,211,209,203,195,185,175,167,162,161,164,170,176,182,184
MA11,1998/12/13,184,180,173,166,162,163,169,178,191,204,213,217,215,208,198,186,173,163,156,155,160,168,177,187
MA11,1998/12/14,194,196,194,188,180,177,177,180,189,203,215,223,227,225,218,205,188,171,158,151,152,160,171,186
MA11,1998/12/15,199,207,210,206,200,193,187,184,188,198,210,221,228,230,224,211,193,172,152,139,135,138,150,168
MA11,1998/12/16,187,202,211,214,210,203,194,186,185,192,204,216,227,234,234,224,205,182,158,138,127,126,135,153
MA11,1998/12/17,175,195,210,218,218,213,202,191,185,187,194,205,219,231,236,231,215,191,164,139,122,114,116,130
MA11,1998/12/18,153,177,199,214,220,217,208,195,186,182,185,194,210,225,235,236,226,204,177,148,125,111,108,120
MA11,1998/12/19,142,169,196,217,229,233,228,217,205,198,197,203,218,235,248,254,248,230,203,173,145,125,117,120
MA11,1998/12/20,137,162,189,213,232,242,240,229,217,205,197,198,207,222,238,249,248,235,210,180,150,125,110,108
MA11,1998/12/21,119,140,167,194,218,233,236,232,222,209,198,194,199,212,228,242,249,245,229,203,174,146,124,113
MA11,1998/12/22,116,131,154,182,207,227,238,237,230,219,208,200,202,211,226,243,253,253,243,223,197,169,144,126
MA11,1998/12/23,122,129,146,169,194,217,231,235,233,224,210,200,196,200,210,225,237,243,240,228,208,183,157,137
MA11,1998/12/24,126,127,138,155,178,201,219,229,231,227,215,203,195,192,196,206,219,228,232,228,216,196,173,153
MA11,1998/12/25,138,132,135,147,165,185,204,218,226,226,218,206,196,189,188,194,201,210,218,222,219,209,193,175
MA11,1998/12/26,161,152,150,155,166,181,196,209,221,226,223,214,203,192,184,180,183,189,196,203,206,205,199,187
MA11,1998/12/27,173,162,155,151,155,166,180,195,208,218,220,216,207,194,182,173,167,165,168,176,185,191,193,192
MA11,1998/12/28,186,179,172,165,163,167,176,188,201,214,221,220,215,205,190,174,159,149,146,151,160,173,184,192
MA11,1998/12/29,196,196,191,184,178,176,178,184,196,210,220,225,226,221,208,191,170,150,137,133,137,151,168,185
MA11,1998/12/30,200,209,211,208,201,194,192,193,199,211,224,234,239,237,228,209,183,156,132,118,115,123,140,162
MA11,1998/12/31,184,204,216,218,215,208,200,194,195,202,213,225,236,243,240,228,206,177,146,122,109,108,119,140
