MA11,1975/01/01,076,088,117,144,174,201,212,211,204,191,174,163,159,167,184,201,219,226,221,207,185,154,124,101
MA11,1975/01/02,090,091,107,132,164,190,209,215,210,198,182,166,155,155,164,182,199,211,219,212,198,179,151,128
MA11,1975/01/03,113,108,115,134,158,183,205,215,216,206,190,174,158,152,155,162,176,194,203,204,202,190,171,152
MA11,1975/01/04,136,127,127,134,151,175,196,211,218,210,196,179,160,147,141,142,151,160,169,179,184,182,174,162
MA11,1975/01/05,151,140,137,139,151,168,188,201,216,214,204,190,172,156,144,136,136,138,145,154,164,170,172,168
MA11,1975/01/06,164,158,152,151,155,165,181,193,205,211,206,198,181,162,146,134,125,122,123,128,139,149,155,164
MA11,1975/01/07,171,169,167,162,161,167,176,188,199,206,206,202,191,177,162,146,129,118,114,116,121,133,146,159
MA11,1975/01/08,171,178,181,180,179,179,182,188,198,209,214,214,212,203,191,176,158,139,128,120,123,134,149,169
MA11,1975/01/09,186,202,213,216,213,209,206,202,208,217,222,226,230,228,220,205,181,157,134,119,114,114,124,144
MA11,1975/01/10,166,184,203,210,210,207,201,198,200,202,209,219,227,232,232,221,200,173,148,126,111,109,112,130
MA11,1975/01/11,153,177,199,213,220,219,212,202,197,196,200,209,221,234,238,238,223,198,170,142,118,107,104,114
MA11,1975/01/12,138,164,190,212,221,222,217,207,197,192,190,196,210,224,238,244,235,216,190,160,132,115,103,108
MA11,1975/01/13,126,150,176,200,217,224,220,209,198,187,182,181,191,208,224,236,238,224,200,172,140,116,100,095
MA11,1975/01/14,106,129,155,179,199,210,213,203,189,176,166,162,166,182,201,218,226,220,202,180,147,121,101,090
MA11,1975/01/15,097,116,138,164,188,207,209,202,189,174,160,153,153,162,183,203,217,219,208,190,165,138,117,102
MA11,1975/01/16,100,113,135,159,185,206,216,213,202,189,174,157,150,156,172,196,212,222,220,208,190,169,147,129
MA11,1975/01/17,124,129,145,166,188,208,224,224,216,203,185,170,159,155,164,182,197,210,215,209,197,178,156,139
MA11,1975/01/18,130,132,142,158,180,201,217,221,218,206,193,175,161,155,158,168,183,197,206,208,199,186,172,155
MA11,1975/01/19,144,142,146,157,177,193,210,218,214,209,196,178,162,153,146,151,160,172,183,188,189,182,172,161
MA11,1975/01/20,152,146,148,156,168,184,199,209,213,209,199,182,167,152,144,139,142,148,156,167,172,172,169,162
MA11,1975/01/21,156,151,150,151,160,172,186,196,201,203,196,184,169,153,139,130,128,130,136,145,154,161,164,164
MA11,1975/01/22,164,164,164,168,9999,9999,9999,9999,9999,9999,9999,9999,9999,9999,9999,9999,9999,9999,9999,9999,9999,9999,9999,9999
MA11,1975/01/23,9999,9999,9999,9999,9999,9999,9999,9999,9999,9999,9999,9999,9999,9999,9999,9999,9999,9999,9999,9999,9999,9999,9999,9999
MA11,1975/01/24,9999,9999,9999,9999,9999,9999,9999,9999,9999,9999,9999,9999,9999,9999,9999,9999,9999,9999,9999,9999,9999,9999,9999,9999
MA11,1975/01/25,9999,9999,9999,9999,9999,9999,9999,9999,9999,9999,9999,9999,9999,9999,9999,9999,9999,9999,9999,9999,9999,9999,9999,9999
MA11,1975/01/26,9999,9999,9999,9999,9999,9999,9999,9999,9999,9999,9999,9999,9999,9999,9999,9999,194,169,136,106,084,072,072,088
MA11,1975/01/27,114,145,174,192,202,201,194,182,170,163,167,179,194,210,227,229,220,200,170,136,105,082,073,083
MA11,1975/01/28,104,136,166,192,211,217,211,196,181,169,165,170,184,207,229,239,242,230,206,171,136,100,080,076
MA11,1975/01/29,087,113,144,173,199,210,209,197,175,158,146,141,150,168,188,212,224,223,208,185,152,120,095,083
MA11,1975/01/30,087,108,135,165,189,204,208,200,182,162,144,132,134,142,161,187,205,214,211,194,169,143,114,092
MA11,1975/01/31,087,096,119,146,171,194,207,201,186,164,144,126,118,120,136,156,176,194,201,196,184,162,137,117
MA11,1975/02/01,106,108,123,145,170,193,208,209,199,180,160,141,124,121,130,145,162,178,189,193,187,176,160,143
MA11,1975/02/02,131,128,136,152,170,194,212,218,212,196,174,152,134,122,118,124,135,149,162,171,176,172,161,151
MA11,1975/02/03,142,138,142,152,166,183,198,208,208,198,184,163,142,124,114,113,117,126,138,147,155,159,156,155
MA11,1975/02/04,152,148,149,153,161,175,189,201,208,202,181,179,162,147,134,124,120,121,125,138,150,158,166,172
MA11,1975/02/05,176,179,182,182,186,196,204,214,220,222,218,208,194,180,164,150,138,128,124,124,130,139,149,159
MA11,1975/02/06,166,169,172,174,172,169,173,178,185,190,192,189,181,170,160,146,129,115,106,102,104,112,126,139
MA11,1975/02/07,156,170,178,180,180,180,180,180,184,192,200,206,207,204,200,187,169,150,134,122,120,122,128,141
MA11,1975/02/08,160,178,189,196,197,196,189,182,182,184,190,201,206,209,207,196,180,160,136,116,105,102,110,124
MA11,1975/02/09,144,167,187,197,199,197,188,176,169,166,171,185,196,207,216,210,196,176,148,126,109,099,099,111
MA11,1975/02/10,132,156,179,195,204,200,189,178,167,159,159,168,182,196,211,218,207,192,167,139,116,101,096,103
MA11,1975/02/11,121,146,173,193,204,204,195,182,167,155,149,158,170,188,208,218,219,205,183,155,130,108,098,099
MA11,1975/02/12,114,139,163,186,203,208,200,187,167,152,144,146,155,172,194,215,226,220,203,179,151,129,114,108
MA11,1975/02/13,118,136,159,185,204,211,210,195,174,158,144,137,142,155,177,203,213,215,206,183,158,136,115,110
MA11,1975/02/14,112,124,148,174,195,211,215,203,186,164,144,138,135,142,167,188,206,218,217,200,182,160,141,130
MA11,1975/02/15,131,141,160,181,206,222,227,221,204,181,163,151,144,145,161,182,202,217,220,212,198,178,158,142
MA11,1975/02/16,138,146,161,180,200,218,226,225,210,189,168,150,138,136,146,163,185,202,212,210,198,187,171,155
MA11,1975/02/17,150,152,161,177,196,213,226,225,216,199,178,159,143,134,135,145,158,176,190,195,195,186,172,163
MA11,1975/02/18,157,156,164,177,192,208,220,224,219,206,188,167,150,137,134,138,146,160,171,183,187,184,178,170
MA11,1975/02/19,164,163,166,173,185,198,210,217,214,206,194,175,157,140,130,127,131,136,147,156,166,173,172,170
MA11,1975/02/20,169,169,170,174,181,192,201,210,212,208,201,190,173,154,141,131,125,124,128,137,146,158,169,175
MA11,1975/02/21,178,181,185,188,191,196,204,211,216,220,219,213,203,190,175,160,149,140,134,138,148,161,177,190
MA11,1975/02/22,202,210,215,214,212,211,212,214,219,222,224,227,222,212,200,182,162,142,126,118,120,129,143,163
MA11,1975/02/23,180,196,205,206,203,196,188,186,186,190,197,206,211,209,204,191,170,144,120,102,095,096,109,130
MA11,1975/02/24,154,178,194,200,198,191,180,170,164,165,174,186,200,208,211,206,188,163,131,105,090,083,087,107
MA11,1975/02/25,132,165,187,200,204,199,186,172,159,154,160,174,194,213,227,232,224,200,171,142,115,097,093,106
MA11,1975/02/26,124,160,189,210,217,216,201,182,160,145,142,153,168,188,213,227,228,219,192,161,132,105,095,096
MA11,1975/02/27,115,144,176,197,214,215,199,180,156,134,126,128,140,160,194,222,236,235,221,198,169,140,122,114
MA11,1975/02/28,127,151,177,205,224,226,217,200,167,141,124,118,124,141,169,197,218,226,221,206,183,158,136,125
MA11,1975/03/01,131,148,172,197,220,230,228,213,186,158,133,116,110,118,140,165,189,206,210,205,190,169,150,136
MA11,1975/03/02,132,141,159,183,207,221,224,211,189,162,136,118,104,103,112,133,154,175,188,192,186,176,161,148
MA11,1975/03/03,141,145,156,174,194,213,223,219,205,181,156,134,115,108,109,121,139,156,172,182,182,178,170,160
MA11,1975/03/04,154,154,158,168,187,203,213,216,208,192,171,148,130,114,108,112,121,133,146,157,164,167,166,164
MA11,1975/03/05,160,159,160,165,175,189,200,203,202,194,178,161,144,127,114,110,110,117,127,138,148,158,162,166
MA11,1975/03/06,166,167,168,172,178,188,197,204,208,208,200,190,180,165,151,142,135,133,136,141,148,158,166,175
MA11,1975/03/07,182,186,188,188,188,190,192,196,201,202,201,198,190,178,164,152,138,126,121,118,122,132,142,154
MA11,1975/03/08,166,177,180,180,177,174,169,168,170,174,178,182,182,180,172,160,145,128,116,108,106,114,125,139
MA11,1975/03/09,155,171,182,184,182,176,167,163,162,165,172,182,191,196,191,183,169,149,129,114,108,110,120,136
MA11,1975/03/10,154,172,187,193,190,184,172,160,154,155,163,175,193,207,212,211,203,183,161,143,128,124,130,142
MA11,1975/03/11,162,184,198,206,206,196,183,164,150,146,148,156,175,190,200,207,199,182,162,138,118,108,106,119
MA11,1975/03/12,140,161,183,197,200,193,179,158,141,131,130,141,159,179,197,209,210,199,180,154,132,116,110,117
MA11,1975/03/13,138,159,181,199,206,202,188,165,143,126,119,126,140,159,185,203,208,203,185,160,140,121,110,114
MA11,1975/03/14,126,149,173,192,203,206,189,169,147,123,112,113,122,141,169,192,204,206,195,175,152,132,119,116
MA11,1975/03/15,125,147,171,190,206,209,197,178,152,127,112,104,109,125,150,176,197,203,201,186,164,146,129,122
MA11,1975/03/16,128,142,163,185,201,208,204,187,161,136,114,102,101,112,133,160,181,198,202,194,176,158,142,134
MA11,1975/03/17,135,145,162,182,200,212,212,199,175,150,126,108,100,104,119,142,165,185,194,194,184,168,154,144
MA11,1975/03/18,141,147,161,177,194,207,210,204,184,159,134,114,102,098,105,123,144,162,176,181,179,169,156,147
MA11,1975/03/19,142,143,153,165,180,192,200,196,182,163,141,119,102,092,092,102,117,134,150,159,164,163,155,150
MA11,1975/03/20,146,144,150,161,173,186,196,197,191,177,159,139,120,107,100,104,113,125,140,156,167,172,172,172
MA11,1975/03/21,172,174,176,179,189,198,208,215,216,207,196,181,165,149,135,130,128,132,141,151,163,174,181,184
MA11,1975/03/22,188,189,189,189,190,195,200,205,206,206,201,191,181,164,150,137,126,121,122,128,139,152,165,176
MA11,1975/03/23,184,189,192,188,185,184,184,186,188,192,196,196,192,185,173,158,142,126,118,117,123,136,152,168
MA11,1975/03/24,186,196,200,198,191,182,175,171,173,177,188,198,204,208,204,190,172,151,133,119,116,124,140,160
MA11,1975/03/25,181,198,209,207,199,187,172,160,154,157,167,182,198,209,213,211,195,173,144,123,110,109,118,137
MA11,1975/03/26,163,184,200,207,199,184,166,146,136,129,134,150,171,190,207,216,209,191,168,143,121,112,112,126
MA11,1975/03/27,149,177,199,210,207,192,172,148,124,112,111,123,147,173,197,215,219,208,188,163,139,122,115,125
MA11,1975/03/28,147,174,196,211,215,204,182,152,125,104,095,100,116,143,170,197,213,212,202,183,158,136,127,126
MA11,1975/03/29,143,166,189,210,219,216,199,171,140,112,096,093,100,121,148,179,204,216,214,203,185,166,149,145
MA11,1975/03/30,154,174,197,218,233,237,226,202,174,140,117,104,103,118,143,166,190,212,217,212,204,186,169,161
MA11,1975/03/31,161,172,193,211,227,233,228,211,185,153,126,106,096,100,116,140,163,184,198,202,198,189,174,168
MA11,1975/04/01,165,170,184,200,216,230,232,221,202,174,148,125,107,103,112,129,149,167,184,194,197,194,184,176
MA11,1975/04/02,172,172,178,191,206,217,224,222,208,187,164,142,124,112,110,120,133,148,163,175,182,184,180,176
MA11,1975/04/03,172,168,171,179,186,196,205,207,202,190,173,154,136,121,114,116,123,130,142,155,166,170,172,172
MA11,1975/04/04,172,170,170,171,173,179,186,191,189,184,175,164,150,136,128,121,119,121,126,136,146,155,162,169
MA11,1975/04/05,172,172,170,169,168,169,172,176,180,180,180,177,169,161,150,141,136,133,134,139,148,158,170,181
MA11,1975/04/06,191,197,198,196,188,184,183,186,188,194,198,200,200,197,188,176,162,150,144,142,146,154,164,177
MA11,1975/04/07,189,198,199,193,182,172,163,154,154,159,165,175,182,182,180,172,158,144,130,123,125,130,142,158
MA11,1975/04/08,172,185,190,188,178,166,152,142,140,143,150,165,180,190,196,194,184,170,155,143,136,138,150,168
MA11,1975/04/09,185,201,212,211,201,185,166,149,138,136,143,158,176,191,201,203,195,181,160,143,133,128,135,150
MA11,1975/04/10,166,185,200,202,196,181,160,139,122,114,120,134,157,179,194,205,206,195,179,162,149,142,140,153
MA11,1975/04/11,174,194,211,221,216,200,179,153,131,116,114,121,139,164,188,204,210,204,188,168,152,138,134,140
MA11,1975/04/12,157,179,198,207,206,198,178,150,125,105,098,100,117,143,168,190,205,204,193,176,158,144,136,136
MA11,1975/04/13,151,170,189,206,211,204,188,161,132,107,092,091,103,126,152,180,200,209,205,194,179,162,151,148
MA11,1975/04/14,156,171,193,210,218,218,204,182,151,123,103,094,097,112,134,161,188,204,206,201,190,173,159,154
MA11,1975/04/15,157,167,187,201,213,218,209,186,157,129,108,094,091,101,120,145,9999,9999,9999,9999,9999,9999,9999,9999
MA11,1975/04/16,9999,9999,9999,9999,9999,9999,9999,9999,9999,9999,9999,9999,9999,9999,9999,114,136,158,174,184,183,174,166,159
MA11,1975/04/17,156,159,170,182,194,206,210,204,187,164,140,119,104,096,098,110,129,148,168,181,188,185,178,173
MA11,1975/04/18,168,166,171,178,187,198,205,205,196,181,159,139,120,107,101,106,117,132,147,163,176,180,179,175
MA11,1975/04/19,170,167,166,171,176,184,192,196,194,188,175,158,142,128,115,112,113,119,133,147,162,177,180,182
MA11,1975/04/20,183,180,177,172,171,175,179,183,187,186,183,177,166,153,139,126,120,118,122,134,148,163,174,180
MA11,1975/04/21,186,186,182,174,166,162,163,166,171,178,184,186,185,178,167,150,137,127,124,128,140,155,171,185
MA11,1975/04/22,195,198,197,187,174,163,156,150,150,158,170,180,187,189,183,171,155,137,123,119,124,134,150,169
MA11,1975/04/23,184,191,191,181,164,147,131,120,116,122,135,153,169,182,187,181,170,152,132,120,116,122,136,155
MA11,1975/04/24,176,189,194,187,172,151,129,110,099,098,108,129,151,172,188,193,189,175,156,139,128,126,135,151
MA11,1975/04/25,172,191,202,201,188,166,139,113,091,084,087,102,125,153,177,195,201,194,181,162,145,137,137,149
MA11,1975/04/26,169,191,208,214,206,189,162,130,103,085,080,088,109,133,161,189,203,207,198,183,164,151,146,154
MA11,1975/04/27,172,192,212,222,221,208,182,152,118,091,082,080,092,118,146,172,196,206,204,196,182,165,157,158
MA11,1975/04/28,168,186,205,219,224,218,199,170,136,106,086,077,081,099,124,153,179,195,201,200,188,175,163,160
MA11,1975/04/29,165,177,195,212,224,224,213,189,160,130,104,088,086,092,114,138,163,185,196,199,196,185,175,168
MA11,1975/04/30,167,174,186,201,216,222,218,203,177,149,123,097,089,091,103,121,144,167,182,190,192,184,177,170
MA11,1975/05/01,164,164,172,184,196,207,208,198,182,160,139,118,102,096,099,110,128,146,162,175,180,178,173,167
MA11,1975/05/02,162,159,161,169,178,189,196,195,184,168,152,132,117,107,103,109,122,136,150,165,174,179,178,175
MA11,1975/05/03,169,166,164,164,171,180,187,188,187,180,170,156,142,132,124,121,128,136,148,160,173,182,185,186
MA11,1975/05/04,182,178,174,170,170,174,182,186,189,188,185,179,171,160,151,144,143,146,154,166,176,188,197,202
MA11,1975/05/05,200,196,190,183,175,170,172,174,181,186,188,190,185,178,171,160,154,151,150,156,168,179,189,199
MA11,1975/05/06,202,200,192,182,170,160,154,152,155,163,172,180,186,184,178,168,158,149,144,146,154,165,176,187
MA11,1975/05/07,196,196,192,180,165,149,136,131,131,138,152,165,175,181,182,178,167,155,148,144,145,156,168,180
MA11,1975/05/08,194,200,197,186,170,150,133,120,114,119,131,149,166,182,192,188,181,169,157,149,147,153,162,176
MA11,1975/05/09,192,201,203,196,180,158,136,118,106,106,116,136,158,179,194,200,197,187,175,163,156,155,163,176
MA11,1975/05/10,193,208,212,209,194,171,145,122,104,098,104,120,143,170,193,204,208,199,189,175,164,158,160,171
MA11,1975/05/11,188,203,214,215,204,184,156,129,103,090,090,100,123,150,176,196,208,208,196,184,170,160,158,165
MA11,1975/05/12,179,197,211,216,212,195,170,138,110,088,079,083,102,128,156,183,200,206,203,192,177,167,160,159
MA11,1975/05/13,174,190,204,216,217,206,184,153,120,096,077,075,086,108,135,164,186,200,202,195,186,174,162,160
MA11,1975/05/14,167,182,199,212,221,215,201,177,144,115,092,081,081,096,120,149,175,194,205,204,195,184,174,167
MA11,1975/05/15,168,177,191,205,219,221,211,192,166,135,109,092,084,088,104,128,153,177,193,200,197,190,178,169
MA11,1975/05/16,167,172,181,193,207,217,217,206,186,162,136,112,100,096,102,120,142,163,185,197,202,200,190,181
MA11,1975/05/17,176,173,177,188,198,210,218,216,206,192,173,9999,9999,9999,9999,9999,9999,9999,9999,9999,9999,9999,9999,9999
MA11,1975/05/18,9999,9999,9999,9999,9999,9999,9999,9999,9999,9999,9999,9999,9999,9999,9999,9999,9999,9999,9999,9999,9999,9999,9999,9999
MA11,1975/05/19,9999,9999,9999,9999,9999,9999,9999,9999,9999,9999,9999,9999,9999,9999,9999,9999,9999,9999,9999,9999,9999,9999,9999,9999
MA11,1975/05/20,9999,9999,9999,9999,9999,9999,9999,9999,9999,9999,9999,9999,9999,9999,180,166,160,159,164,176,192,206,216,221
MA11,1975/05/21,217,208,193,174,160,151,145,149,158,168,181,192,196,195,188,176,164,156,153,159,170,185,198,208
MA11,1975/05/22,210,204,190,170,151,133,120,118,122,134,151,171,186,197,199,192,180,168,160,158,165,178,192,206
MA11,1975/05/23,213,212,203,184,158,133,115,100,096,106,122,145,168,187,198,200,193,180,169,159,159,168,180,196
MA11,1975/05/24,208,214,210,194,171,144,117,095,083,083,095,117,142,168,187,199,200,191,178,167,160,161,170,185
MA11,1975/05/25,202,215,217,211,192,164,133,104,084,074,079,097,122,152,177,197,205,202,192,181,170,166,169,182
MA11,1975/05/26,200,216,226,224,214,192,161,130,102,085,083,091,109,138,164,193,208,212,208,197,185,177,173,180
MA11,1975/05/27,195,212,226,234,230,214,189,154,124,100,086,086,100,123,152,178,200,211,211,205,195,183,175,174
MA11,1975/05/28,183,200,216,229,232,224,205,177,146,117,098,090,091,100,121,148,174,195,207,211,204,194,185,176
MA11,1975/05/29,173,182,194,208,223,230,225,208,186,156,131,111,101,104,118,140,165,188,204,212,211,203,194,184
MA11,1975/05/30,178,177,185,198,211,221,224,216,197,176,150,127,114,108,115,130,150,172,191,201,204,203,195,185
MA11,1975/05/31,177,171,171,180,192,203,210,208,199,181,161,143,126,116,116,124,139,160,176,192,200,201,198,188
MA11,1975/06/01,180,173,167,167,174,184,194,197,193,185,172,157,143,132,126,129,138,151,168,181,192,199,196,189
MA11,1975/06/02,182,172,165,162,161,167,176,182,185,183,176,165,156,146,138,136,140,149,160,174,187,195,199,196
MA11,1975/06/03,189,180,168,158,153,152,155,163,170,174,176,174,169,160,154,148,146,151,159,170,182,194,200,200
MA11,1975/06/04,198,188,175,162,151,145,141,146,153,159,169,175,176,174,169,163,158,156,158,164,175,189,199,204
MA11,1975/06/05,204,201,188,172,158,145,136,134,138,150,164,177,185,192,192,186,181,177,176,179,184,196,210,217
MA11,1975/06/06,224,226,216,200,181,162,147,138,136,144,158,173,191,201,206,207,200,192,186,182,186,192,203,215
MA11,1975/06/07,225,229,225,210,191,168,146,130,122,124,137,158,177,197,210,214,212,205,196,189,184,188,197,207
MA11,1975/06/08,219,228,230,219,202,176,150,126,108,104,111,130,154,180,201,213,215,209,200,190,183,182,189,199
MA11,1975/06/09,213,226,230,227,211,185,159,129,108,096,097,111,134,163,191,211,220,220,213,200,192,186,185,197
MA11,1975/06/10,208,223,236,237,228,209,179,147,118,095,088,093,113,140,169,195,213,219,214,204,192,182,179,182
MA11,1975/06/11,194,210,224,232,230,217,195,160,127,101,082,081,093,116,145,175,198,213,216,210,200,189,178,177
MA11,1975/06/12,185,199,215,229,236,232,216,189,156,124,099,087,090,106,130,159,184,206,214,210,203,190,178,172
MA11,1975/06/13,173,184,198,215,227,228,223,202,172,143,114,096,088,093,113,138,167,190,206,211,206,195,182,171
MA11,1975/06/14,168,172,182,196,211,223,224,212,192,167,140,116,103,099,110,128,155,180,198,210,208,201,190,176
MA11,1975/06/15,166,162,165,176,192,204,211,212,199,181,160,138,118,110,112,120,140,163,184,200,207,205,194,180
MA11,1975/06/16,167,159,154,158,166,181,193,198,198,191,178,160,140,129,124,127,138,156,176,192,204,206,200,189
MA11,1975/06/17,175,161,149,145,145,154,165,176,182,184,182,173,162,152,143,140,144,155,171,186,202,213,211,202
MA11,1975/06/18,190,176,160,147,140,142,149,156,167,179,185,188,187,180,175,167,166,170,176,189,203,215,218,215
MA11,1975/06/19,206,192,174,156,140,130,128,132,140,151,165,179,185,188,184,178,173,169,171,178,189,202,212,214
MA11,1975/06/20,212,203,185,166,145,124,116,111,113,126,142,158,174,186,191,190,186,179,175,175,181,194,208,215
MA11,1975/06/21,219,218,205,186,162,140,121,106,102,108,124,143,164,185,197,202,201,195,187,183,183,189,202,213
MA11,1975/06/22,224,227,222,208,188,162,136,112,098,096,104,120,144,170,193,206,210,209,200,192,187,188,196,210
MA11,1975/06/23,225,238,242,236,222,197,166,139,118,104,106,118,141,167,193,213,224,226,220,208,197,193,195,204
MA11,1975/06/24,219,233,241,243,233,213,184,154,125,104,097,101,119,145,174,198,216,224,220,210,199,190,186,190
MA11,1975/06/25,200,219,237,246,245,232,209,177,146,119,103,100,112,135,162,186,210,225,225,218,208,195,185,184
MA11,1975/06/26,191,205,225,237,245,241,223,199,168,136,117,107,109,124,149,175,199,218,224,200,208,196,184,177
MA11,1975/06/27,179,190,203,220,233,235,228,211,182,155,128,114,110,119,140,163,188,208,219,220,213,202,187,176
MA11,1975/06/28,172,179,189,204,219,230,228,217,196,172,149,130,122,125,139,160,181,204,220,225,222,210,195,181
MA11,1975/06/29,171,171,177,188,201,214,221,215,201,182,160,143,132,127,135,150,169,191,208,217,219,213,198,183
MA11,1975/06/30,172,166,165,173,185,198,207,211,203,191,175,159,146,140,142,152,169,186,203,214,217,215,204,189
MA11,1975/07/01,176,164,157,158,165,175,187,195,194,187,177,166,154,146,143,148,160,173,189,203,209,210,203,190
MA11,1975/07/02,177,164,152,146,146,151,161,170,176,178,176,170,164,154,152,153,158,168,181,193,203,209,206,199
MA11,1975/07/03,188,175,160,148,140,141,146,155,162,170,176,177,175,173,169,167,167,172,181,192,202,212,214,210
MA11,1975/07/04,203,191,174,159,146,138,138,144,151,165,178,188,193,194,195,192,188,189,194,200,208,218,223,225
MA11,1975/07/05,220,211,197,177,158,144,133,130,135,146,160,175,188,197,200,199,195,192,191,192,196,205,214,221
MA11,1975/07/06,222,216,205,187,164,145,128,115,114,121,134,154,175,191,205,208,205,201,195,190,194,200,209,220
MA11,1975/07/07,227,230,225,210,188,162,139,119,108,108,119,140,164,187,206,217,217,212,205,198,195,196,204,214
MA11,1975/07/08,227,236,238,229,210,183,154,127,108,096,098,118,142,169,197,212,220,220,209,201,192,188,190,199
MA11,1975/07/09,212,228,237,234,223,200,169,139,112,090,086,095,112,143,171,195,212,215,208,198,185,176,174,179
MA11,1975/07/10,192,212,226,233,232,216,191,161,125,098,085,084,098,124,153,182,206,217,217,207,193,181,171,172
MA11,1975/07/11,184,200,219,236,243,240,224,197,161,125,9999,9999,9999,9999,9999,9999,9999,9999,9999,9999,9999,9999,9999,9999
MA11,1975/07/12,9999,9999,9999,9999,9999,9999,9999,9999,9999,9999,9999,9999,9999,9999,9999,9999,9999,9999,9999,9999,9999,9999,9999,9999
MA11,1975/07/13,9999,9999,9999,9999,9999,9999,9999,9999,9999,9999,9999,9999,9999,9999,9999,9999,9999,9999,9999,9999,9999,9999,9999,9999
MA11,1975/07/14,9999,9999,9999,9999,9999,9999,9999,9999,9999,9999,9999,9999,9999,9999,9999,9999,9999,9999,9999,9999,9999,9999,9999,9999
MA11,1975/07/15,9999,9999,9999,9999,9999,9999,9999,9999,9999,9999,9999,9999,9999,9999,9999,9999,9999,9999,9999,9999,9999,9999,9999,9999
MA11,1975/07/16,9999,9999,9999,9999,9999,9999,9999,9999,9999,9999,9999,9999,9999,9999,9999,9999,9999,9999,9999,9999,9999,9999,9999,9999
MA11,1975/07/17,9999,9999,9999,9999,9999,9999,9999,9999,9999,9999,9999,9999,9999,9999,9999,9999,9999,9999,9999,9999,9999,9999,9999,9999
MA11,1975/07/18,9999,9999,9999,9999,9999,9999,9999,9999,9999,9999,9999,9999,9999,9999,9999,9999,9999,9999,9999,9999,9999,9999,9999,9999
MA11,1975/07/19,9999,9999,9999,9999,9999,9999,9999,9999,9999,9999,9999,9999,9999,9999,9999,9999,9999,9999,9999,9999,9999,9999,9999,9999
MA11,1975/07/20,9999,9999,9999,9999,9999,9999,9999,9999,9999,9999,9999,9999,9999,9999,9999,9999,9999,9999,9999,9999,9999,9999,9999,9999
MA11,1975/07/21,9999,9999,9999,9999,9999,9999,9999,9999,9999,9999,9999,9999,9999,9999,9999,9999,9999,9999,9999,9999,9999,9999,9999,9999
MA11,1975/07/22,9999,9999,9999,9999,9999,9999,9999,9999,9999,9999,9999,9999,9999,9999,9999,9999,9999,9999,9999,9999,9999,9999,9999,9999
MA11,1975/07/23,9999,9999,9999,9999,9999,9999,9999,9999,9999,9999,9999,9999,9999,9999,9999,9999,9999,9999,9999,9999,9999,9999,9999,9999
MA11,1975/07/24,9999,9999,9999,9999,9999,9999,9999,9999,9999,9999,9999,9999,9999,9999,9999,9999,9999,9999,9999,9999,9999,9999,9999,9999
MA11,1975/07/25,9999,9999,9999,9999,9999,9999,9999,9999,9999,9999,9999,9999,9999,9999,9999,9999,9999,9999,9999,9999,9999,9999,9999,9999
MA11,1975/07/26,9999,9999,9999,9999,9999,9999,9999,9999,9999,9999,9999,9999,9999,9999,9999,9999,9999,9999,9999,9999,9999,9999,9999,9999
MA11,1975/07/27,9999,9999,9999,9999,9999,9999,9999,9999,9999,9999,9999,9999,9999,9999,9999,9999,9999,9999,9999,9999,9999,9999,9999,9999
MA11,1975/07/28,9999,9999,9999,9999,9999,9999,9999,9999,9999,9999,9999,9999,9999,9999,9999,9999,9999,9999,9999,9999,9999,9999,9999,9999
MA11,1975/07/29,9999,9999,9999,9999,9999,9999,9999,9999,9999,9999,9999,9999,9999,9999,9999,9999,9999,9999,9999,9999,9999,9999,9999,9999
MA11,1975/07/30,9999,9999,9999,9999,9999,9999,9999,9999,9999,9999,9999,9999,9999,9999,9999,9999,9999,9999,9999,9999,9999,9999,9999,9999
MA11,1975/07/31,9999,9999,9999,9999,9999,9999,9999,9999,9999,9999,9999,9999,9999,9999,9999,9999,9999,9999,9999,9999,9999,9999,9999,9999
MA11,1975/08/01,9999,9999,9999,9999,9999,9999,9999,9999,9999,9999,9999,9999,9999,9999,9999,9999,9999,9999,9999,9999,9999,9999,9999,9999
MA11,1975/08/02,9999,9999,9999,9999,9999,9999,9999,9999,9999,9999,9999,9999,9999,9999,9999,9999,9999,9999,9999,9999,9999,9999,9999,9999
MA11,1975/08/03,9999,9999,9999,9999,9999,9999,9999,9999,9999,9999,9999,9999,9999,9999,9999,9999,9999,9999,9999,9999,9999,9999,9999,9999
MA11,1975/08/04,9999,9999,9999,9999,9999,9999,9999,9999,9999,9999,9999,9999,9999,9999,9999,9999,9999,9999,9999,9999,9999,9999,9999,9999
MA11,1975/08/05,9999,9999,9999,9999,9999,9999,9999,9999,9999,9999,9999,9999,9999,9999,9999,9999,9999,9999,9999,9999,9999,9999,9999,9999
MA11,1975/08/06,9999,9999,9999,9999,9999,9999,9999,9999,9999,9999,9999,9999,9999,9999,9999,9999,9999,9999,9999,9999,9999,9999,9999,9999
MA11,1975/08/07,9999,9999,9999,9999,9999,9999,9999,9999,9999,9999,9999,9999,9999,9999,9999,9999,9999,9999,9999,9999,9999,9999,9999,9999
MA11,1975/08/08,9999,9999,9999,9999,9999,9999,9999,9999,9999,9999,9999,9999,9999,9999,9999,9999,9999,9999,9999,9999,9999,9999,9999,9999
MA11,1975/08/09,9999,9999,9999,9999,9999,9999,9999,9999,9999,9999,9999,9999,9999,9999,9999,9999,9999,9999,9999,9999,9999,9999,9999,9999
MA11,1975/08/10,9999,9999,9999,9999,9999,9999,9999,9999,9999,9999,9999,9999,9999,9999,9999,9999,9999,9999,9999,9999,9999,9999,9999,9999
MA11,1975/08/11,9999,9999,9999,9999,9999,9999,9999,9999,9999,9999,9999,9999,9999,9999,9999,9999,9999,9999,9999,9999,9999,9999,9999,9999
MA11,1975/08/12,9999,9999,9999,9999,9999,9999,9999,9999,9999,9999,9999,9999,9999,9999,9999,9999,9999,218,232,232,222,204,179,156
MA11,1975/08/13,139,130,132,141,157,178,195,203,204,196,186,174,164,161,164,176,196,214,227,235,232,219,199,176
MA11,1975/08/14,156,142,134,134,142,157,171,184,192,195,193,187,180,176,177,183,194,208,220,231,235,229,215,197
MA11,1975/08/15,178,158,144,138,136,142,153,164,174,182,189,192,192,189,188,190,195,203,214,223,230,231,224,213
MA11,1975/08/16,198,182,164,149,140,138,140,146,156,167,180,188,195,198,200,200,200,201,204,212,220,226,227,223
MA11,1975/08/17,213,200,183,166,149,138,132,131,137,147,162,177,188,199,204,203,202,198,195,197,202,209,216,220
MA11,1975/08/18,219,212,202,186,165,148,136,126,128,136,148,165,184,198,210,213,210,204,196,189,192,198,205,215
MA11,1975/08/19,222,223,220,206,186,165,143,127,120,122,133,152,172,192,210,217,217,211,200,192,186,189,196,209
MA11,1975/08/20,220,230,234,227,212,190,166,143,128,124,129,146,169,192,214,227,230,223,211,197,184,182,186,197
MA11,1975/08/21,215,230,241,241,232,213,187,162,141,128,128,140,161,186,208,227,235,231,217,201,188,176,174,183
MA11,1975/08/22,201,218,235,245,241,228,207,180,153,134,128,134,154,175,200,222,234,232,218,202,184,166,160,165
MA11,1975/08/23,176,199,220,234,241,233,216,191,165,144,134,133,146,172,196,221,237,242,235,220,200,180,161,152
MA11,1975/08/24,160,177,196,215,226,225,215,190,166,143,126,121,128,148,172,197,214,222,217,203,183,160,143,132
MA11,1975/08/25,136,152,173,195,213,221,217,203,181,157,141,130,131,144,165,190,209,221,219,207,190,166,146,135
MA11,1975/08/26,130,139,158,178,198,215,218,208,192,171,152,141,138,146,162,183,205,219,222,217,202,179,158,142
MA11,1975/08/27,132,133,145,164,184,201,210,208,198,181,166,156,152,154,166,183,203,218,223,223,211,190,170,151
MA11,1975/08/28,136,133,140,149,166,184,196,201,198,188,177,167,160,160,168,185,200,212,220,222,216,200,180,161
MA11,1975/08/29,145,135,134,140,152,168,183,192,195,191,184,176,170,169,173,184,196,208,216,221,220,206,191,174
MA11,1975/08/30,155,141,134,132,136,148,160,173,181,185,184,181,177,176,178,182,192,200,206,212,214,208,197,184
MA11,1975/08/31,168,152,140,130,128,132,140,151,162,172,179,183,184,184,187,189,192,196,201,210,215,214,208,200
MA11,1975/09/01,188,174,158,144,133,126,128,135,144,158,171,182,190,196,198,198,196,194,197,201,208,212,214,213
MA11,1975/09/02,208,197,185,166,146,133,125,124,130,142,158,176,189,202,208,208,203,196,190,190,193,196,205,213
MA11,1975/09/03,216,214,206,187,165,145,127,114,112,122,139,161,182,197,210,214,208,218,206,180,178,181,192,206
MA11,1975/09/04,216,225,224,214,192,166,140,117,107,108,120,142,167,191,209,220,216,198,186,176,166,166,175,190
MA11,1975/09/05,209,224,236,236,221,199,170,139,118,108,112,131,158,164,210,225,226,216,197,178,160,150,151,165
MA11,1975/09/06,186,209,230,240,238,224,198,165,136,119,115,123,146,174,203,225,232,226,206,182,161,144,134,141
MA11,1975/09/07,162,185,213,234,242,239,219,194,164,139,123,126,141,167,196,223,237,236,223,200,172,147,131,130
MA11,1975/09/08,141,164,193,220,238,247,243,223,199,175,157,147,156,177,204,230,252,255,245,225,196,168,144,130
MA11,1975/09/09,133,147,169,197,222,239,241,232,216,194,9999,9999,9999,9999,9999,9999,9999,9999,9999,9999,9999,9999,9999,9999
MA11,1975/09/10,9999,9999,9999,9999,9999,9999,9999,9999,9999,9999,9999,9999,9999,9999,9999,9999,9999,9999,9999,9999,9999,9999,9999,9999
MA11,1975/09/11,9999,9999,9999,9999,9999,9999,9999,9999,9999,9999,9999,9999,9999,9999,9999,9999,9999,9999,9999,9999,9999,9999,9999,9999
MA11,1975/09/12,9999,9999,9999,9999,9999,9999,9999,9999,9999,9999,9999,9999,9999,9999,9999,9999,9999,9999,9999,9999,9999,9999,9999,9999
MA11,1975/09/13,9999,9999,9999,9999,9999,9999,9999,9999,9999,9999,9999,9999,9999,9999,9999,9999,9999,9999,9999,9999,9999,9999,9999,9999
MA11,1975/09/14,9999,9999,9999,9999,9999,9999,9999,9999,9999,9999,9999,9999,9999,9999,9999,9999,9999,9999,9999,9999,9999,9999,9999,9999
MA11,1975/09/15,9999,9999,9999,9999,9999,9999,9999,9999,9999,9999,9999,9999,9999,9999,9999,9999,9999,9999,9999,9999,9999,9999,9999,9999
MA11,1975/09/16,9999,9999,9999,9999,9999,9999,9999,9999,9999,9999,9999,9999,195,205,210,211,205,195,186,184,186,191,200,210
MA11,1975/09/17,216,217,211,201,184,167,151,140,137,143,157,175,190,206,216,216,209,198,184,173,171,171,182,197
MA11,1975/09/18,210,224,224,217,202,182,163,146,135,138,148,165,187,206,219,224,220,205,189,173,163,161,170,185
MA11,1975/09/19,206,222,230,230,220,204,180,161,144,137,143,159,179,202,218,227,224,211,191,172,156,147,150,163
MA11,1975/09/20,183,207,224,232,229,214,193,169,148,137,139,150,170,193,214,230,230,218,200,177,158,144,139,151
MA11,1975/09/21,172,196,220,235,236,229,212,190,168,152,146,153,169,192,214,232,236,227,209,185,161,142,133,137
MA11,1975/09/22,151,175,202,219,230,229,218,197,175,156,147,149,159,179,203,223,231,230,216,194,168,144,128,124
MA11,1975/09/23,135,157,181,206,224,229,223,208,189,169,155,152,162,178,198,221,234,236,227,204,180,155,134,124
MA11,1975/09/24,129,144,166,190,212,228,228,218,202,185,171,164,166,177,196,216,232,238,232,217,193,165,142,127
MA11,1975/09/25,122,131,148,172,194,214,222,218,206,192,178,170,170,175,189,208,223,233,231,219,200,175,150,133
MA11,1975/09/26,122,124,135,153,175,197,209,212,209,198,187,179,176,180,190,206,221,231,234,227,214,192,170,150
MA11,1975/09/27,136,132,134,145,163,183,200,212,212,208,202,195,192,193,196,207,220,228,233,233,223,208,191,170
MA11,1975/09/28,152,142,137,141,151,166,183,194,201,206,203,199,196,194,198,204,210,217,222,225,222,213,200,185
MA11,1975/09/29,168,152,143,138,139,149,161,173,186,195,200,204,202,200,200,202,203,207,211,216,219,216,209,199
MA11,1975/09/30,184,171,155,143,135,134,140,151,162,178,189,197,204,203,200,198,194,190,192,194,198,202,203,201
MA11,1975/10/01,197,186,173,157,141,129,126,130,140,153,170,186,197,202,203,199,192,182,176,176,180,185,194,205
MA11,1975/10/02,209,209,200,180,162,144,129,125,127,137,157,178,195,208,212,207,198,182,168,162,160,165,179,195
MA11,1975/10/03,210,220,221,210,192,171,149,132,127,132,149,172,194,212,223,223,210,193,173,157,149,148,160,180
MA11,1975/10/04,203,223,236,236,225,204,179,156,141,138,146,169,193,215,233,240,229,210,186,160,143,134,138,157
MA11,1975/10/05,185,212,234,246,245,233,211,184,163,148,151,167,190,214,236,247,242,224,197,167,140,123,120,129
MA11,1975/10/06,150,182,211,230,244,239,223,202,177,158,152,159,177,203,226,244,247,235,211,178,144,119,104,102
MA11,1975/10/07,119,146,176,205,224,232,227,210,189,170,158,158,168,189,214,236,248,241,224,197,164,134,114,104
MA11,1975/10/08,111,132,158,192,218,233,238,234,220,203,189,180,184,200,219,238,254,256,244,221,192,157,130,112
MA11,1975/10/09,106,116,134,157,187,206,216,217,210,195,185,177,172,190,198,216,231,239,237,223,200,171,143,122
MA11,1975/10/10,110,107,119,137,158,181,196,203,203,197,190,182,177,179,188,204,219,229,233,227,211,189,166,141
MA11,1975/10/11,125,116,118,129,144,161,178,188,194,194,193,189,183,178,185,193,205,216,222,222,215,201,184,166
MA11,1975/10/12,148,136,130,131,140,153,167,180,191,196,196,196,194,193,191,193,198,203,207,212,211,205,194,180
MA11,1975/10/13,165,153,142,138,137,145,153,165,178,186,192,196,196,194,193,190,190,190,192,197,200,199,196,191
MA11,1975/10/14,182,173,160,150,144,142,146,155,166,177,187,197,200,201,199,194,186,182,179,181,187,194,198,197
MA11,1975/10/15,195,189,178,165,154,146,142,144,153,164,176,191,199,202,202,196,185,173,164,161,165,170,179,188
MA11,1975/10/16,195,196,190,179,166,154,144,139,141,148,162,179,192,200,202,196,184,170,153,144,141,147,160,174
MA11,1975/10/17,188,198,200,192,180,166,152,142,136,142,156,172,189,199,207,208,194,174,156,140,131,134,146,161
MA11,1975/10/18,182,198,207,206,199,183,166,153,145,145,154,173,192,207,217,216,204,184,162,141,127,124,131,150
MA11,1975/10/19,172,195,212,219,216,203,185,167,157,151,157,173,191,209,225,229,220,203,178,153,133,123,125,141
MA11,1975/10/20,164,191,213,225,228,219,201,184,169,158,160,171,188,206,225,232,226,211,184,156,130,113,110,119
MA11,1975/10/21,138,166,192,213,224,219,207,190,174,162,158,164,180,201,219,232,233,218,195,164,136,114,102,104
MA11,1975/10/22,121,146,174,199,216,220,213,200,181,166,160,164,172,191,211,224,229,226,204,178,145,121,103,096
MA11,1975/10/23,106,128,153,181,205,216,216,206,192,178,168,165,170,184,203,219,229,229,216,191,164,135,113,104
MA11,1975/10/24,106,119,144,169,196,213,218,219,209,193,184,178,176,189,204,219,231,233,226,207,180,155,131,111
MA11,1975/10/25,105,111,127,149,176,198,211,213,208,198,189,182,178,184,196,209,222,229,226,216,196,172,146,125
MA11,1975/10/26,113,113,123,137,158,178,195,206,207,202,194,188,182,182,190,200,211,220,223,218,206,188,166,146
MA11,1975/10/27,132,122,119,128,144,160,177,193,199,201,197,191,186,184,185,190,196,203,210,210,205,194,179,160
MA11,1975/10/28,144,129,122,122,128,140,157,172,187,196,196,196,190,186,183,182,183,188,192,196,200,197,191,180
MA11,1975/10/29,168,155,144,135,134,138,148,163,179,192,205,210,208,205,199,194,190,187,186,189,192,197,198,196
MA11,1975/10/30,191,180,167,154,144,137,140,149,162,178,192,200,203,200,193,182,169,160,155,153,160,170,180,190
MA11,1975/10/31,194,191,181,169,155,142,135,136,147,162,179,196,203,204,200,186,170,152,140,133,133,145,160,177
MA11,1975/11/01,194,203,201,192,177,160,146,140,138,150,166,185,202,210,208,195,176,152,131,115,108,114,131,152
MA11,1975/11/02,178,197,207,207,196,180,162,148,141,145,159,179,200,213,218,210,191,164,136,111,099,096,106,129
MA11,1975/11/03,155,183,207,218,217,206,189,173,160,154,163,180,198,219,230,228,215,188,156,127,099,086,089,104
MA11,1975/11/04,130,162,191,212,224,219,206,190,175,163,161,172,189,210,229,233,225,204,172,139,107,086,076,082
MA11,1975/11/05,104,133,162,192,210,217,214,202,184,173,164,165,180,196,216,230,234,226,206,178,145,115,092,078
MA11,1975/11/06,080,094,120,149,179,201,213,215,206,193,179,170,170,180,196,216,232,236,230,210,179,149,118,096
MA11,1975/11/07,092,095,112,140,168,194,213,221,220,211,202,194,190,195,209,227,243,256,254,242,220,192,162,136
MA11,1975/11/08,121,113,120,135,155,181,200,212,216,214,207,197,188,182,189,201,213,227,234,229,215,193,169,147
MA11,1975/11/09,128,114,116,124,140,161,180,197,207,208,204,197,189,183,180,185,194,203,210,214,209,197,180,159
MA11,1975/11/10,140,126,118,119,129,144,161,178,189,198,198,174,183,178,177,182,186,193,200,202,198,191,178,163
MA11,1975/11/11,149,138,136,136,143,156,170,184,200,205,206,204,197,192,188,183,182,182,185,192,196,192,186,176
MA11,1975/11/12,167,156,147,142,143,148,159,173,183,192,196,195,192,185,177,169,163,158,158,163,171,177,180,177
MA11,1975/11/13,175,168,158,152,146,146,151,161,174,185,193,199,200,195,186,176,164,155,149,149,154,164,176,182
MA11,1975/11/14,186,186,180,171,162,156,156,159,169,179,192,202,206,206,200,186,171,154,140,135,138,146,160,173
MA11,1975/11/15,184,190,192,186,178,169,162,161,167,178,190,203,213,217,213,203,185,164,145,136,134,139,156,177
MA11,1975/11/16,193,211,218,214,207,197,185,180,178,184,198,213,226,234,235,225,205,181,157,136,124,124,136,154
MA11,1975/11/17,174,194,207,210,204,194,181,170,164,164,173,185,201,214,220,214,197,173,144,118,101,096,101,118
MA11,1975/11/18,144,169,190,202,204,199,188,174,166,160,164,177,193,208,221,222,209,187,158,130,104,092,093,105
MA11,1975/11/19,127,157,185,206,215,212,203,192,178,170,171,179,194,210,225,231,226,208,182,152,122,102,094,102
MA11,1975/11/20,123,150,180,205,220,226,221,210,195,180,174,179,189,204,220,232,230,217,192,164,130,104,088,084
MA11,1975/11/21,096,121,149,179,198,209,210,204,191,177,168,167,175,190,208,223,226,219,200,174,143,115,090,081
MA11,1975/11/22,088,103,129,160,185,202,210,208,199,185,174,170,173,184,200,216,226,226,216,195,167,138,113,097
MA11,1975/11/23,093,102,124,151,177,200,215,218,213,202,193,184,183,190,203,217,230,234,231,219,196,170,144,124
MA11,1975/11/24,112,113,123,144,170,191,210,220,219,213,204,192,186,186,191,201,212,221,224,217,202,183,160,137
MA11,1975/11/25,120,112,115,125,141,164,184,198,207,204,197,188,179,175,176,184,192,202,206,204,200,188,171,154
MA11,1975/11/26,136,123,120,124,133,152,171,189,203,205,203,197,186,178,172,170,173,178,188,192,195,194,188,176
MA11,1975/11/27,164,152,142,136,141,151,166,183,198,208,214,209,202,194,181,172,168,166,169,176,183,190,194,192
MA11,1975/11/28,188,180,170,162,156,156,165,180,194,207,216,218,213,202,190,177,163,154,151,153,162,173,185,194
MA11,1975/11/29,198,195,191,180,169,165,165,173,186,199,214,221,223,217,205,188,168,150,136,132,137,148,163,182
MA11,1975/11/30,197,206,208,200,192,182,172,172,178,194,209,220,228,228,217,200,176,149,126,115,108,113,128,153
MA11,1975/12/01,174,193,204,207,203,193,181,175,175,182,195,212,226,232,227,213,189,162,134,109,097,096,104,126
MA11,1975/12/02,153,180,201,212,212,204,192,182,176,178,189,202,216,230,234,228,209,181,148,118,094,084,088,103
MA11,1975/12/03,126,156,186,207,214,213,205,194,184,177,178,189,206,224,238,238,227,203,173,138,106,086,080,088
MA11,1975/12/04,105,132,165,192,209,219,214,203,191,181,178,183,196,211,227,238,237,219,190,157,128,104,090,086
MA11,1975/12/05,097,122,151,180,206,221,226,223,212,198,187,184,193,209,227,243,245,238,216,184,153,120,098,091
MA11,1975/12/06,092,105,131,157,186,208,215,214,207,194,181,174,176,188,204,223,234,233,220,200,175,146,122,103
MA11,1975/12/07,098,108,128,151,179,203,216,220,215,208,195,184,182,186,196,211,224,232,228,214,194,169,142,123
MA11,1975/12/08,110,112,123,142,165,186,202,212,212,206,194,182,172,171,177,188,202,214,214,208,195,175,155,137
MA11,1975/12/09,123,119,124,136,152,172,192,204,209,206,197,185,174,168,168,175,184,195,202,203,195,183,166,147
MA11,1975/12/10,136,133,133,139,153,168,185,199,206,208,204,195,186,176,165,166,171,175,182,188,186,185,177,164
MA11,1975/12/11,155,145,142,145,151,164,176,191,204,207,205,200,189,178,167,159,156,157,161,170,177,179,180,177
MA11,1975/12/12,170,164,162,158,160,168,177,191,204,212,215,210,204,195,183,169,158,150,150,154,158,168,174,176
MA11,1975/12/13,175,173,169,165,162,164,171,180,191,203,209,210,207,198,184,170,152,142,136,133,138,151,162,172
MA11,1975/12/14,179,184,185,181,174,174,176,180,188,198,209,215,216,211,200,185,167,148,132,126,127,134,150,166
MA11,1975/12/15,179,191,194,191,188,182,178,179,183,191,202,211,216,218,210,196,175,152,131,116,111,117,134,154
MA11,1975/12/16,174,192,203,206,206,199,194,186,186,193,202,214,226,232,232,221,202,174,148,124,107,108,117,135
MA11,1975/12/17,160,181,200,211,212,205,198,188,181,183,188,198,211,224,226,219,203,177,148,120,100,091,095,111
MA11,1975/12/18,134,159,187,202,211,208,201,189,181,177,179,191,203,217,227,227,217,195,162,130,101,085,082,093
MA11,1975/12/19,113,142,170,194,210,213,208,197,185,176,174,181,193,207,221,229,226,208,180,151,116,093,078,079
MA11,1975/12/20,096,122,152,181,204,213,215,207,194,183,176,175,184,199,218,230,233,225,202,172,140,112,091,080
MA11,1975/12/21,086,108,138,167,194,212,219,213,205,193,183,177,181,195,212,229,241,240,225,200,169,140,116,101
MA11,1975/12/22,099,113,137,168,197,219,229,228,220,210,196,185,183,190,204,218,233,239,233,220,196,166,139,119
MA11,1975/12/23,107,110,127,150,178,203,220,227,223,212,196,182,173,175,183,196,211,220,221,216,200,181,156,133
MA11,1975/12/24,118,113,119,136,158,180,202,212,214,207,192,176,163,154,155,164,176,187,196,199,195,184,167,151
MA11,1975/12/25,135,123,125,130,148,170,192,207,215,214,205,190,173,160,152,152,158,165,177,184,189,188,180,167
MA11,1975/12/26,155,145,140,141,148,162,181,197,208,213,208,193,180,167,151,143,141,142,148,158,166,174,176,176
MA11,1975/12/27,169,161,157,153,155,166,180,193,207,217,217,210,196,181,165,149,137,132,133,138,148,162,175,180
MA11,1975/12/28,183,184,183,177,173,174,183,194,204,218,223,221,213,202,183,163,145,131,121,119,126,139,154,168
MA11,1975/12/29,182,190,196,192,187,184,184,189,198,211,221,225,226,219,206,187,163,141,125,114,115,125,141,159
MA11,1975/12/30,177,193,206,209,206,201,194,191,196,204,215,225,231,233,226,210,186,159,131,110,100,101,114,131
MA11,1975/12/31,153,179,197,209,209,203,196,187,184,191,198,207,221,229,227,220,198,170,139,111,090,084,088,104
