MA11,1982/01/01,116,114,122,137,155,178,199,210,214,211,202,189,181,176,178,186,195,203,210,207,197,181,161,140
MA11,1982/01/02,125,116,120,128,143,163,182,197,204,206,197,186,173,164,160,163,167,174,181,187,184,176,162,146
MA11,1982/01/03,133,123,120,120,128,143,159,172,184,190,189,180,170,160,150,146,144,148,155,162,167,170,168,159
MA11,1982/01/04,149,142,136,134,137,146,159,173,188,200,202,200,191,178,168,158,150,148,151,156,165,177,183,185
MA11,1982/01/05,184,182,176,172,170,174,184,195,207,222,228,228,224,213,197,178,160,146,139,139,145,158,172,182
MA11,1982/01/06,190,194,191,183,178,174,174,177,188,202,211,217,218,212,200,180,156,137,120,112,115,127,145,165
MA11,1982/01/07,181,196,204,203,197,193,189,189,195,203,212,222,226,225,215,196,173,144,118,099,093,100,115,137
MA11,1982/01/08,162,183,200,206,204,201,193,185,183,190,198,210,220,227,228,219,199,167,131,105,087,083,092,111
MA11,1982/01/09,139,169,195,210,216,218,208,200,193,192,197,208,221,233,244,242,226,199,165,131,104,089,086,095
MA11,1982/01/10,118,150,181,204,217,224,218,207,197,190,188,194,207,223,238,242,232,215,182,143,110,086,069,071
MA11,1982/01/11,086,113,148,174,196,212,212,203,192,183,175,178,188,203,224,237,238,229,205,173,141,110,086,075
MA11,1982/01/12,084,105,135,165,193,213,220,218,208,198,187,182,185,200,218,237,244,242,231,204,173,142,113,094
MA11,1982/01/13,092,104,127,154,181,205,218,218,210,199,188,177,174,185,200,217,233,240,234,220,197,170,141,117
MA11,1982/01/14,106,109,125,145,170,197,213,220,219,208,195,182,174,174,182,197,212,223,226,217,203,184,161,138
MA11,1982/01/15,123,118,125,140,161,186,205,216,218,212,200,185,172,164,165,175,186,197,205,206,199,188,172,153
MA11,1982/01/16,140,131,130,138,156,174,195,211,216,214,205,190,176,168,163,165,173,181,190,196,198,191,182,169
MA11,1982/01/17,158,150,146,148,156,172,189,203,212,215,207,196,181,168,158,154,152,156,162,170,175,176,175,171
MA11,1982/01/18,163,158,154,151,154,165,179,190,203,211,209,202,190,181,170,160,154,152,154,161,168,176,185,188
MA11,1982/01/19,188,189,185,182,184,187,193,203,213,223,226,221,211,200,187,173,160,149,144,146,151,158,167,174
MA11,1982/01/20,179,184,187,184,180,180,181,186,193,204,212,214,210,202,191,179,162,147,136,128,128,137,148,160
MA11,1982/01/21,175,186,194,196,194,191,188,187,191,198,208,214,216,213,206,195,177,157,137,124,120,122,133,147
MA11,1982/01/22,163,180,196,200,198,196,190,184,183,186,194,205,211,214,213,201,182,162,137,117,106,104,109,128
MA11,1982/01/23,150,170,192,205,210,208,202,194,188,186,192,204,212,221,226,219,204,181,152,129,107,099,104,114
MA11,1982/01/24,133,160,184,199,207,207,203,193,181,178,180,186,199,213,222,223,214,193,167,141,112,101,095,102
MA11,1982/01/25,122,151,179,202,216,222,219,209,195,187,184,188,200,213,227,236,232,216,190,157,127,105,094,094
MA11,1982/01/26,107,133,161,185,204,216,213,204,191,177,170,170,178,194,214,226,228,221,199,169,141,113,096,092
MA11,1982/01/27,097,119,149,173,196,213,218,211,199,185,175,171,173,188,207,223,236,234,220,196,166,137,114,101
MA11,1982/01/28,100,116,141,165,193,212,220,219,207,193,180,170,167,176,194,213,228,234,226,209,184,157,133,112
MA11,1982/01/29,108,114,136,159,183,207,221,224,214,200,186,171,164,167,181,196,213,223,223,216,196,172,150,126
MA11,1982/01/30,116,118,128,148,170,192,209,214,210,200,184,166,154,148,154,168,183,198,208,204,194,180,158,139
MA11,1982/01/31,127,121,126,139,157,179,196,207,207,199,188,172,155,144,144,152,165,180,192,198,198,194,179,162
MA11,1982/02/01,152,146,145,154,168,187,205,215,219,217,206,190,173,156,150,148,150,162,174,183,191,191,184,176
MA11,1982/02/02,166,159,158,159,166,182,194,204,212,212,206,194,177,162,148,136,132,135,142,150,161,170,173,174
MA11,1982/02/03,172,168,165,164,166,173,184,192,203,207,208,202,190,175,162,147,134,127,124,130,139,152,166,174
MA11,1982/02/04,179,184,187,183,181,184,189,193,200,208,215,213,206,196,183,162,142,126,111,108,114,128,144,160
MA11,1982/02/05,175,188,194,195,194,192,191,192,196,202,209,216,216,210,201,186,162,138,116,099,097,104,118,139
MA11,1982/02/06,162,184,198,205,205,202,198,193,190,195,204,214,223,227,228,216,194,169,139,113,100,098,106,124
MA11,1982/02/07,150,174,195,210,215,212,207,194,188,187,191,200,213,224,229,226,211,186,154,122,097,085,084,094
MA11,1982/02/08,120,150,177,199,209,210,202,190,178,171,172,183,195,210,227,233,226,210,179,144,112,089,078,081
MA11,1982/02/09,100,128,158,184,204,210,208,195,178,167,161,164,176,194,213,228,230,222,202,172,140,112,092,084
MA11,1982/02/10,094,116,146,176,198,212,212,200,187,169,157,157,161,176,198,216,229,230,217,194,163,132,108,092
MA11,1982/02/11,094,110,134,163,188,205,214,204,186,170,152,142,144,153,170,193,208,220,216,198,174,148,120,102
MA11,1982/02/12,098,103,125,150,174,197,208,204,190,172,154,140,132,137,152,170,190,204,208,201,185,164,142,122
MA11,1982/02/13,111,114,128,147,172,194,208,210,200,184,166,150,137,134,142,156,173,188,198,199,191,178,160,144
MA11,1982/02/14,132,128,136,152,170,191,207,212,210,197,180,163,146,136,137,145,157,172,183,189,189,182,170,158
MA11,1982/02/15,148,144,146,152,167,185,199,209,208,201,187,169,154,140,133,134,140,149,159,167,174,174,169,162
MA11,1982/02/16,157,154,153,156,165,178,191,200,204,202,193,180,164,148,138,133,133,136,142,150,156,162,165,166
MA11,1982/02/17,167,166,164,165,168,176,186,194,198,200,194,188,179,168,158,145,136,132,134,138,147,155,162,168
MA11,1982/02/18,174,175,176,176,176,178,181,186,191,195,196,191,183,170,161,148,134,125,118,118,124,131,142,152
MA11,1982/02/19,162,172,177,178,177,176,176,177,181,186,191,194,192,184,176,164,148,134,121,114,115,122,134,148
MA11,1982/02/20,164,181,191,196,197,194,190,188,190,192,201,206,211,213,206,197,182,161,143,128,119,120,130,145
MA11,1982/02/21,164,186,200,206,209,204,195,189,184,185,191,200,211,216,216,210,196,173,150,128,111,108,114,128
MA11,1982/02/22,150,173,192,206,211,208,198,188,178,172,175,186,197,207,218,216,204,185,158,130,110,098,097,108
MA11,1982/02/23,128,154,180,196,206,206,196,183,170,159,158,166,181,195,211,218,212,195,170,141,115,098,089,095
MA11,1982/02/24,112,138,163,188,202,207,200,186,169,155,150,153,166,184,205,220,221,214,193,163,136,111,095,095
MA11,1982/02/25,106,129,156,183,202,212,208,196,178,159,148,146,154,169,192,212,222,222,206,182,154,127,106,096
MA11,1982/02/26,103,120,145,171,195,209,211,200,182,162,144,136,136,144,170,192,208,219,212,192,168,141,117,104
MA11,1982/02/27,102,114,136,162,186,203,209,202,186,162,142,128,120,126,146,169,190,206,210,200,182,159,137,120
MA11,1982/02/28,113,118,135,156,180,200,211,208,194,175,152,132,120,117,126,146,168,187,200,202,190,174,156,140
MA11,1982/03/01,131,129,140,158,176,196,212,215,205,187,166,146,128,121,120,137,156,175,192,203,203,194,182,168
MA11,1982/03/02,160,157,162,172,188,201,215,221,217,205,188,167,147,133,125,126,136,150,165,179,188,189,184,177
MA11,1982/03/03,172,168,170,174,184,197,208,215,216,207,194,178,157,140,126,117,116,125,134,146,158,166,169,171
MA11,1982/03/04,171,170,169,171,176,185,194,201,206,203,197,187,171,154,141,126,117,114,116,123,137,150,160,170
MA11,1982/03/05,178,183,184,186,189,192,196,202,206,210,212,210,204,194,180,163,146,134,124,124,130,142,157,172
MA11,1982/03/06,185,198,204,204,202,198,194,194,196,202,208,212,213,206,196,181,158,137,121,107,105,114,129,148
MA11,1982/03/07,170,187,197,202,201,193,187,182,178,178,186,195,202,207,205,194,174,150,122,103,091,092,103,121
MA11,1982/03/08,146,170,188,198,201,192,182,171,161,159,166,177,192,205,212,213,201,177,150,124,102,095,096,110
MA11,1982/03/09,136,162,186,201,207,201,187,173,158,152,155,166,180,199,215,222,218,199,172,142,113,096,088,098
MA11,1982/03/10,120,147,173,195,207,205,194,174,156,142,138,143,158,180,201,219,224,216,196,167,137,114,102,100
MA11,1982/03/11,115,139,164,190,206,207,200,178,154,138,126,125,137,154,179,203,212,213,202,175,148,124,101,097
MA11,1982/03/12,107,125,152,177,195,206,201,184,160,138,118,112,117,133,158,184,202,212,210,194,171,148,126,117
MA11,1982/03/13,119,132,154,178,200,214,213,200,178,152,132,118,116,124,144,166,189,202,207,200,182,160,142,125
MA11,1982/03/14,122,130,144,166,186,200,206,195,176,152,130,111,104,106,120,141,161,178,188,189,178,164,148,136
MA11,1982/03/15,130,134,143,160,180,196,206,200,188,166,144,127,114,108,117,134,154,172,188,195,195,190,178,166
MA11,1982/03/16,158,157,164,177,192,208,216,217,206,188,170,152,136,126,127,134,145,158,173,184,190,184,173,166
MA11,1982/03/17,162,158,162,169,179,191,200,203,200,185,178,154,138,126,118,118,128,138,148,158,165,168,171,167
MA11,1982/03/18,165,164,164,170,177,187,194,200,198,190,181,168,154,140,130,125,124,128,132,138,148,156,160,166
MA11,1982/03/19,169,171,172,172,172,174,178,183,185,182,177,171,162,150,140,132,124,120,120,123,133,143,151,160
MA11,1982/03/20,169,174,178,179,178,176,175,176,177,179,182,179,174,166,156,146,135,124,116,117,121,132,144,157
MA11,1982/03/21,172,184,192,194,192,188,185,181,184,186,192,198,203,202,196,184,170,154,142,135,134,138,150,166
MA11,1982/03/22,184,200,210,212,208,200,190,184,178,179,188,196,204,208,208,198,184,160,138,123,113,114,125,140
MA11,1982/03/23,161,181,198,205,204,196,182,170,161,158,165,176,189,201,209,208,196,176,153,133,117,111,118,134
MA11,1982/03/24,158,183,204,216,220,211,195,177,158,150,152,166,183,200,215,221,214,195,173,148,126,112,109,122
MA11,1982/03/25,142,167,193,210,217,212,196,174,153,138,135,142,160,182,204,220,221,213,191,163,140,118,107,112
MA11,1982/03/26,127,151,178,198,210,210,195,174,147,128,115,118,134,155,180,204,216,214,201,176,150,127,109,107
MA11,1982/03/27,120,140,166,187,204,208,199,179,152,126,107,099,108,129,154,184,203,213,208,190,168,146,126,116
MA11,1982/03/28,124,137,159,183,200,210,206,188,160,132,106,093,092,104,128,154,180,199,204,195,180,160,141,132
MA11,1982/03/29,130,140,158,178,197,209,210,196,171,145,118,097,088,092,105,130,159,181,195,197,189,176,159,149
MA11,1982/03/30,144,150,164,181,196,211,216,209,192,168,141,118,101,093,100,120,142,163,182,195,198,191,182,173
MA11,1982/03/31,166,168,176,188,204,218,228,226,215,195,173,150,128,115,112,119,136,151,169,184,193,195,193,186
MA11,1982/04/01,180,177,178,183,193,203,212,214,208,198,182,160,140,124,108,104,106,114,128,146,157,166,171,172
MA11,1982/04/02,172,173,174,174,181,187,193,197,197,190,183,171,156,138,123,114,106,106,112,126,140,154,164,175
MA11,1982/04/03,182,188,190,190,190,191,194,197,201,202,202,198,189,178,160,143,128,115,110,114,123,137,152,166
MA11,1982/04/04,178,184,187,186,180,174,171,170,172,175,180,184,185,182,172,159,142,122,107,104,106,115,132,148
MA11,1982/04/05,165,179,186,185,180,170,160,152,148,151,161,169,180,187,184,176,159,136,117,104,097,102,115,135
MA11,1982/04/06,157,176,188,192,186,174,161,148,138,141,148,161,179,193,199,201,190,168,145,124,109,105,114,134
MA11,1982/04/07,156,179,197,202,200,188,171,150,136,131,136,150,171,192,209,218,216,199,177,154,135,123,126,143
MA11,1982/04/08,165,188,213,224,225,215,196,173,151,138,137,145,165,190,210,226,233,224,205,179,157,140,133,142
MA11,1982/04/09,159,182,205,221,226,217,201,173,151,132,119,125,144,165,193,214,228,232,219,204,182,162,150,154
MA11,1982/04/10,166,189,212,231,241,240,223,200,172,146,130,126,136,152,176,201,220,227,221,207,188,167,152,146
MA11,1982/04/11,151,166,189,206,218,222,210,188,160,133,113,103,104,119,140,166,189,201,205,198,184,166,151,142
MA11,1982/04/12,144,154,172,191,204,211,207,188,162,138,112,098,096,102,122,145,167,186,197,198,191,177,163,156
MA11,1982/04/13,153,158,173,187,203,214,213,199,178,153,131,112,102,102,113,133,154,172,188,193,192,183,172,165
MA11,1982/04/14,160,163,171,183,196,207,210,202,185,165,143,123,109,104,108,121,139,154,170,182,185,183,178,172
MA11,1982/04/15,170,170,175,183,193,203,208,206,196,183,163,146,130,121,118,124,136,151,165,178,186,190,190,188
MA11,1982/04/16,186,184,190,198,204,212,218,218,212,202,184,169,154,140,134,132,136,145,156,168,179,187,190,193
MA11,1982/04/17,195,192,191,193,197,201,204,205,203,199,192,181,170,160,149,142,140,140,145,156,166,178,186,195
MA11,1982/04/18,200,202,200,196,192,188,188,190,192,192,190,187,180,171,160,149,140,134,134,139,147,158,172,186
MA11,1982/04/19,195,200,202,198,190,184,180,177,179,182,186,190,190,186,178,165,152,140,130,128,133,142,155,172
MA11,1982/04/20,186,196,201,197,188,180,170,164,163,166,177,188,194,198,197,185,171,152,138,131,131,135,149,167
MA11,1982/04/21,184,199,207,206,196,181,165,153,145,146,157,171,186,198,202,199,184,164,144,128,122,122,134,153
MA11,1982/04/22,174,193,207,212,202,185,164,143,129,127,133,150,172,192,205,210,204,187,165,145,132,126,130,146
MA11,1982/04/23,167,189,209,216,210,196,170,144,123,108,111,127,148,174,197,211,214,203,183,163,143,130,130,140
MA11,1982/04/24,159,181,203,214,212,202,178,149,121,101,094,102,121,149,180,203,216,216,201,183,163,147,140,143
MA11,1982/04/25,158,178,200,217,222,214,194,162,131,102,088,085,098,122,151,181,202,212,207,194,178,158,147,145
MA11,1982/04/26,153,171,192,211,220,220,203,176,144,113,089,080,082,098,126,156,185,204,210,207,192,177,164,156
MA11,1982/04/27,160,173,191,207,221,226,215,194,164,132,104,084,076,082,102,129,157,182,194,200,196,183,172,165
MA11,1982/04/28,162,170,184,198,212,221,219,206,183,153,126,100,084,082,089,108,132,156,176,190,193,191,182,174
MA11,1982/04/29,172,174,182,192,204,216,220,213,197,176,152,128,105,095,094,101,117,137,157,175,184,188,187,182
MA11,1982/04/30,179,177,178,184,193,202,207,207,200,184,170,151,130,114,104,103,111,123,139,156,172,182,186,190
MA11,1982/05/01,188,184,185,184,186,192,199,200,200,195,185,174,159,143,132,122,118,122,131,144,159,175,185,192
MA11,1982/05/02,195,194,191,188,183,185,188,188,190,194,193,192,186,174,161,150,139,134,135,142,154,169,183,194
MA11,1982/05/03,202,204,203,194,186,178,174,174,175,181,189,196,198,194,184,170,158,144,136,136,144,160,176,192
MA11,1982/05/04,207,215,216,208,195,182,170,160,160,167,176,187,200,206,203,195,179,161,148,140,140,148,163,181
MA11,1982/05/05,199,209,213,204,191,174,157,144,138,142,154,168,185,198,205,204,195,176,158,146,138,139,152,168
MA11,1982/05/06,187,202,208,206,195,176,155,135,121,118,128,144,164,182,200,208,207,195,176,160,151,145,153,169
MA11,1982/05/07,189,211,224,223,214,197,172,148,130,117,119,136,156,178,201,215,221,214,197,180,164,153,154,164
MA11,1982/05/08,180,202,217,224,219,202,178,150,123,107,102,111,131,155,180,204,216,216,207,191,175,163,158,162
MA11,1982/05/09,178,196,214,226,226,215,195,165,136,113,102,104,117,140,167,190,210,218,217,205,189,175,165,166
MA11,1982/05/10,176,192,210,225,230,224,207,180,153,126,106,103,107,127,154,179,202,216,216,212,200,185,175,170
MA11,1982/05/11,174,186,202,216,226,224,210,186,159,132,110,098,098,110,130,154,178,196,205,207,200,188,179,172
MA11,1982/05/12,172,182,194,206,218,224,216,198,173,148,125,108,102,104,122,144,165,186,199,204,202,195,185,178
MA11,1982/05/13,174,178,186,197,209,216,215,202,183,158,137,119,108,107,118,133,154,176,193,207,212,211,207,202
MA11,1982/05/14,198,198,200,209,219,227,227,220,203,184,162,144,128,119,120,127,142,161,176,190,198,200,198,194
MA11,1982/05/15,190,186,185,188,194,201,206,206,194,182,168,150,135,124,120,123,132,144,158,172,183,191,192,192
MA11,1982/05/16,190,186,184,182,184,189,193,195,193,186,178,164,152,141,133,129,132,138,149,162,176,187,193,197
MA11,1982/05/17,197,195,191,187,184,183,186,190,192,191,190,183,174,163,153,146,140,141,146,155,167,180,193,201
MA11,1982/05/18,205,206,200,192,184,177,176,177,180,186,190,192,190,184,175,164,154,147,144,147,158,173,188,201
MA11,1982/05/19,208,210,206,196,182,170,160,155,158,164,174,185,190,192,188,176,163,152,142,141,148,157,174,190
MA11,1982/05/20,204,211,211,201,185,167,151,144,143,148,161,181,196,205,210,206,196,182,168,162,162,172,189,207
MA11,1982/05/21,228,241,241,234,214,192,171,151,140,143,154,174,198,216,228,231,221,206,188,174,168,168,177,196
MA11,1982/05/22,212,228,236,232,216,192,163,137,117,109,117,135,162,189,210,223,224,213,198,182,168,165,170,180
MA11,1982/05/23,199,218,230,231,220,199,170,136,107,091,089,102,128,157,186,209,220,222,211,197,180,170,169,177
MA11,1982/05/24,192,212,226,234,232,212,184,151,116,089,077,078,095,122,154,184,206,216,215,204,192,180,172,174
MA11,1982/05/25,184,203,219,229,234,224,201,172,135,100,081,072,079,097,125,156,182,204,210,209,200,189,178,174
MA11,1982/05/26,181,193,209,223,231,231,220,193,161,128,098,080,076,085,104,132,161,186,200,208,205,196,189,182
MA11,1982/05/27,182,190,200,214,226,230,226,210,184,155,126,100,089,087,098,118,142,167,188,201,206,204,197,190
MA11,1982/05/28,186,188,196,206,217,226,229,221,206,185,160,136,116,106,105,117,134,154,178,193,202,207,203,198
MA11,1982/05/29,193,189,189,195,201,212,217,215,208,198,180,161,142,123,117,118,126,143,159,176,193,199,201,197
MA11,1982/05/30,191,186,181,178,182,187,195,200,200,197,189,177,162,148,134,128,128,135,148,162,176,191,196,196
MA11,1982/05/31,194,187,178,171,167,168,171,176,181,184,186,183,175,165,154,143,138,139,144,156,172,188,201,206
MA11,1982/06/01,206,204,194,183,175,169,167,171,177,184,194,200,201,199,192,181,171,163,162,168,180,195,208,217
MA11,1982/06/02,223,220,210,196,181,166,156,152,154,163,174,187,198,202,200,194,182,172,164,163,170,183,198,212
MA11,1982/06/03,222,223,218,204,186,168,151,142,138,144,161,180,194,206,213,210,204,192,180,170,168,176,190,205
MA11,1982/06/04,218,226,224,212,194,172,150,131,120,121,130,150,172,190,204,209,207,199,185,174,171,172,180,197
MA11,1982/06/05,212,223,229,221,204,183,156,132,114,105,114,132,150,174,194,207,211,206,193,181,170,166,171,182
MA11,1982/06/06,198,214,221,220,209,188,163,135,108,098,098,110,133,157,183,204,213,214,206,194,183,175,173,181
MA11,1982/06/07,196,211,225,227,222,206,182,152,126,105,097,104,120,145,172,194,211,217,215,207,195,186,181,182
MA11,1982/06/08,193,209,221,232,231,218,198,170,140,115,101,099,109,129,157,183,203,215,217,208,200,190,180,179
MA11,1982/06/09,185,198,213,223,229,222,204,180,152,123,104,096,098,114,137,162,187,202,210,208,200,190,180,174
MA11,1982/06/10,177,185,198,212,220,220,210,190,164,134,112,099,094,105,122,146,171,191,203,208,204,196,188,180
MA11,1982/06/11,178,183,192,204,216,223,216,202,180,153,130,112,102,106,120,138,160,182,198,206,209,203,196,187
MA11,1982/06/12,185,186,190,202,212,220,219,210,194,174,151,134,120,115,123,137,153,175,192,204,211,210,204,196
MA11,1982/06/13,190,187,188,194,202,210,215,211,202,183,166,150,133,125,125,132,146,162,180,195,205,208,206,200
MA11,1982/06/14,193,189,186,186,192,200,208,211,208,201,190,175,161,150,144,145,152,166,181,196,210,220,220,216
MA11,1982/06/15,209,202,193,186,185,186,192,198,200,199,193,186,175,161,153,148,147,153,163,176,192,203,208,209
MA11,1982/06/16,205,196,185,174,167,163,166,171,178,184,188,187,183,175,165,156,152,152,157,168,181,195,206,211
MA11,1982/06/17,211,205,192,177,163,152,148,150,156,167,180,189,193,190,184,176,167,162,161,167,178,193,206,215
MA11,1982/06/18,220,218,206,189,169,149,137,131,135,147,162,180,193,200,202,195,186,177,170,167,174,186,198,212
MA11,1982/06/19,222,224,216,199,176,152,130,112,109,116,132,155,178,195,208,210,204,195,183,175,176,182,192,207
MA11,1982/06/20,221,228,226,215,191,164,135,109,096,094,103,127,153,181,205,216,219,214,202,191,185,186,193,206
MA11,1982/06/21,221,235,239,234,218,192,158,125,099,086,086,102,127,158,189,210,222,224,214,203,194,187,189,199
MA11,1982/06/22,213,230,240,242,234,213,181,148,111,088,080,085,103,132,164,195,215,224,225,215,204,196,191,192
MA11,1982/06/23,206,222,236,247,244,232,210,176,140,108,087,080,088,108,137,169,197,214,222,220,210,201,192,188
MA11,1982/06/24,197,210,224,240,248,244,229,204,170,136,108,092,087,098,122,150,180,205,218,222,220,210,200,193
MA11,1982/06/25,191,202,214,228,241,247,238,224,198,166,138,115,101,102,113,136,162,187,206,215,213,207,198,186
MA11,1982/06/26,181,181,188,200,211,223,226,216,202,177,153,130,108,100,106,120,140,166,186,200,209,205,198,188
MA11,1982/06/27,178,175,178,187,198,212,222,226,219,207,190,173,156,144,138,146,162,181,200,217,225,228,221,210
MA11,1982/06/28,199,190,184,183,188,198,206,214,214,209,202,188,176,161,152,150,158,170,186,203,216,224,222,213
MA11,1982/06/29,205,193,182,174,172,177,184,192,198,200,200,196,189,177,168,161,160,166,177,190,206,216,219,217
MA11,1982/06/30,208,197,184,170,160,157,158,164,172,180,187,190,191,188,183,176,172,173,177,188,201,214,222,223
MA11,1982/07/01,218,211,197,180,165,153,149,150,153,164,175,184,194,197,195,191,184,178,178,183,192,205,215,221
MA11,1982/07/02,224,217,204,188,169,152,139,133,136,144,154,170,185,195,201,200,193,185,180,177,182,193,204,214
MA11,1982/07/03,220,220,213,198,176,156,136,122,118,122,134,152,171,187,200,204,200,194,186,180,179,184,195,206
MA11,1982/07/04,216,224,220,208,191,168,143,124,108,106,116,132,154,176,191,204,208,202,195,184,178,178,184,195
MA11,1982/07/05,208,218,220,214,200,176,150,126,106,097,099,112,135,156,180,198,207,207,200,188,179,176,178,185
MA11,1982/07/06,200,213,221,221,211,190,164,140,112,097,094,100,120,145,169,192,207,212,208,198,189,182,178,182
MA11,1982/07/07,196,210,222,228,224,210,186,157,130,107,096,099,112,134,160,186,206,218,217,210,200,190,183,183
MA11,1982/07/08,193,207,221,231,233,222,205,177,148,121,103,098,106,123,146,173,196,211,218,213,203,192,182,177
MA11,1982/07/09,181,192,207,222,230,226,212,191,162,135,115,102,102,113,134,160,184,203,214,214,209,199,186,178
MA11,1982/07/10,177,184,198,210,224,228,222,204,180,154,130,113,106,110,127,150,172,195,208,214,212,203,192,182
MA11,1982/07/11,176,179,187,200,214,222,222,214,195,171,151,131,120,117,129,147,166,188,207,216,220,214,204,190
MA11,1982/07/12,184,180,184,192,206,217,226,224,212,196,177,157,144,137,141,153,169,189,206,217,224,222,212,200
MA11,1982/07/13,188,180,176,178,188,200,210,214,211,202,187,172,156,146,143,149,161,177,193,208,220,223,218,207
MA11,1982/07/14,195,184,174,168,173,180,191,200,204,202,196,186,174,162,156,156,162,173,188,201,214,222,222,212
MA11,1982/07/15,200,189,173,162,156,158,166,175,184,192,197,193,185,178,170,166,168,173,182,194,207,215,218,214
MA11,1982/07/16,206,194,173,156,148,142,140,147,157,170,181,190,192,192,187,180,179,177,181,190,202,214,222,223
MA11,1982/07/17,218,210,192,172,153,136,128,126,132,146,164,180,193,201,204,202,198,192,190,192,200,211,219,226
MA11,1982/07/18,230,224,210,191,164,140,122,108,108,120,136,158,180,196,208,212,206,201,196,190,192,200,209,219
MA11,1982/07/19,228,230,224,207,182,155,127,104,092,094,106,129,157,183,200,213,218,213,206,198,195,198,204,217
MA11,1982/07/20,230,238,238,230,212,184,152,121,096,085,089,108,133,163,192,212,222,225,218,208,202,196,200,209
MA11,1982/07/21,222,238,244,246,236,213,183,149,115,094,084,091,110,139,172,200,218,226,223,213,203,194,189,195
MA11,1982/07/22,207,224,238,246,248,236,210,178,141,109,092,088,096,120,150,178,207,220,222,218,206,194,184,180
MA11,1982/07/23,190,205,221,236,244,242,227,203,166,135,109,092,094,108,132,163,192,211,220,219,210,195,181,172
MA11,1982/07/24,175,184,201,219,232,240,235,216,190,160,130,110,104,108,126,150,177,202,216,218,214,202,185,172
MA11,1982/07/25,166,170,181,198,214,226,230,225,208,185,158,138,122,119,130,148,172,196,213,223,221,210,195,178
MA11,1982/07/26,168,164,168,178,192,208,220,221,213,197,178,158,143,136,138,148,168,189,208,221,225,218,206,187
MA11,1982/07/27,173,165,159,163,174,187,200,207,208,202,191,177,163,151,148,153,166,183,199,213,222,220,210,194
MA11,1982/07/28,179,166,156,154,155,164,175,186,193,194,191,185,177,168,163,163,171,181,195,208,218,222,216,207
MA11,1982/07/29,192,178,163,154,150,150,158,166,175,182,187,188,186,182,179,176,179,183,191,203,215,220,220,214
MA11,1982/07/30,204,190,176,162,150,145,144,147,157,165,176,184,188,190,192,188,186,187,189,196,206,216,220,219
MA11,1982/07/31,214,206,190,173,156,142,134,131,137,148,162,176,185,192,198,198,195,192,189,190,198,207,213,219
MA11,1982/08/01,220,214,204,188,169,150,135,126,124,130,144,163,178,192,202,206,204,200,193,190,192,200,208,216
MA11,1982/08/02,222,226,220,206,192,173,152,132,122,123,134,154,174,190,205,214,216,212,204,196,190,190,196,204
MA11,1982/08/03,214,222,221,212,197,175,152,130,111,107,116,129,150,177,196,212,218,216,208,197,188,186,190,199
MA11,1982/08/04,211,223,230,228,216,196,171,145,123,110,109,122,142,165,191,212,224,225,218,208,196,188,188,194
MA11,1982/08/05,205,220,233,236,231,216,189,163,137,118,111,114,131,155,173,207,224,228,224,212,200,190,183,186
MA11,1982/08/06,199,215,231,241,241,232,212,181,154,131,115,112,124,145,171,197,219,229,228,220,207,193,183,179
MA11,1982/08/07,186,201,219,231,240,239,221,197,169,142,122,114,117,132,158,184,206,223,228,222,209,194,179,172
MA11,1982/08/08,174,183,201,218,232,237,228,209,182,156,134,120,116,127,148,172,196,214,225,223,211,198,180,167
MA11,1982/08/09,166,170,182,201,218,229,231,220,198,174,156,134,128,132,145,168,192,210,223,227,219,206,187,169
MA11,1982/08/10,161,160,168,184,200,216,225,222,208,189,170,151,140,139,148,164,186,205,218,226,224,211,194,174
MA11,1982/08/11,162,156,156,165,178,196,210,214,210,200,185,170,157,153,154,166,180,199,212,222,226,217,202,185
MA11,1982/08/12,166,150,148,148,156,172,185,196,201,198,189,180,169,162,162,166,177,191,205,217,223,211,207,190
MA11,1982/08/13,173,157,146,139,138,148,158,169,183,188,189,188,183,177,176,177,182,191,201,213,222,224,218,207
MA11,1982/08/14,192,175,159,145,135,134,140,151,163,176,189,195,198,198,196,196,196,199,205,215,221,228,232,224
MA11,1982/08/15,212,200,179,160,144,131,129,132,140,156,174,186,201,208,210,211,210,206,206,211,218,226,231,232
MA11,1982/08/16,231,222,208,188,164,145,130,122,124,137,154,175,195,210,222,228,226,221,216,212,214,222,228,235
MA11,1982/08/17,241,240,233,215,190,163,138,118,108,110,125,148,174,197,217,228,230,224,214,206,199,202,212,222
MA11,1982/08/18,235,242,244,234,215,188,155,127,106,096,104,124,148,176,203,219,227,226,215,204,194,187,191,202
MA11,1982/08/19,218,234,246,245,234,214,180,150,120,100,096,107,126,157,187,210,224,226,218,204,190,180,176,185
MA11,1982/08/20,200,218,237,248,246,233,210,176,144,120,102,104,120,144,174,204,223,231,226,214,196,182,170,171
MA11,1982/08/21,182,201,224,242,250,248,232,206,176,145,124,112,118,140,166,195,219,232,234,224,206,186,170,164
MA11,1982/08/22,167,180,200,222,239,248,242,224,200,172,148,132,128,141,164,188,215,232,236,232,216,194,174,158
MA11,1982/08/23,152,161,177,196,216,232,235,228,210,188,165,148,139,142,156,180,204,224,234,234,220,202,179,160
MA11,1982/08/24,151,150,160,176,196,213,225,225,214,202,183,166,155,154,163,181,200,220,233,236,228,212,190,170
MA11,1982/08/25,155,148,149,159,172,190,205,211,209,200,190,177,166,164,167,178,196,211,224,232,229,215,199,181
MA11,1982/08/26,160,151,147,147,157,171,185,195,201,200,195,188,182,177,177,184,194,207,219,228,232,224,210,195
MA11,1982/08/27,179,164,154,150,151,160,172,181,190,196,198,197,196,192,192,194,200,207,216,225,232,228,220,209
MA11,1982/08/28,195,182,168,157,151,152,157,164,173,181,190,195,199,201,203,203,204,205,207,216,224,224,222,217
MA11,1982/08/29,205,195,182,168,155,150,146,148,154,163,176,188,198,204,209,210,209,205,204,206,209,214,219,219
MA11,1982/08/30,215,208,197,172,166,152,142,138,140,149,162,177,192,205,214,216,214,209,202,200,202,204,209,216
MA11,1982/08/31,220,219,214,197,182,164,147,134,130,134,147,164,183,201,215,227,220,213,202,196,192,192,201,212
MA11,1982/09/01,220,225,225,215,199,177,156,136,126,123,132,149,170,192,210,223,226,220,210,198,188,184,190,199
MA11,1982/09/02,214,225,232,230,214,196,170,146,126,118,121,136,156,180,204,220,228,224,211,198,185,176,177,188
MA11,1982/09/03,204,221,235,240,231,214,190,162,136,123,120,130,148,172,198,220,231,230,220,203,187,172,168,177
MA11,1982/09/04,191,208,228,240,240,229,207,180,151,129,120,124,141,164,191,215,234,235,227,214,195,178,167,168
MA11,1982/09/05,180,199,219,237,245,244,229,202,172,148,133,128,137,156,183,210,229,237,234,218,198,176,157,154
MA11,1982/09/06,160,176,198,222,235,242,234,213,187,162,143,131,134,149,172,196,219,230,231,222,200,176,156,144
MA11,1982/09/07,143,155,173,196,218,233,234,224,204,181,159,145,143,152,169,192,216,231,235,229,212,186,164,148
MA11,1982/09/08,138,140,155,175,196,215,225,222,212,193,174,160,154,156,172,190,210,226,232,231,220,197,173,153
MA11,1982/09/09,135,133,142,155,175,196,210,218,213,203,192,179,171,172,179,194,212,227,236,240,234,217,195,175
MA11,1982/09/10,155,146,143,150,166,182,201,214,218,215,208,200,193,192,194,202,215,227,239,244,242,228,213,191
MA11,1982/09/11,171,154,142,140,145,158,172,188,200,208,211,208,204,203,203,207,213,221,229,236,239,233,222,207
MA11,1982/09/12,190,172,154,144,138,141,150,160,174,189,200,211,214,214,216,220,224,228,233,242,251,255,252,243
MA11,1982/09/13,231,216,199,181,164,155,153,153,160,173,186,199,210,216,218,218,214,211,210,211,217,222,223,225
MA11,1982/09/14,221,212,198,179,158,141,126,119,122,134,151,171,190,207,217,218,217,208,200,198,198,201,208,215
MA11,1982/09/15,221,222,216,200,176,150,129,113,105,113,130,150,176,199,212,221,220,209,197,187,181,184,191,205
MA11,1982/09/16,219,230,235,227,209,186,160,136,119,114,123,143,167,195,215,229,232,220,204,188,176,170,176,190
MA11,1982/09/17,205,226,237,241,231,212,184,153,129,114,114,128,151,178,204,224,228,222,205,184,168,154,152,163
MA11,1982/09/18,180,203,225,237,238,229,204,175,146,124,117,123,140,166,194,217,229,225,210,190,170,147,140,144
MA11,1982/09/19,158,182,206,225,236,235,222,197,170,145,132,130,142,165,191,217,234,236,225,206,182,156,141,139
MA11,1982/09/20,145,166,190,214,233,241,236,220,196,174,156,148,154,172,196,221,243,248,242,227,204,177,155,143
MA11,1982/09/21,145,159,180,204,226,240,244,236,217,196,180,168,168,178,197,218,238,248,247,234,213,189,163,146
MA11,1982/09/22,139,143,159,180,201,218,230,229,219,204,188,178,172,175,187,207,224,236,240,234,216,192,169,148
MA11,1982/09/23,135,133,140,156,176,194,209,215,212,204,194,183,178,178,183,197,214,226,233,232,219,200,178,159
MA11,1982/09/24,145,138,138,148,163,177,194,204,206,204,199,191,188,184,187,196,208,217,225,228,222,208,190,172
MA11,1982/09/25,155,144,139,139,147,159,172,183,192,197,197,194,192,190,193,196,204,212,219,223,222,215,203,188
MA11,1982/09/26,175,162,153,147,148,154,163,173,182,191,198,202,204,208,208,209,211,213,216,219,220,218,212,204
MA11,1982/09/27,194,182,170,159,153,151,154,160,168,179,190,200,206,212,214,215,213,208,206,208,208,209,210,208
MA11,1982/09/28,202,194,182,169,156,148,144,143,149,160,172,186,200,208,212,214,210,202,194,191,192,196,199,204
MA11,1982/09/29,205,203,194,181,166,151,140,132,134,142,158,174,193,206,215,218,212,202,192,184,182,184,192,202
MA11,1982/09/30,211,216,215,203,188,170,152,140,132,135,150,168,188,209,223,227,225,212,196,184,176,174,182,195
MA11,1982/10/01,208,220,225,219,207,186,163,143,130,127,137,155,177,199,218,228,225,212,195,177,165,159,161,177
MA11,1982/10/02,196,214,226,229,221,204,178,154,136,126,130,144,167,192,214,228,232,221,202,182,162,149,148,162
MA11,1982/10/03,182,206,226,237,238,225,203,179,155,139,136,146,164,188,213,232,237,229,210,186,161,144,136,140
MA11,1982/10/04,159,183,210,230,239,234,217,195,169,148,141,142,157,179,206,228,238,233,218,194,168,142,126,124
MA11,1982/10/05,136,160,187,213,230,236,227,206,186,164,151,149,157,174,196,220,234,236,224,200,173,144,122,113
MA11,1982/10/06,116,136,163,190,215,228,230,220,202,183,166,159,163,176,196,218,234,240,233,215,189,160,134,116
MA11,1982/10/07,112,123,143,170,195,216,228,226,217,202,187,178,177,182,198,218,233,241,240,228,207,179,152,130
MA11,1982/10/08,117,117,128,148,171,195,213,220,220,212,203,194,190,189,201,216,231,240,243,240,224,201,177,153
MA11,1982/10/09,136,128,130,140,157,179,198,212,222,221,216,210,205,202,207,218,227,234,240,238,226,212,191,170
MA11,1982/10/10,150,135,126,125,134,149,164,176,189,197,201,203,200,198,198,202,208,213,219,220,217,209,198,183
MA11,1982/10/11,166,150,136,126,122,130,140,152,166,179,188,197,199,201,203,202,201,202,203,207,210,209,205,200
MA11,1982/10/12,189,177,161,146,134,131,132,138,150,165,180,194,204,209,212,210,205,199,195,194,196,202,205,208
MA11,1982/10/13,206,200,187,170,153,139,129,127,134,147,164,182,196,208,214,210,202,190,182,177,177,182,192,204
MA11,1982/10/14,211,216,210,196,180,156,140,131,127,137,154,176,196,212,223,222,212,197,182,169,164,168,179,193
MA11,1982/10/15,212,225,230,224,211,186,162,146,138,137,152,173,197,216,231,233,226,210,189,169,158,156,162,180
MA11,1982/10/16,206,224,238,244,235,216,192,171,153,148,155,170,192,216,236,244,237,221,197,172,154,144,144,160
MA11,1982/10/17,180,205,226,239,241,231,209,187,165,152,151,162,181,204,228,240,239,227,204,178,152,136,130,137
MA11,1982/10/18,158,184,210,230,240,239,224,204,182,164,158,163,178,200,224,240,246,236,214,186,159,135,123,122
MA11,1982/10/19,137,161,188,212,231,237,230,216,199,179,167,168,176,196,221,237,246,244,227,203,176,148,133,126
MA11,1982/10/20,133,156,180,207,232,244,246,245,234,220,207,198,196,211,230,246,260,262,247,225,197,170,145,129
MA11,1982/10/21,129,141,161,186,210,227,234,232,223,210,198,190,189,196,212,229,240,246,243,226,201,177,150,135
MA11,1982/10/22,126,129,144,162,184,204,216,221,219,210,203,196,192,196,208,219,232,239,238,229,211,189,164,146
MA11,1982/10/23,135,132,139,153,170,188,204,213,216,214,208,202,199,200,205,213,223,230,232,228,215,198,177,160
MA11,1982/10/24,146,139,140,147,158,173,188,201,208,213,214,213,211,209,212,218,226,232,237,237,230,220,206,183
MA11,1982/10/25,169,160,148,150,155,162,178,187,196,206,209,211,214,210,208,208,209,213,216,216,215,210,197,188
MA11,1982/10/26,175,162,152,146,144,147,154,163,174,186,195,200,204,206,204,201,198,194,194,194,195,196,195,188
MA11,1982/10/27,181,174,161,152,144,140,140,149,156,168,182,193,200,206,206,202,195,188,182,181,182,186,191,193
MA11,1982/10/28,193,190,179,165,155,145,140,140,144,154,171,185,198,206,210,204,192,180,169,162,162,168,176,185
MA11,1982/10/29,193,198,192,181,166,152,140,134,136,144,158,177,194,207,213,210,197,179,163,151,147,152,162,177
MA11,1982/10/30,192,204,207,200,187,170,152,139,135,139,152,171,190,207,218,216,204,184,162,144,132,133,143,162
MA11,1982/10/31,183,203,216,216,208,192,171,153,143,141,152,170,190,210,227,229,220,200,172,148,131,124,131,148
MA11,1982/11/01,172,202,221,233,233,221,202,182,165,158,162,176,196,214,235,242,236,218,188,158,132,117,114,127
MA11,1982/11/02,152,180,208,225,233,229,214,194,172,158,158,165,180,201,220,233,234,217,190,161,128,103,092,094
MA11,1982/11/03,114,142,172,200,218,224,216,201,183,166,158,160,171,190,211,226,230,224,201,170,138,108,088,084
MA11,1982/11/04,092,113,146,176,203,219,220,213,199,184,174,171,177,191,210,229,238,236,221,194,163,132,104,090
MA11,1982/11/05,090,102,128,156,185,209,219,221,215,204,193,187,186,196,210,225,234,238,229,211,183,152,123,101
MA11,1982/11/06,090,094,106,129,156,180,199,208,209,205,196,190,188,191,202,214,225,230,230,218,199,176,148,123
MA11,1982/11/07,106,099,104,116,136,158,178,194,202,203,200,197,192,192,199,207,216,223,224,220,210,195,174,152
MA11,1982/11/08,134,120,112,116,126,143,160,176,191,200,203,204,201,199,198,202,206,211,213,214,210,202,190,174
MA11,1982/11/09,158,144,132,122,124,130,143,161,175,188,198,203,204,202,200,198,196,197,200,202,206,207,202,200
MA11,1982/11/10,192,178,166,153,144,145,150,160,175,190,203,214,216,215,212,206,196,190,187,187,192,198,204,208
MA11,1982/11/11,208,204,192,179,165,156,154,158,173,189,206,222,230,234,232,224,210,196,187,180,185,192,203,214
MA11,1982/11/12,223,226,220,210,193,176,166,161,165,180,195,211,224,229,228,220,205,184,176,155,152,160,172,186
MA11,1982/11/13,204,216,221,215,202,184,168,156,154,160,175,194,210,223,227,220,204,181,156,138,130,132,144,162
MA11,1982/11/14,182,205,218,223,217,204,185,170,162,162,172,190,208,224,233,230,215,191,163,139,122,113,120,138
MA11,1982/11/15,161,185,209,220,221,215,200,183,170,163,167,181,200,218,233,234,224,204,175,147,124,108,106,120
MA11,1982/11/16,144,172,198,220,230,230,217,203,187,176,171,181,195,214,230,239,233,214,188,158,128,108,100,104
MA11,1982/11/17,124,148,177,201,218,224,220,208,193,183,175,175,186,204,224,236,236,224,200,173,141,117,100,100
MA11,1982/11/18,110,130,156,182,206,218,220,212,202,188,180,178,182,196,214,227,234,227,209,183,154,127,108,098
MA11,1982/11/19,102,118,143,168,191,210,220,217,211,200,190,186,188,198,214,228,236,236,225,204,178,152,128,112
MA11,1982/11/20,110,118,137,157,179,199,212,215,212,204,196,190,187,192,204,216,225,229,222,208,186,161,138,119
MA11,1982/11/21,109,108,122,138,158,177,193,202,203,200,196,190,185,188,195,204,214,218,216,206,189,169,149,130
MA11,1982/11/22,118,113,115,130,147,164,182,194,202,203,201,198,195,193,197,202,212,217,220,218,210,192,176,160
MA11,1982/11/23,146,138,135,135,148,163,175,190,200,203,205,204,199,197,196,196,200,203,206,206,203,195,184,171
MA11,1982/11/24,159,150,145,143,147,157,170,184,198,209,216,220,217,213,207,202,197,197,197,198,202,198,195,188
MA11,1982/11/25,178,168,160,151,144,150,157,165,179,189,200,207,208,204,198,191,184,176,172,176,180,183,186,186
MA11,1982/11/26,183,178,167,156,148,144,145,153,164,178,194,203,208,208,201,191,178,164,157,155,158,166,177,185
MA11,1982/11/27,189,189,182,171,160,152,149,151,158,172,188,201,209,212,208,197,180,160,144,137,137,146,160,175
MA11,1982/11/28,188,196,196,190,178,164,155,150,152,160,176,192,205,212,212,201,182,158,136,120,112,116,132,152
MA11,1982/11/29,172,191,202,203,195,182,170,158,156,161,175,193,208,221,226,217,200,174,146,120,106,106,120,141
MA11,1982/11/30,170,196,217,228,227,218,207,198,190,187,196,209,225,243,255,248,232,203,170,140,115,101,106,121
MA11,1982/12/01,145,178,206,225,234,232,220,207,194,184,188,198,213,232,246,249,240,216,184,147,112,093,088,094
MA11,1982/12/02,117,147,177,204,222,227,225,212,200,191,185,192,204,221,238,246,243,226,199,163,127,097,080,078
MA11,1982/12/03,090,115,149,182,206,225,230,222,212,200,192,191,196,210,227,240,247,234,214,185,149,117,089,072
MA11,1982/12/04,072,088,115,145,173,197,208,211,205,197,190,186,187,198,213,228,239,239,228,206,177,145,114,092
MA11,1982/12/05,083,086,102,126,154,181,202,210,210,206,200,191,188,194,207,221,232,240,239,224,204,179,150,124
MA11,1982/12/06,110,100,108,123,145,168,190,204,210,209,204,198,191,189,192,201,210,218,222,217,206,190,169,146
MA11,1982/12/07,126,111,107,115,127,148,168,185,196,203,200,192,186,180,178,182,188,194,200,204,200,193,182,168
MA11,1982/12/08,150,136,126,120,125,138,154,172,187,195,200,198,192,183,175,171,170,171,175,181,185,186,184,178
MA11,1982/12/09,168,156,145,135,133,136,147,162,176,190,200,200,197,191,180,170,163,157,157,163,170,178,184,189
MA11,1982/12/10,190,183,174,162,153,152,155,164,178,183,202,208,210,205,194,181,166,153,146,144,150,159,171,184
MA11,1982/12/11,191,195,192,185,176,169,167,168,180,195,208,221,228,228,221,206,189,170,152,144,143,151,164,182
MA11,1982/12/12,196,207,214,211,204,194,186,180,184,196,210,222,232,237,231,217,198,174,151,133,126,127,136,154
MA11,1982/12/13,176,192,208,214,206,200,187,176,176,179,189,203,214,221,223,212,193,168,140,115,101,096,104,125
MA11,1982/12/14,144,169,190,200,203,196,186,177,169,168,174,187,201,215,220,217,203,179,149,122,100,091,092,106
MA11,1982/12/15,128,154,180,198,208,207,201,188,180,174,176,186,199,214,226,226,217,197,168,140,112,094,088,096
MA11,1982/12/16,116,142,170,193,207,213,210,200,190,182,178,182,194,210,225,235,229,213,188,160,132,109,096,097
MA11,1982/12/17,112,138,162,190,212,222,224,218,209,200,193,192,202,219,235,244,247,240,220,191,160,135,113,105
MA11,1982/12/18,111,130,155,182,205,218,225,222,208,200,192,186,189,199,212,225,230,226,210,187,157,130,108,094
MA11,1982/12/19,094,104,122,146,169,190,204,205,198,192,181,173,172,180,192,206,216,219,211,194,168,144,121,102
MA11,1982/12/20,096,102,117,140,162,183,200,206,204,199,190,178,176,177,186,198,208,214,212,201,184,163,138,118
MA11,1982/12/21,106,105,112,128,148,169,187,196,201,198,191,181,176,176,178,186,198,204,206,203,190,174,154,135
MA11,1982/12/22,121,113,115,126,141,160,178,192,202,206,200,194,184,180,180,184,193,200,207,209,204,197,184,167
MA11,1982/12/23,156,148,142,148,159,172,188,203,213,220,219,211,204,195,188,186,185,188,193,199,202,197,188,179
MA11,1982/12/24,166,156,149,146,149,160,173,188,201,209,212,211,203,194,184,174,170,169,169,175,181,184,185,182
MA11,1982/12/25,176,170,162,156,154,158,167,178,192,200,209,211,205,198,186,173,163,151,148,152,158,169,178,184
MA11,1982/12/26,186,184,180,174,168,168,171,176,190,204,216,221,222,218,207,192,174,158,150,146,150,164,179,192
MA11,1982/12/27,203,209,210,204,198,192,186,187,194,206,220,228,232,229,219,200,179,154,136,124,120,132,149,169
MA11,1982/12/28,191,204,212,214,205,196,189,185,186,195,203,214,224,230,222,207,184,154,124,102,092,093,108,132
MA11,1982/12/29,157,182,201,210,212,206,198,192,188,191,200,215,225,236,240,231,208,176,145,115,096,088,093,112
MA11,1982/12/30,140,170,201,217,226,227,219,208,201,200,202,210,224,239,248,247,232,204,172,134,103,087,080,089
MA11,1982/12/31,113,144,176,200,216,228,223,210,203,197,191,197,212,226,242,250,243,225,196,156,121,092,074,072
