MA11,1970/01/01,154,146,142,143,152,167,184,198,211,215,207,196,184,172,162,155,152,157,164,169,177,181,179,176
MA11,1970/01/02,172,164,158,157,160,167,179,191,204,209,205,198,185,172,158,146,138,131,132,138,147,159,166,171
MA11,1970/01/03,173,171,170,168,166,170,180,188,200,210,211,208,198,186,172,153,135,123,117,118,127,139,151,165
MA11,1970/01/04,177,184,187,186,183,183,186,192,200,209,215,216,214,205,190,169,147,127,110,102,105,116,131,150
MA11,1970/01/05,171,186,199,203,202,201,198,199,206,211,219,223,225,221,210,192,167,140,118,099,089,092,106,125
MA11,1970/01/06,151,175,192,204,210,209,204,201,198,201,209,217,224,230,226,212,191,160,129,102,086,078,082,101
MA11,1970/01/07,129,155,181,206,218,221,217,210,204,200,204,211,223,233,236,231,214,182,148,116,087,070,066,075
MA11,1970/01/08,096,127,160,186,204,215,216,209,200,194,192,198,212,226,238,244,234,213,184,146,112,087,071,071
MA11,1970/01/09,087,112,143,169,193,211,219,214,205,196,188,186,197,214,229,241,244,231,207,175,136,102,079,065
MA11,1970/01/10,068,089,115,145,174,196,210,210,202,192,182,175,178,192,212,230,241,243,232,208,179,144,115,094
MA11,1970/01/11,087,095,118,142,170,199,213,217,213,202,186,174,168,174,191,209,224,234,232,218,195,167,135,112
MA11,1970/01/12,102,101,115,135,159,188,207,214,211,202,187,170,156,156,164,177,198,212,219,216,201,183,158,135
MA11,1970/01/13,122,120,127,141,163,189,212,222,224,215,198,179,161,149,146,157,171,184,198,204,200,192,174,155
MA11,1970/01/14,143,136,136,143,162,182,200,210,216,214,201,185,165,149,140,140,146,156,171,180,186,187,179,168
MA11,1970/01/15,159,151,149,152,161,181,197,209,217,218,208,194,177,159,145,136,134,138,147,157,170,176,178,176
MA11,1970/01/16,174,171,170,172,180,191,203,214,223,229,225,214,200,184,165,151,141,134,134,141,151,162,170,176
MA11,1970/01/17,180,184,185,186,188,194,202,210,218,223,224,219,209,195,178,161,144,129,120,120,130,140,153,166
MA11,1970/01/18,176,185,190,193,194,196,198,202,210,216,220,220,213,206,193,176,156,136,117,110,110,118,130,145
MA11,1970/01/19,163,180,190,194,198,198,194,193,197,203,210,214,215,213,205,192,171,148,122,106,099,102,112,130
MA11,1970/01/20,150,171,187,197,200,201,197,192,193,196,201,208,214,220,220,213,193,170,140,116,100,094,098,113
MA11,1970/01/21,137,161,185,198,208,211,205,196,191,188,190,197,210,220,225,223,209,188,160,130,107,094,090,100
MA11,1970/01/22,122,145,172,193,204,210,204,196,188,183,182,188,199,212,225,229,222,205,177,145,118,097,085,090
MA11,1970/01/23,107,131,160,185,203,213,213,201,190,183,178,180,193,210,229,237,237,225,201,172,142,115,099,095
MA11,1970/01/24,103,127,151,175,200,213,215,206,194,182,173,171,178,191,208,224,230,227,209,183,152,124,101,093
MA11,1970/01/25,094,112,137,161,187,207,213,206,194,179,168,161,160,173,191,206,219,223,212,193,166,139,115,099
MA11,1970/01/26,095,108,127,151,178,201,211,208,196,181,166,153,150,158,173,191,207,216,215,203,182,158,133,116
MA11,1970/01/27,109,114,129,151,177,199,212,214,201,186,167,152,144,145,155,171,187,199,205,201,187,168,145,126
MA11,1970/01/28,117,114,127,142,166,190,206,211,205,191,172,155,141,136,142,153,168,182,190,193,187,175,159,145
MA11,1970/01/29,133,128,134,147,166,187,203,211,211,200,185,166,147,137,136,143,152,167,178,183,186,184,173,161
MA11,1970/01/30,152,147,148,155,170,189,205,215,217,211,198,179,161,148,137,139,145,154,166,177,184,190,190,185
MA11,1970/01/31,183,181,185,191,204,219,233,246,255,9999,9999,9999,9999,9999,9999,9999,9999,9999,9999,9999,9999,9999,9999,9999
MA11,1970/02/01,9999,9999,9999,9999,9999,9999,9999,9999,9999,9999,9999,9999,9999,9999,9999,9999,9999,9999,9999,9999,9999,9999,9999,9999
MA11,1970/02/02,9999,9999,9999,9999,9999,9999,9999,9999,9999,9999,9999,9999,9999,187,170,153,135,120,109,104,109,121,135,152
MA11,1970/02/03,171,187,197,202,204,205,204,203,205,210,215,216,212,205,192,174,151,129,107,094,090,095,108,127
MA11,1970/02/04,154,177,197,208,213,215,209,204,204,206,214,221,227,227,222,208,186,157,126,102,087,081,088,108
MA11,1970/02/05,134,162,186,202,216,217,211,204,195,195,204,213,223,230,230,222,207,179,146,115,085,071,070,076
MA11,1970/02/06,100,133,160,190,205,210,207,193,180,174,172,179,193,208,224,229,219,199,170,133,101,078,064,065
MA11,1970/02/07,079,108,139,167,190,202,198,188,172,159,151,153,165,185,206,224,228,218,195,162,129,098,078,070
MA11,1970/02/08,077,103,132,159,188,206,209,200,182,164,149,144,151,167,191,218,233,236,226,202,170,140,116,100
MA11,1970/02/09,104,120,144,174,200,220,231,223,202,181,160,144,143,150,170,195,217,231,231,218,197,169,139,123
MA11,1970/02/10,118,124,145,169,195,216,225,223,207,182,157,136,122,123,138,157,183,204,211,210,196,175,154,133
MA11,1970/02/11,122,128,142,160,182,202,215,220,207,187,164,141,123,114,122,135,152,173,187,193,190,180,164,152
MA11,1970/02/12,145,144,151,167,187,205,218,223,216,200,177,154,132,118,114,119,133,149,161,172,177,174,165,157
MA11,1970/02/13,150,149,155,164,180,196,208,216,213,201,185,166,9999,9999,9999,9999,9999,9999,9999,9999,9999,9999,9999,9999
MA11,1970/02/14,9999,9999,9999,9999,9999,9999,9999,9999,9999,9999,9999,9999,9999,9999,136,125,119,119,123,131,142,153,160,167
MA11,1970/02/15,175,179,180,184,188,194,204,211,213,211,207,198,185,170,156,141,128,121,117,119,127,137,150,160
MA11,1970/02/16,169,179,185,188,190,193,197,200,204,206,207,205,198,189,179,163,146,131,120,117,118,125,138,151
MA11,1970/02/17,166,179,188,193,195,195,194,193,192,195,199,203,202,198,193,181,161,140,120,105,101,103,113,130
MA11,1970/02/18,148,168,183,190,191,192,187,181,179,179,185,195,200,203,204,196,179,158,133,111,100,097,103,119
MA11,1970/02/19,142,165,186,198,201,199,192,182,175,171,176,184,194,202,209,209,196,175,149,122,102,094,093,105
MA11,1970/02/20,126,150,174,192,200,200,193,180,169,161,163,173,186,202,215,222,219,204,178,151,128,109,104,113
MA11,1970/02/21,130,158,181,198,212,216,203,191,175,162,159,165,177,194,212,223,222,208,186,157,128,105,094,093
MA11,1970/02/22,107,133,159,182,199,204,197,182,164,148,140,139,152,169,190,209,218,215,200,172,142,116,099,096
MA11,1970/02/23,106,128,154,178,199,206,200,187,165,147,134,131,137,150,174,197,210,213,205,182,157,130,110,100
MA11,1970/02/24,102,119,145,169,190,205,202,189,170,146,129,121,120,132,155,178,198,210,208,193,173,151,132,118
MA11,1970/02/25,117,131,153,175,199,215,220,213,192,169,148,132,130,136,151,179,200,213,216,210,195,177,158,140
MA11,1970/02/26,135,142,155,173,199,215,222,217,197,174,150,131,120,117,129,151,169,188,202,205,198,186,172,158
MA11,1970/02/27,152,154,165,183,202,217,223,221,208,187,163,143,123,115,119,129,142,160,176,183,185,180,171,164
MA11,1970/02/28,158,159,165,175,192,208,217,220,213,191,172,151,130,117,115,120,131,143,159,171,178,182,181,179
MA11,1970/03/01,176,177,181,190,202,215,225,229,227,214,193,171,150,132,122,120,122,128,138,148,157,167,174,175
MA11,1970/03/02,177,180,183,188,194,204,211,214,215,209,197,183,163,144,128,117,108,106,108,116,125,137,149,159
MA11,1970/03/03,169,177,181,184,189,193,196,199,199,197,195,190,179,162,148,134,119,109,101,099,105,116,132,149
MA11,1970/03/04,168,185,195,200,201,202,201,199,200,203,207,210,208,200,188,173,154,133,116,105,101,107,119,138
MA11,1970/03/05,160,180,196,204,206,205,197,192,187,187,193,202,208,207,205,194,172,147,121,100,088,087,094,116
MA11,1970/03/06,138,167,189,204,207,203,193,182,175,170,175,189,202,213,221,216,203,179,149,122,103,090,092,107
MA11,1970/03/07,129,160,189,207,217,214,201,186,169,158,160,169,188,208,223,232,229,210,181,151,124,105,096,103
MA11,1970/03/08,124,151,180,202,217,216,203,183,160,143,135,141,159,181,205,227,230,220,201,171,141,115,102,102
MA11,1970/03/09,116,140,167,192,207,210,201,179,152,129,114,111,124,146,174,202,219,222,211,192,167,143,124,117
MA11,1970/03/10,126,145,168,189,211,216,206,188,160,130,109,100,101,118,144,175,195,209,208,199,178,156,138,129
MA11,1970/03/11,133,148,166,189,209,221,218,204,176,148,124,106,101,106,125,152,177,196,204,202,190,174,157,147
MA11,1970/03/12,146,156,170,192,211,222,225,215,193,165,138,114,101,099,109,130,152,171,186,190,186,177,164,154
MA11,1970/03/13,152,157,170,184,202,215,220,217,200,174,151,127,109,101,103,115,131,149,165,175,178,176,166,162
MA11,1970/03/14,160,161,170,181,195,208,215,215,203,184,165,145,124,109,102,106,117,129,140,152,161,167,166,162
MA11,1970/03/15,161,164,168,177,185,194,203,203,196,187,173,155,138,124,113,110,110,115,125,135,146,155,161,166
MA11,1970/03/16,171,176,180,185,194,202,210,214,214,212,206,197,186,176,166,156,148,145,145,150,161,172,180,188
MA11,1970/03/17,196,202,205,206,208,208,208,209,208,207,204,197,188,178,165,151,139,128,121,111,124,134,147,159
MA11,1970/03/18,172,183,189,191,191,188,186,184,182,181,185,189,191,186,177,166,151,133,119,111,111,118,130,150
MA11,1970/03/19,167,182,193,195,194,188,179,175,171,171,177,187,192,194,193,183,169,149,128,116,109,109,121,137
MA11,1970/03/20,156,176,187,192,191,183,173,164,155,156,162,171,184,194,197,196,185,161,138,120,106,100,106,120
MA11,1970/03/21,142,163,181,189,186,179,167,152,141,135,138,148,164,177,191,196,189,173,151,129,110,100,100,113
MA11,1970/03/22,135,160,180,192,194,186,171,154,137,125,125,136,153,173,193,205,207,197,175,153,131,115,112,118
MA11,1970/03/23,138,162,185,204,209,202,187,165,140,124,118,122,139,159,182,203,211,206,188,166,142,123,114,117
MA11,1970/03/24,131,155,181,198,208,207,190,168,143,122,111,111,123,145,169,193,213,214,201,183,161,139,126,122
MA11,1970/03/25,130,151,175,194,208,211,199,175,148,121,104,099,104,123,145,172,194,205,202,190,171,151,137,131
MA11,1970/03/26,136,151,172,191,206,211,201,181,152,124,100,089,087,099,121,146,168,187,193,189,179,163,147,140
MA11,1970/03/27,139,149,165,185,199,208,204,188,162,135,110,090,083,086,101,125,149,168,184,187,181,172,160,152
MA11,1970/03/28,150,156,169,184,199,211,212,201,179,155,130,107,093,090,094,111,134,151,167,177,180,177,171,165
MA11,1970/03/29,163,166,172,185,196,206,212,206,191,169,144,121,103,092,090,100,111,125,143,156,165,169,169,170
MA11,1970/03/30,171,172,178,186,194,203,210,209,200,186,167,149,129,112,105,099,103,111,120,131,146,155,161,168
MA11,1970/03/31,171,174,177,179,185,193,198,199,197,188,178,163,146,132,118,111,106,107,111,118,131,144,157,167
MA11,1970/04/01,177,184,187,189,191,192,192,194,193,192,188,182,176,162,147,133,120,108,105,106,115,128,141,158
MA11,1970/04/02,173,184,189,190,186,181,177,175,176,180,183,186,185,178,169,153,135,117,103,094,097,107,121,142
MA11,1970/04/03,161,178,188,190,184,176,166,158,156,159,169,182,190,198,195,185,168,143,124,109,102,106,119,138
MA11,1970/04/04,162,184,196,202,196,182,167,152,140,140,151,167,184,198,207,205,194,171,148,125,112,109,113,130
MA11,1970/04/05,154,176,194,202,196,182,162,139,120,110,116,133,153,180,197,206,203,186,163,141,120,108,108,120
MA11,1970/04/06,143,167,186,199,198,184,164,134,108,094,092,101,124,153,179,200,208,200,183,161,141,126,120,127
MA11,1970/04/07,147,171,192,208,210,200,182,151,120,097,086,089,105,133,165,193,211,216,206,189,172,155,142,140
MA11,1970/04/08,154,172,194,211,216,212,194,163,132,102,083,076,082,106,136,165,189,203,202,193,181,164,150,150
MA11,1970/04/09,156,170,192,209,219,222,208,185,153,124,098,081,080,093,117,145,173,192,200,196,189,178,164,158
MA11,1970/04/10,161,171,188,207,219,223,215,197,169,141,111,090,079,082,100,122,146,167,180,185,184,174,166,159
MA11,1970/04/11,157,164,175,190,204,211,212,197,177,150,127,105,089,084,092,108,129,151,166,178,184,180,177,174
MA11,1970/04/12,172,176,185,197,210,221,225,219,205,185,166,143,122,114,113,118,130,147,161,176,182,183,192,179
MA11,1970/04/13,179,181,183,191,198,204,211,208,198,186,170,149,134,119,110,107,112,121,133,145,159,164,165,167
MA11,1970/04/14,169,169,172,174,176,184,186,186,183,175,166,155,140,129,117,109,107,109,116,126,138,148,155,161
MA11,1970/04/15,166,169,171,170,169,171,173,174,174,173,170,165,159,149,138,128,120,116,116,121,131,142,154,164
MA11,1970/04/16,173,179,179,176,171,167,166,165,165,168,173,175,176,173,164,154,141,128,123,122,127,139,152,167
MA11,1970/04/17,179,186,190,187,180,172,165,158,158,163,170,181,187,190,188,180,168,154,140,133,133,142,154,170
MA11,1970/04/18,186,196,198,195,186,174,161,148,144,146,154,170,183,191,195,190,177,160,140,129,123,125,136,154
MA11,1970/04/19,173,187,195,193,181,166,148,132,119,116,127,142,159,177,187,189,183,166,148,133,121,119,126,142
MA11,1970/04/20,163,182,194,196,187,170,149,128,110,105,108,123,147,169,188,202,201,192,174,156,144,136,136,152
MA11,1970/04/21,171,191,207,212,203,187,162,135,113,097,093,104,120,148,175,189,198,195,180,161,145,132,128,134
MA11,1970/04/22,150,171,189,198,195,182,157,129,100,080,073,075,092,118,146,173,190,194,187,173,159,144,135,138
MA11,1970/04/23,151,169,190,203,203,196,176,144,115,089,075,074,085,106,136,165,185,199,196,187,177,160,149,150
MA11,1970/04/24,157,171,191,205,210,207,189,159,128,096,077,067,067,085,108,135,164,181,187,189,181,168,159,154
MA11,1970/04/25,156,169,185,199,211,211,199,178,145,117,091,072,066,071,089,114,138,161,177,184,182,178,167,162
MA11,1970/04/26,164,168,180,195,206,212,209,193,170,141,113,093,078,075,085,100,120,144,160,173,180,178,174,173
MA11,1970/04/27,169,171,179,189,199,207,208,201,184,160,137,113,095,086,084,091,106,122,138,154,166,172,174,175
MA11,1970/04/28,174,174,177,184,191,198,204,203,195,180,162,141,122,106,098,097,103,114,129,144,158,171,178,184
MA11,1970/04/29,186,186,187,189,191,195,202,203,202,196,188,175,159,144,129,119,117,118,124,136,151,165,176,185
MA11,1970/04/30,191,192,190,186,182,180,182,183,185,188,188,184,176,165,150,136,127,119,118,124,133,148,162,175
MA11,1970/05/01,184,191,188,181,171,161,156,155,158,164,173,180,180,177,167,151,142,128,118,117,123,135,151,166
MA11,1970/05/02,181,189,190,183,169,153,142,134,131,138,152,167,179,187,186,177,164,148,133,125,126,134,149,166
MA11,1970/05/03,183,195,199,192,177,157,137,120,113,115,126,146,165,183,193,191,184,168,151,138,133,136,149,163
MA11,1970/05/04,182,200,204,201,185,160,136,112,096,095,103,121,145,169,186,197,196,185,169,154,143,139,146,160
MA11,1970/05/05,177,193,205,204,192,172,145,114,088,077,077,089,114,143,169,189,197,193,183,169,155,149,148,157
MA11,1970/05/06,173,192,205,211,203,184,157,124,093,071,065,072,088,123,151,176,192,196,189,178,166,156,153,160
MA11,1970/05/07,172,190,205,212,212,196,172,140,107,081,066,064,079,103,132,160,183,194,194,188,179,169,164,164
MA11,1970/05/08,173,187,202,215,218,211,192,162,133,104,081,072,077,092,117,145,171,192,197,196,189,181,172,171
MA11,1970/05/09,174,184,199,213,220,219,208,182,155,124,101,085,079,086,104,126,151,173,187,193,190,183,176,170
MA11,1970/05/10,171,179,189,201,211,216,210,192,169,144,119,099,086,086,095,112,136,157,172,185,187,183,179,174
MA11,1970/05/11,173,177,183,195,206,214,216,204,188,168,145,127,114,107,110,121,137,156,173,188,196,197,195,191
MA11,1970/05/12,189,189,193,198,205,212,217,212,201,186,168,148,131,119,117,119,130,144,156,172,181,185,185,183
MA11,1970/05/13,180,179,179,181,185,190,195,197,193,185,173,160,146,136,126,123,126,133,144,160,172,181,185,185
MA11,1970/05/14,183,179,175,173,170,172,177,179,180,179,174,168,160,149,140,130,128,130,136,150,163,173,180,185
MA11,1970/05/15,184,180,175,168,160,157,156,157,160,166,169,168,166,159,152,141,132,128,130,138,149,164,175,183
MA11,1970/05/16,187,184,178,168,156,148,142,140,143,150,160,169,172,171,166,156,147,138,132,133,143,158,171,183
MA11,1970/05/17,191,192,186,174,159,143,132,126,128,137,150,164,176,182,184,180,170,158,148,146,152,162,177,191
MA11,1970/05/18,203,208,203,192,174,155,138,124,118,123,136,154,170,185,195,195,187,175,163,154,152,157,168,183
MA11,1970/05/19,196,205,203,192,173,151,125,106,095,092,104,123,145,167,186,194,194,185,171,160,152,154,164,177
MA11,1970/05/20,192,206,210,202,187,162,135,110,090,082,086,104,127,156,179,196,204,202,190,180,170,165,170,181
MA11,1970/05/21,198,216,226,223,210,187,159,128,100,083,082,092,112,140,166,190,204,207,203,192,181,175,170,175
MA11,1970/05/22,190,203,214,219,210,191,164,130,100,078,063,066,081,105,135,160,184,198,198,194,185,175,169,170
MA11,1970/05/23,177,194,209,218,219,207,184,156,120,090,072,063,069,091,116,143,173,191,200,204,197,188,181,177
MA11,1970/05/24,182,193,205,218,223,219,205,178,146,114,086,070,064,073,093,117,144,168,183,190,192,187,179,175
MA11,1970/05/25,175,181,193,205,215,219,214,195,170,141,113,092,079,079,089,107,131,155,175,189,195,195,191,186
MA11,1970/05/26,182,183,187,198,212,220,223,215,196,175,148,125,108,099,101,109,125,147,167,183,195,201,199,194
MA11,1970/05/27,190,188,188,192,200,210,216,216,209,194,174,155,135,122,115,115,125,140,156,174,188,195,198,196
MA11,1970/05/28,191,185,178,177,178,184,194,200,201,197,186,174,157,142,132,127,126,134,146,159,176,190,194,196
MA11,1970/05/29,192,183,173,162,157,160,164,169,178,182,183,180,169,159,148,136,132,133,140,152,167,180,192,196
MA11,1970/05/30,196,190,176,160,150,140,138,144,152,163,174,180,183,179,171,161,153,147,149,156,166,181,195,202
MA11,1970/05/31,205,200,187,172,152,136,128,124,130,140,157,173,185,190,191,183,175,169,165,164,172,185,200,210
MA11,1970/06/01,220,219,210,194,168,149,131,117,117,123,139,161,182,196,207,208,200,193,184,181,183,189,201,215
MA11,1970/06/02,224,229,223,208,186,159,132,112,102,101,114,135,161,181,199,207,205,198,189,180,176,178,190,200
MA11,1970/06/03,214,224,222,213,192,166,137,110,090,083,089,104,131,158,181,198,205,203,194,185,178,175,180,190
MA11,1970/06/04,203,216,222,220,206,182,153,122,094,078,073,084,106,133,162,186,199,204,201,190,182,178,175,181
MA11,1970/06/05,194,208,217,223,214,197,172,138,108,084,072,073,088,112,142,168,189,199,199,193,184,176,173,175
MA11,1970/06/06,186,200,213,221,221,211,192,161,129,101,081,075,081,099,127,153,179,195,200,197,190,184,177,174
MA11,1970/06/07,180,192,205,216,222,220,204,180,151,122,099,087,083,093,114,139,164,185,195,197,193,184,176,171
MA11,1970/06/08,170,180,192,203,215,217,210,194,169,141,116,097,090,091,103,125,149,172,187,193,194,187,178,171
MA11,1970/06/09,169,171,181,191,202,212,211,202,182,159,138,115,101,099,105,120,142,163,181,193,197,193,185,178
MA11,1970/06/10,174,172,175,181,193,203,208,204,193,177,158,140,124,116,117,125,139,160,177,192,200,200,194,187
MA11,1970/06/11,180,177,9999,9999,9999,9999,9999,9999,9999,9999,9999,9999,9999,9999,9999,9999,9999,9999,9999,9999,9999,9999,9999,9999
MA11,1970/06/12,9999,9999,9999,9999,9999,9999,9999,9999,9999,9999,9999,9999,9999,9999,9999,9999,9999,9999,9999,9999,9999,9999,9999,9999
MA11,1970/06/13,9999,9999,9999,9999,9999,9999,9999,9999,9999,9999,9999,9999,9999,9999,9999,9999,9999,9999,9999,9999,9999,9999,9999,9999
MA11,1970/06/14,9999,9999,9999,9999,9999,9999,9999,9999,9999,9999,9999,9999,9999,9999,9999,9999,9999,9999,9999,9999,9999,9999,9999,9999
MA11,1970/06/15,9999,9999,9999,9999,9999,9999,9999,9999,9999,9999,9999,9999,9999,9999,9999,9999,9999,9999,9999,9999,9999,9999,9999,9999
MA11,1970/06/16,9999,9999,9999,9999,9999,9999,9999,9999,9999,9999,9999,9999,9999,9999,9999,9999,9999,9999,170,165,170,181,190,200
MA11,1970/06/17,206,204,197,177,156,135,111,096,091,094,109,131,153,174,189,197,196,191,184,179,178,183,192,202
MA11,1970/06/18,214,216,211,199,177,149,122,099,083,079,089,108,133,159,183,199,205,205,199,189,184,183,188,198
MA11,1970/06/19,210,221,225,217,199,173,142,113,089,076,079,091,112,140,172,195,210,220,217,210,202,198,199,206
MA11,1970/06/20,218,233,241,239,229,204,173,140,107,086,077,077,096,121,149,182,200,213,219,213,204,199,195,195
MA11,1970/06/21,205,220,232,240,237,224,198,165,133,100,081,074,083,101,128,158,184,204,213,212,208,199,190,187
MA11,1970/06/22,192,205,217,231,237,231,216,188,154,122,096,078,078,089,110,136,165,190,203,210,207,198,189,179
MA11,1970/06/23,179,188,198,213,228,230,222,206,178,146,119,094,085,087,099,123,148,171,192,201,203,199,188,175
MA11,1970/06/24,170,170,178,192,204,216,220,211,195,172,145,122,105,100,107,121,140,165,184,200,205,202,193,180
MA11,1970/06/25,170,165,163,170,184,198,208,210,201,189,172,150,134,120,119,128,143,163,181,198,207,210,203,191
MA11,1970/06/26,178,165,158,156,163,177,188,197,200,196,186,174,160,147,142,143,153,165,182,197,210,216,211,201
MA11,1970/06/27,187,171,156,145,143,149,159,170,179,185,186,182,175,167,159,155,157,168,180,193,205,213,214,209
MA11,1970/06/28,198,182,163,146,136,130,135,145,156,169,179,183,185,182,179,173,171,175,182,192,204,216,220,217
MA11,1970/06/29,210,194,176,155,137,123,119,119,127,139,154,168,178,182,184,182,179,179,180,188,197,207,213,217
MA11,1970/06/30,215,205,190,168,147,127,112,105,109,119,136,155,173,187,193,195,195,193,189,191,195,203,213,219
MA11,1970/07/01,221,220,207,187,166,141,120,105,098,103,118,136,157,179,193,201,202,200,197,193,192,198,206,214
MA11,1970/07/02,224,227,221,208,190,162,136,112,097,094,102,117,141,165,186,202,209,209,204,197,192,192,196,208
MA11,1970/07/03,218,227,231,224,208,187,159,129,106,094,091,103,128,153,180,201,211,215,211,204,197,193,193,199
MA11,1970/07/04,213,225,233,235,226,208,183,152,121,102,092,097,116,138,164,191,209,216,215,208,198,192,189,191
MA11,1970/07/05,203,215,228,237,235,223,201,171,114,113,099,095,104,127,153,179,202,214,217,210,201,192,186,183
MA11,1970/07/06,190,206,218,232,237,231,217,190,162,134,110,100,102,118,144,170,191,209,216,213,206,195,184,179
MA11,1970/07/07,181,190,204,219,228,233,222,202,178,151,124,110,105,112,130,155,179,201,211,211,204,193,180,171
MA11,1970/07/08,169,172,184,199,211,220,217,206,186,161,139,119,109,113,125,145,169,192,207,213,207,198,185,171
MA11,1970/07/09,166,167,173,183,199,209,214,209,195,177,156,137,125,122,131,145,167,189,204,213,213,205,193,179
MA11,1970/07/10,170,165,165,173,184,194,203,205,198,184,171,154,140,131,133,144,159,178,195,207,210,205,194,180
MA11,1970/07/11,168,157,153,154,161,173,183,190,192,186,179,168,156,149,147,151,163,178,192,206,215,215,207,193
MA11,1970/07/12,179,167,158,153,154,163,172,181,187,190,187,182,175,168,163,163,169,179,192,203,212,217,210,198
MA11,1970/07/13,186,171,155,146,142,143,149,159,168,176,181,185,183,181,178,176,178,184,193,205,216,219,219,213
MA11,1970/07/14,199,186,168,150,139,134,133,139,147,158,169,179,187,190,190,191,191,191,193,200,208,217,220,218
MA11,1970/07/15,210,198,179,160,143,128,119,117,122,133,149,166,182,192,199,203,201,199,198,199,202,211,216,217
MA11,1970/07/16,216,208,193,173,150,128,112,098,098,106,121,141,163,180,196,205,206,204,200,196,196,202,209,216
MA11,1970/07/17,222,220,211,195,173,148,122,100,088,086,098,117,142,169,190,206,212,213,208,202,198,200,205,214
MA11,1970/07/18,226,234,231,222,205,176,140,117,095,084,086,099,125,153,181,203,218,222,219,211,202,200,202,209
MA11,1970/07/19,221,238,246,242,232,211,179,145,115,092,085,090,106,135,165,192,213,224,222,217,206,196,191,195
MA11,1970/07/20,206,221,236,244,242,226,202,170,135,107,088,082,093,113,144,173,198,214,220,213,202,190,180,177
MA11,1970/07/21,184,200,218,234,242,240,223,196,162,128,105,090,092,106,128,158,187,207,216,214,204,191,177,163
MA11,1970/07/22,164,174,190,212,228,234,229,211,185,154,128,106,100,108,125,148,176,200,212,215,206,190,173,155
MA11,1970/07/23,147,150,160,179,199,214,218,213,196,172,148,128,115,114,128,144,168,195,208,214,214,200,181,163
MA11,1970/07/24,147,137,142,154,171,191,205,207,203,190,170,154,142,134,141,155,173,195,212,220,221,212,195,172
MA11,1970/07/25,156,139,135,138,149,166,183,193,199,193,184,173,163,156,158,167,179,197,212,223,228,223,208,189
MA11,1970/07/26,171,151,138,131,131,144,156,170,180,185,183,181,177,171,172,176,183,197,208,220,227,226,216,201
MA11,1970/07/27,184,166,148,134,127,128,135,146,156,167,175,179,181,181,182,184,187,193,204,211,220,224,219,210
MA11,1970/07/28,197,181,163,145,130,122,120,124,133,145,158,170,179,185,191,193,195,196,199,207,213,217,220,218
MA11,1970/07/29,211,201,184,164,145,127,116,113,117,126,143,157,172,185,193,198,200,198,196,199,202,209,214,218
MA11,1970/07/30,217,212,202,185,162,142,123,110,106,112,124,143,163,181,195,202,203,202,198,195,196,198,206,213
MA11,1970/07/31,219,222,218,205,187,160,136,116,100,099,108,124,147,169,186,200,206,202,197,190,185,186,192,201
MA11,1970/08/01,210,220,222,216,202,179,152,126,104,093,097,110,130,157,182,199,208,208,202,194,186,180,182,192
MA11,1970/08/02,206,218,227,229,219,200,177,147,121,103,095,104,122,147,174,196,210,212,207,196,186,176,173,179
MA11,1970/08/03,193,209,223,231,229,220,197,167,140,115,101,101,113,136,165,190,207,215,210,199,186,173,165,166
MA11,1970/08/04,174,191,209,221,228,224,207,183,154,126,111,103,109,130,155,181,205,216,215,205,191,177,163,157
MA11,1970/08/05,163,175,193,211,221,223,214,195,167,141,121,106,107,122,143,171,194,208,212,205,191,174,158,148
MA11,1970/08/06,148,158,172,190,206,215,217,204,184,160,137,123,119,126,146,169,191,210,219,216,200,183,165,151
MA11,1970/08/07,145,150,163,180,199,213,218,212,198,177,157,141,132,135,149,169,191,211,220,221,210,193,172,155
MA11,1970/08/08,145,141,149,161,175,194,203,203,198,183,166,153,142,138,150,163,184,203,214,218,211,196,177,158
MA11,1970/08/09,144,135,135,142,155,174,185,192,190,182,174,163,155,151,155,165,181,197,210,216,213,202,184,164
MA11,1970/08/10,147,134,128,129,138,152,163,174,179,181,179,173,167,166,169,176,188,200,213,221,223,216,203,184
MA11,1970/08/11,168,153,139,134,136,141,150,162,173,180,186,186,186,187,187,190,197,203,212,220,225,224,214,200
MA11,1970/08/12,185,169,152,140,132,131,134,140,152,163,173,181,190,194,196,199,201,205,210,216,221,224,222,215
MA11,1970/08/13,203,188,171,154,140,129,124,126,134,146,161,176,189,201,208,212,211,208,208,212,216,222,223,221
MA11,1970/08/14,218,206,191,172,149,128,116,108,106,115,130,150,170,191,204,213,215,211,206,204,204,207,214,221
MA11,1970/08/15,224,222,214,197,172,149,124,104,092,095,108,126,153,179,201,218,223,221,215,209,202,205,212,221
MA11,1970/08/16,232,240,237,229,211,180,148,122,100,092,096,107,133,161,188,209,219,218,210,198,189,183,184,196
MA11,1970/08/17,213,227,238,238,225,205,173,138,109,091,083,091,112,139,170,195,212,216,207,194,180,167,162,169
MA11,1970/08/18,185,206,225,237,237,226,201,170,134,109,095,094,108,134,165,193,214,224,218,204,184,165,150,152
MA11,1970/08/19,163,181,208,229,237,237,222,196,164,135,113,106,109,130,157,186,210,224,222,210,191,167,145,135
MA11,1970/08/20,138,152,179,202,222,235,232,215,189,160,139,125,122,137,160,186,212,227,227,219,200,174,150,132
MA11,1970/08/21,121,127,145,167,191,210,216,213,197,174,152,138,132,138,156,177,202,219,225,221,205,182,153,130
MA11,1970/08/22,116,113,122,141,161,184,200,203,196,184,171,158,150,152,163,182,202,218,226,227,215,196,170,146
MA11,1970/08/23,125,115,112,121,139,156,175,186,187,182,175,167,162,163,167,180,197,213,222,227,223,209,188,165
MA11,1970/08/24,143,128,118,116,124,138,152,164,176,178,176,174,172,170,176,182,193,207,216,221,223,214,198,182
MA11,1970/08/25,163,145,133,122,120,126,134,144,157,165,170,175,177,179,184,188,193,202,207,212,219,215,207,199
MA11,1970/08/26,183,167,152,136,126,123,124,129,139,150,161,171,180,186,192,195,196,198,200,205,210,211,210,206
MA11,1970/08/27,198,189,175,157,141,129,122,120,124,132,147,163,177,189,195,199,200,198,196,196,198,203,206,210
MA11,1970/08/28,210,205,197,182,162,142,127,117,115,119,133,152,170,186,199,205,205,200,194,190,190,192,199,207
MA11,1970/08/29,213,218,214,202,185,164,141,126,114,114,126,142,164,186,202,213,216,210,202,194,187,187,192,202
MA11,1970/08/30,217,226,231,226,211,191,164,139,123,116,122,136,159,182,202,216,221,214,201,189,179,173,175,187
MA11,1970/08/31,201,218,229,231,223,204,180,154,131,116,117,128,150,175,198,218,227,222,209,194,180,174,168,176
MA11,1970/09/01,192,209,226,235,236,223,202,173,147,128,122,125,143,169,194,214,226,226,212,195,177,164,155,158
MA11,1970/09/02,172,192,213,228,235,230,213,189,160,140,126,125,141,160,188,213,227,231,220,202,182,162,148,148
MA11,1970/09/03,157,177,200,219,231,235,224,204,179,153,135,133,137,158,183,206,226,233,223,208,185,162,145,136
MA11,1970/09/04,140,156,177,200,217,226,226,212,189,169,150,140,140,156,179,202,220,231,227,214,193,169,144,134
MA11,1970/09/05,132,140,161,184,204,217,223,217,200,181,166,153,150,162,177,201,221,230,232,221,201,178,152,135
MA11,1970/09/06,128,132,144,164,182,200,214,210,202,190,175,166,164,166,180,199,216,227,230,224,207,184,162,140
MA11,1970/09/07,127,125,132,144,164,182,195,200,200,194,184,178,174,174,184,196,210,224,230,226,216,195,173,153
MA11,1970/09/08,137,128,126,133,145,161,176,186,190,191,190,185,183,184,188,198,210,220,226,228,222,207,188,169
MA11,1970/09/09,150,138,130,127,133,142,156,166,176,184,189,191,193,195,199,204,210,219,224,228,227,220,206,190
MA11,1970/09/10,174,159,146,136,133,135,142,150,162,174,184,194,200,206,211,214,216,218,220,223,226,222,216,207
MA11,1970/09/11,194,180,164,146,134,128,125,126,135,148,162,179,194,204,210,214,213,211,210,210,212,214,216,215
MA11,1970/09/12,210,204,189,170,152,136,124,118,121,131,149,170,189,206,220,224,222,216,210,205,206,209,215,224
MA11,1970/09/13,231,232,223,207,184,160,137,121,114,117,130,153,177,199,215,224,222,212,198,188,181,181,190,203
MA11,1970/09/14,215,226,229,219,201,174,145,122,104,100,106,126,153,178,201,217,218,208,193,176,162,159,162,179
MA11,1970/09/15,199,219,234,237,229,208,180,149,126,112,112,124,149,176,203,221,224,219,198,177,156,140,139,149
MA11,1970/09/16,168,197,220,234,235,224,203,172,144,122,116,124,142,167,194,218,228,222,205,181,153,131,119,122
MA11,1970/09/17,140,168,197,221,233,232,219,196,168,145,132,134,146,167,196,220,233,234,220,197,168,138,118,114
MA11,1970/09/18,122,143,177,205,228,239,235,222,201,179,163,156,162,178,202,223,240,246,235,213,186,153,126,110
MA11,1970/09/19,108,121,145,172,197,215,224,217,204,187,173,164,164,176,195,219,234,242,237,220,196,166,135,115
MA11,1970/09/20,104,105,121,143,166,187,204,207,200,189,179,171,169,176,192,211,227,236,238,227,207,183,155,131
MA11,1970/09/21,114,105,110,126,144,165,183,192,194,190,184,180,177,179,189,203,219,229,234,231,220,200,177,157
MA11,1970/09/22,136,125,121,125,140,155,172,186,194,196,195,192,190,190,196,205,214,223,229,232,224,211,194,176
MA11,1970/09/23,158,144,132,126,129,137,151,163,173,181,187,190,192,194,197,201,207,212,216,222,222,216,207,195
MA11,1970/09/24,182,169,157,145,137,138,142,149,161,171,180,189,197,199,9999,9999,9999,9999,9999,9999,9999,9999,9999,9999
MA11,1970/09/25,9999,9999,9999,9999,9999,9999,9999,9999,9999,9999,9999,9999,9999,9999,9999,9999,9999,9999,9999,9999,9999,9999,9999,9999
MA11,1970/09/26,9999,9999,9999,9999,9999,9999,9999,9999,9999,9999,9999,9999,9999,9999,9999,9999,9999,9999,9999,9999,9999,9999,9999,9999
MA11,1970/09/27,9999,9999,9999,9999,9999,9999,9999,9999,9999,9999,9999,9999,9999,9999,9999,9999,9999,9999,9999,9999,9999,9999,9999,9999
MA11,1970/09/28,9999,9999,9999,9999,9999,9999,9999,9999,9999,9999,9999,9999,9999,9999,9999,9999,9999,9999,9999,9999,9999,9999,9999,9999
MA11,1970/09/29,9999,9999,9999,9999,9999,9999,9999,9999,9999,9999,9999,9999,9999,9999,9999,9999,9999,9999,9999,9999,9999,9999,9999,9999
MA11,1970/09/30,9999,9999,9999,9999,9999,9999,9999,9999,9999,9999,9999,9999,9999,9999,9999,9999,9999,9999,9999,9999,9999,9999,9999,9999
MA11,1970/10/01,9999,9999,9999,9999,9999,9999,9999,9999,9999,9999,9999,9999,9999,9999,9999,9999,9999,9999,9999,9999,9999,9999,9999,9999
MA11,1970/10/02,9999,9999,9999,9999,9999,9999,9999,9999,9999,9999,9999,9999,9999,9999,9999,9999,9999,9999,9999,9999,9999,9999,9999,9999
MA11,1970/10/03,9999,9999,9999,9999,9999,9999,9999,9999,9999,9999,9999,9999,9999,9999,9999,216,226,226,212,186,159,132,111,102
MA11,1970/10/04,106,124,145,171,196,210,214,206,194,180,169,163,165,178,196,216,228,230,220,202,175,147,125,110
MA11,1970/10/05,107,117,136,160,185,204,214,213,207,196,184,180,180,186,201,219,230,236,232,214,193,165,139,121
MA11,1970/10/06,110,111,123,139,160,182,196,202,201,197,190,185,182,187,198,211,222,229,228,218,201,177,153,131
MA11,1970/10/07,116,110,110,120,135,154,169,181,187,188,188,185,184,185,192,202,212,218,221,217,206,187,168,147
MA11,1970/10/08,130,118,112,114,122,133,147,160,170,178,184,188,190,190,194,199,204,210,212,214,208,198,185,169
MA11,1970/10/09,152,139,126,118,117,121,131,142,153,167,176,187,193,197,199,202,200,200,203,205,205,203,199,190
MA11,1970/10/10,179,165,149,138,127,120,120,126,138,153,167,184,195,200,204,204,196,192,189,188,192,196,199,198
MA11,1970/10/11,195,188,176,159,141,127,120,116,123,136,153,173,188,200,204,202,193,180,172,168,170,175,186,196
MA11,1970/10/12,204,208,202,185,168,146,130,123,122,129,147,168,186,204,213,215,204,187,170,158,154,158,173,190
MA11,1970/10/13,208,223,226,219,204,183,160,142,134,134,148,168,189,210,224,226,218,196,170,148,134,130,141,161
MA11,1970/10/14,184,208,225,229,222,205,181,158,144,138,143,161,184,205,224,230,223,204,176,147,124,112,115,132
MA11,1970/10/15,158,188,215,229,234,226,204,185,166,154,157,168,188,212,232,242,240,224,194,161,129,108,100,109
MA11,1970/10/16,133,162,192,217,232,231,221,202,182,169,164,168,186,208,227,242,245,231,206,174,140,109,095,093
MA11,1970/10/17,106,137,166,194,220,230,227,217,200,185,179,180,190,207,230,246,253,248,230,202,167,135,109,100
MA11,1970/10/18,103,122,147,176,205,223,228,225,214,201,192,190,194,207,226,241,251,252,238,215,187,154,126,106
MA11,1970/10/19,101,112,129,154,182,203,216,221,216,206,197,194,193,201,216,230,240,244,239,223,199,173,143,121
MA11,1970/10/20,109,106,115,133,155,175,194,202,205,203,197,192,192,194,205,217,226,234,233,222,207,186,160,138
MA11,1970/10/21,121,114,114,121,137,153,171,185,193,194,194,193,190,190,197,203,212,217,220,216,207,194,175,155
MA11,1970/10/22,139,128,121,121,128,140,155,168,180,185,187,190,190,190,193,196,200,204,206,208,205,199,188,174
MA11,1970/10/23,161,148,137,132,130,134,143,153,166,178,187,190,192,194,194,194,194,194,196,198,199,198,195,187
MA11,1970/10/24,179,170,158,149,142,138,143,150,160,174,187,196,201,203,202,200,194,190,187,186,188,192,195,197
MA11,1970/10/25,198,194,183,170,160,150,146,150,157,168,185,200,207,212,211,204,197,187,179,176,176,183,194,202
MA11,1970/10/26,208,212,210,197,185,173,162,157,157,164,181,198,207,214,217,209,197,181,167,157,155,159,169,183
MA11,1970/10/27,194,204,205,199,189,174,156,147,143,151,166,183,199,210,216,211,198,179,160,144,136,137,148,164
MA11,1970/10/28,186,204,213,213,206,191,175,162,154,154,166,185,202,217,228,226,211,191,166,144,133,130,137,155
MA11,1970/10/29,178,200,217,225,224,212,193,177,165,158,167,182,199,216,228,228,218,196,169,144,122,115,117,130
MA11,1970/10/30,155,182,205,220,228,222,206,189,175,166,165,178,194,210,226,231,222,204,175,145,120,105,100,109
MA11,1970/10/31,131,158,184,209,222,225,216,202,186,174,171,177,189,206,224,232,230,214,187,156,125,103,092,092
MA11,1970/11/01,108,136,162,188,210,218,217,208,193,181,175,175,183,200,218,229,233,221,199,172,140,113,094,087
MA11,1970/11/02,096,115,141,168,196,211,215,213,202,189,183,179,183,197,214,227,234,229,212,187,156,126,103,089
MA11,1970/11/03,089,101,122,144,172,195,205,209,206,198,190,188,187,195,209,222,232,232,224,204,177,152,124,104
MA11,1970/11/04,097,101,110,133,156,178,196,206,209,206,200,198,195,198,209,220,228,233,230,218,200,175,148,129
MA11,1970/11/05,115,108,112,125,144,164,182,198,207,208,206,206,202,203,210,216,224,230,231,226,214,197,175,155
MA11,1970/11/06,137,126,122,125,137,152,169,187,199,206,211,212,210,210,210,212,216,219,222,222,218,209,196,179
MA11,1970/11/07,162,148,138,134,136,142,151,168,181,193,203,207,207,205,201,199,197,193,196,199,199,200,196,187
MA11,1970/11/08,176,163,149,139,131,131,137,145,159,177,189,198,203,203,199,192,182,175,171,171,178,185,191,194
MA11,1970/11/09,191,184,173,159,147,139,135,141,151,163,180,193,200,202,197,187,171,158,147,143,149,158,171,185
MA11,1970/11/10,193,195,192,181,167,154,143,143,148,161,178,195,209,217,215,205,188,166,149,139,137,147,163,184
MA11,1970/11/11,202,217,223,216,203,190,176,164,163,171,194,205,221,228,227,215,193,167,139,119,110,111,127,150
MA11,1970/11/12,173,198,213,215,211,197,182,172,164,164,176,191,206,220,225,219,201,174,141,114,093,087,093,113
MA11,1970/11/13,143,173,199,213,218,213,199,187,177,172,177,192,208,225,233,234,217,193,161,127,101,086,084,097
MA11,1970/11/14,121,153,186,208,220,222,215,205,192,184,184,193,207,224,237,240,236,212,180,147,113,090,080,082
MA11,1970/11/15,101,128,160,189,208,215,216,210,200,188,185,189,199,214,232,240,239,228,203,172,140,109,091,084
MA11,1970/11/16,088,110,139,167,192,209,214,212,202,192,187,186,192,207,223,234,240,236,215,188,158,127,100,086
MA11,1970/11/17,084,094,118,142,168,190,202,205,200,191,184,180,180,189,203,215,224,224,214,196,170,143,117,096
MA11,1970/11/18,087,088,104,124,145,168,185,193,194,188,183,179,176,180,192,203,214,219,216,204,186,162,139,118
MA11,1970/11/19,104,100,105,118,137,158,176,190,194,192,189,184,182,183,187,195,204,209,211,208,195,181,164,144
MA11,1970/11/20,129,120,120,126,140,158,177,194,205,209,208,204,200,196,196,199,204,208,212,211,208,200,186,173
MA11,1970/11/21,160,149,142,141,148,158,173,190,202,210,214,211,209,202,195,193,193,192,194,196,197,196,190,184
MA11,1970/11/22,174,163,154,148,147,154,164,176,190,200,208,208,205,200,192,185,178,175,175,177,181,186,189,188
MA11,1970/11/23,186,180,173,164,159,157,162,172,185,198,206,211,210,206,197,185,176,165,160,159,161,170,178,185
MA11,1970/11/24,191,191,186,177,168,162,159,165,174,186,197,206,207,202,197,183,166,152,140,134,138,146,158,172
MA11,1970/11/25,182,188,190,184,174,166,159,156,163,175,188,198,205,207,200,185,166,146,128,117,114,122,135,152
MA11,1970/11/26,172,187,198,197,192,184,174,168,170,177,189,203,214,220,219,205,185,160,138,122,111,116,130,148
MA11,1970/11/27,173,194,210,219,216,208,200,190,184,189,198,209,223,234,235,227,206,179,150,125,110,108,114,132
MA11,1970/11/28,157,182,206,222,226,223,213,200,191,189,194,207,220,234,240,234,214,188,158,127,104,094,093,106
MA11,1970/11/29,130,158,187,211,224,229,222,214,204,197,199,206,218,232,242,244,235,211,182,150,124,104,093,100
MA11,1970/11/30,117,141,173,198,217,228,228,220,212,203,197,201,210,224,238,244,240,223,196,163,131,103,087,083
MA11,1970/12/01,092,111,141,170,196,212,218,218,212,203,196,194,198,210,226,237,240,230,211,180,149,117,095,084
MA11,1970/12/02,085,098,124,150,178,202,215,221,217,212,205,201,205,216,229,241,252,253,239,219,194,164,137,114
MA11,1970/12/03,104,108,122,143,167,195,214,223,224,222,216,207,204,204,213,228,240,244,242,229,208,182,156,132
MA11,1970/12/04,118,113,118,134,153,174,195,210,215,216,210,201,196,191,193,202,213,220,222,218,206,189,168,145
MA11,1970/12/05,128,116,116,123,138,158,178,194,204,209,208,202,193,187,184,184,191,198,205,209,207,199,184,166
MA11,1970/12/06,150,139,131,128,134,148,164,180,194,202,205,201,192,184,176,170,169,172,177,185,190,192,189,181
MA11,1970/12/07,167,157,147,140,140,149,159,174,188,199,208,206,201,193,179,168,160,154,157,166,177,187,194,196
MA11,1970/12/08,193,189,180,171,167,168,175,184,199,212,222,224,220,210,197,179,163,147,142,143,151,164,176,188
MA11,1970/12/09,197,200,197,191,181,176,176,180,190,202,213,222,222,216,201,182,159,137,122,114,118,129,144,164
MA11,1970/12/10,181,194,201,199,192,188,182,180,186,194,206,216,221,221,213,192,168,142,115,100,094,098,115,137
MA11,1970/12/11,159,181,196,200,202,194,187,184,182,187,198,208,216,220,216,204,181,152,119,095,079,075,082,104
MA11,1970/12/12,131,158,181,195,200,200,194,187,181,180,186,197,210,219,225,220,203,176,143,114,092,079,081,098
MA11,1970/12/13,119,148,180,202,216,225,217,211,204,198,202,208,220,235,246,246,239,216,186,153,123,104,094,094
MA11,1970/12/14,113,138,166,195,208,217,219,213,203,197,193,197,206,219,232,240,237,224,197,165,136,108,091,088
MA11,1970/12/15,094,118,147,175,203,216,223,220,208,200,196,192,197,211,226,236,241,233,214,189,157,128,104,092
MA11,1970/12/16,092,106,132,158,184,205,214,214,209,198,192,186,186,197,211,224,233,232,221,201,174,146,119,101
MA11,1970/12/17,096,102,119,144,168,193,208,214,210,204,195,185,183,192,202,214,228,235,231,219,200,177,152,130
MA11,1970/12/18,118,120,128,147,170,190,208,217,216,211,202,192,187,185,188,202,212,216,219,214,199,180,160,138
MA11,1970/12/19,125,118,119,130,147,168,189,200,204,203,195,183,176,170,170,176,184,191,197,199,194,184,170,153
MA11,1970/12/20,139,130,130,135,147,166,184,198,206,206,200,189,180,172,166,166,172,178,183,188,188,183,176,166
MA11,1970/12/21,154,145,140,139,146,159,175,189,199,204,201,193,182,173,162,157,155,157,161,166,172,176,176,170
MA11,1970/12/22,163,157,151,150,150,156,170,183,195,206,208,200,194,185,172,162,154,151,153,155,162,170,174,177
MA11,1970/12/23,180,177,172,171,168,169,178,188,197,207,210,209,202,189,176,163,148,138,132,132,137,148,159,170
MA11,1970/12/24,178,182,186,184,182,180,184,188,197,204,212,214,213,206,191,173,153,135,122,115,116,125,141,154
MA11,1970/12/25,172,183,189,192,188,184,183,182,186,195,203,208,211,206,199,182,160,136,116,102,096,101,115,133
MA11,1970/12/26,154,174,189,195,196,192,187,182,181,186,195,204,210,212,206,193,174,146,120,098,086,084,094,110
MA11,1970/12/27,135,161,182,195,201,202,196,189,184,183,187,196,206,212,213,206,185,158,129,100,075,065,066,078
MA11,1970/12/28,103,131,158,179,182,199,196,189,180,176,177,184,197,210,216,217,205,180,149,117,086,069,060,062
MA11,1970/12/29,084,110,140,169,188,200,204,197,188,181,176,179,188,204,216,223,219,200,176,140,106,080,060,054
MA11,1970/12/30,067,087,119,149,172,192,200,196,188,178,166,164,172,184,201,216,219,213,192,162,129,097,075,060
MA11,1970/12/31,058,076,102,129,160,182,195,201,194,186,177,167,167,180,196,212,227,226,216,197,165,137,107,084
