MA11,1969/01/01,171,192,207,213,214,213,208,204,206,210,216,223,231,235,232,219,203,176,149,130,118,116,122,138
MA11,1969/01/02,160,184,204,216,221,221,214,208,205,206,210,216,224,234,234,228,212,186,159,132,113,103,104,117
MA11,1969/01/03,139,168,192,210,222,226,222,214,208,206,206,210,223,233,239,241,229,205,177,147,120,104,098,102
MA11,1969/01/04,123,148,174,197,213,220,219,212,203,198,196,198,208,219,235,241,237,219,193,165,135,111,095,094
MA11,1969/01/05,106,129,156,179,201,215,218,212,204,198,191,187,197,211,224,237,239,230,208,179,151,124,100,092
MA11,1969/01/06,097,116,143,166,193,212,217,215,208,198,189,182,183,196,212,224,233,230,214,193,165,137,113,096
MA11,1969/01/07,095,108,132,156,184,207,217,218,213,204,193,183,182,189,204,218,230,232,224,208,183,155,126,108
MA11,1969/01/08,100,103,124,144,168,192,206,210,209,198,186,174,165,170,181,192,206,216,214,205,189,165,141,119
MA11,1969/01/09,103,101,112,130,153,178,195,204,204,198,182,168,158,154,158,167,180,191,196,193,186,171,150,132
MA11,1969/01/10,118,110,114,125,143,166,183,194,201,197,186,171,156,150,146,151,161,172,180,187,188,179,168,153
MA11,1969/01/11,138,129,129,134,149,168,185,197,207,206,197,181,165,154,146,144,150,158,165,176,181,180,177,170
MA11,1969/01/12,161,152,152,150,156,172,187,199,210,213,209,197,178,166,152,142,141,142,146,155,162,170,178,176
MA11,1969/01/13,175,172,167,164,166,174,186,195,203,211,211,202,190,171,153,138,126,118,117,123,131,144,158,168
MA11,1969/01/14,175,179,182,179,180,185,191,200,209,215,220,214,204,193,175,156,139,120,112,108,113,127,141,158
MA11,1969/01/15,175,188,198,200,200,198,198,200,202,212,218,218,219,207,193,174,149,122,102,090,088,096,110,128
MA11,1969/01/16,152,173,190,199,203,202,197,193,195,200,207,213,216,215,206,192,170,137,108,087,072,068,076,095
MA11,1969/01/17,120,148,172,188,199,200,199,192,188,188,194,203,212,220,221,215,196,168,133,104,080,067,064,074
MA11,1969/01/18,098,126,156,179,197,207,205,199,191,185,184,192,202,214,226,227,218,197,162,127,096,071,059,059
MA11,1969/01/19,077,102,134,161,184,198,204,198,189,180,174,176,188,200,218,232,228,215,191,157,120,093,069,062
MA11,1969/01/20,068,087,118,146,173,195,201,197,186,173,163,158,163,178,197,215,226,224,209,183,150,118,091,074
MA11,1969/01/21,074,086,108,139,166,188,202,202,194,182,168,155,154,162,178,200,217,221,217,201,174,147,118,098
MA11,1969/01/22,088,092,111,134,158,183,199,202,197,183,168,153,140,141,154,172,191,204,207,202,185,163,140,117
MA11,1969/01/23,106,105,116,135,160,182,203,212,210,200,182,167,153,144,145,158,173,189,199,201,194,182,162,147
MA11,1969/01/24,126,119,130,140,158,184,198,208,210,198,183,166,147,134,128,131,146,157,170,180,178,172,161,148
MA11,1969/01/25,136,132,134,142,156,174,193,204,208,204,192,174,155,137,128,125,130,138,150,160,170,173,165,159
MA11,1969/01/26,155,152,152,155,163,177,192,202,210,208,200,188,175,157,143,134,130,130,135,147,156,162,168,169
MA11,1969/01/27,166,167,174,176,179,189,200,213,220,224,218,206,191,178,164,148,135,126,122,126,135,146,154,162
MA11,1969/01/28,168,174,178,180,181,183,189,194,197,200,202,197,190,181,167,153,139,123,113,112,117,126,138,148
MA11,1969/01/29,160,172,178,184,185,186,187,190,190,194,198,200,198,191,180,176,148,131,114,104,101,108,120,135
MA11,1969/01/30,154,168,181,188,190,191,190,186,184,188,193,196,198,200,193,182,163,141,119,099,088,087,093,109
MA11,1969/01/31,130,151,169,182,190,192,185,180,176,175,180,186,194,201,207,200,186,166,139,117,100,093,097,110
MA11,1969/02/01,132,158,187,203,210,216,209,198,190,186,187,194,203,212,216,214,202,182,155,126,101,088,084,090
MA11,1969/02/02,112,136,160,181,194,200,193,185,172,166,166,172,182,195,208,216,211,192,166,137,106,085,072,075
MA11,1969/02/03,092,116,144,169,185,193,193,179,164,157,151,150,160,179,197,207,209,196,172,147,115,087,071,065
MA11,1969/02/04,079,102,128,155,179,191,191,183,165,153,145,139,145,164,182,200,213,209,195,175,143,117,097,085
MA11,1969/02/05,094,113,120,169,195,213,219,215,201,184,170,163,161,170,195,210,223,229,218,198,172,145,119,105
MA11,1969/02/06,101,110,130,155,183,202,205,201,188,169,151,136,129,135,153,172,188,201,202,191,171,151,126,105
MA11,1969/02/07,100,103,118,140,166,189,199,199,188,172,152,134,123,120,131,149,166,183,192,189,179,163,144,125
MA11,1969/02/08,117,117,127,145,166,189,204,207,201,185,164,146,129,119,126,137,152,170,182,187,187,179,163,153
MA11,1969/02/09,142,136,143,151,168,187,201,207,204,190,170,149,129,114,110,113,123,137,150,159,165,166,159,152
MA11,1969/02/10,146,144,144,150,161,179,192,201,200,192,178,158,137,121,110,107,107,115,126,136,148,155,156,156
MA11,1969/02/11,157,157,158,162,168,179,190,198,201,196,186,171,154,135,119,110,101,100,104,112,124,137,145,155
MA11,1969/02/12,163,170,176,177,180,187,192,200,204,202,199,191,176,159,144,125,109,102,092,088,097,108,120,137
MA11,1969/02/13,154,165,178,182,184,185,185,187,193,193,195,195,189,179,168,149,127,109,093,081,081,088,101,118
MA11,1969/02/14,142,163,181,193,197,197,195,193,191,196,202,210,216,210,205,193,168,143,117,092,082,078,082,102
MA11,1969/02/15,124,149,174,185,196,194,188,178,174,171,176,186,196,204,206,200,180,154,124,091,072,060,060,074
MA11,1969/02/16,096,126,154,175,188,190,184,172,160,153,158,165,178,197,207,212,206,185,154,123,095,074,066,071
MA11,1969/02/17,091,119,147,171,188,196,191,177,161,148,141,148,9999,9999,9999,9999,9999,9999,9999,9999,9999,9999,9999,9999
MA11,1969/02/18,9999,9999,9999,9999,9999,9999,9999,9999,9999,9999,9999,9999,9999,9999,9999,211,224,225,208,183,153,125,107,092
MA11,1969/02/19,102,120,142,172,196,210,214,201,181,159,140,129,131,144,169,196,212,219,215,197,173,146,121,108
MA11,1969/02/20,106,120,145,169,191,208,214,203,186,164,140,125,120,122,142,168,190,204,207,202,186,163,142,126
MA11,1969/02/21,120,128,145,166,189,209,216,211,199,174,151,132,118,114,124,146,167,183,194,194,185,170,154,140
MA11,1969/02/22,133,133,147,167,184,202,214,210,201,181,156,138,120,106,112,126,140,158,170,176,176,170,157,146
MA11,1969/02/23,140,139,148,158,170,191,202,202,200,181,161,141,123,108,104,109,121,135,147,159,163,161,158,152
MA11,1969/02/24,148,149,153,163,175,187,197,204,202,191,175,159,142,126,117,115,119,125,138,149,157,163,164,164
MA11,1969/02/25,164,164,167,170,177,185,195,201,200,194,181,166,151,138,121,113,104,105,110,117,128,136,142,148
MA11,1969/02/26,152,156,161,162,167,174,177,181,183,182,177,168,157,145,132,120,109,101,097,101,107,116,127,138
MA11,1969/02/27,148,158,165,168,172,174,175,177,178,178,178,178,173,163,157,145,129,116,105,101,103,113,125,141
MA11,1969/02/28,157,172,183,188,189,189,188,183,183,187,189,193,195,190,184,175,157,138,115,101,098,097,109,128
MA11,1969/03/01,144,165,178,182,185,180,174,167,165,163,167,175,184,182,185,168,162,141,116,094,081,076,084,101
MA11,1969/03/02,123,148,164,175,182,177,172,162,152,147,153,162,174,184,192,193,181,162,136,110,091,079,079,093
MA11,1969/03/03,117,143,167,184,190,189,177,164,153,143,143,152,165,180,194,201,197,179,153,126,101,081,075,080
MA11,1969/03/04,101,129,154,176,187,187,181,165,147,133,127,133,147,166,190,207,212,204,188,162,135,114,100,099
MA11,1969/03/05,118,125,172,196,212,214,205,186,163,144,132,130,141,160,183,204,214,213,198,173,144,121,101,094
MA11,1969/03/06,101,121,149,174,193,203,199,181,157,135,118,111,117,134,160,185,205,214,207,192,166,141,119,105
MA11,1969/03/07,108,125,148,174,196,206,203,188,162,136,116,101,098,110,133,158,183,199,202,195,178,155,136,124
MA11,1969/03/08,120,130,150,169,192,208,208,198,176,145,122,102,091,094,110,134,159,178,190,194,181,167,151,136
MA11,1969/03/09,131,138,149,167,189,207,213,207,187,162,135,112,096,091,102,116,136,157,175,183,185,179,167,159
MA11,1969/03/10,153,154,162,175,191,205,217,216,200,179,154,130,108,094,089,097,109,124,141,155,163,165,161,156
MA11,1969/03/11,155,155,160,167,179,192,200,203,196,180,161,140,118,099,088,086,091,100,113,126,138,146,155,158
MA11,1969/03/12,160,164,169,175,184,192,199,207,208,200,188,176,160,144,133,126,125,126,135,148,163,178,191,200
MA11,1969/03/13,209,216,218,220,218,219,223,226,225,220,213,202,186,170,152,136,120,108,102,100,104,117,132,149
MA11,1969/03/14,164,176,185,188,188,187,186,186,186,185,190,190,185,178,166,148,133,114,101,090,089,098,111,131
MA11,1969/03/15,150,169,183,189,186,181,172,168,162,165,173,180,186,189,183,173,154,131,108,091,082,080,092,108
MA11,1969/03/16,132,155,174,185,189,183,171,160,149,148,154,168,182,194,200,198,185,162,138,113,096,090,094,109
MA11,1969/03/17,134,163,186,200,204,198,184,168,153,146,149,160,178,197,212,218,212,191,165,138,113,095,092,101
MA11,1969/03/18,122,146,172,188,198,192,176,156,135,118,116,121,140,165,189,206,208,196,176,149,122,103,092,096
MA11,1969/03/19,114,138,166,186,198,197,183,162,137,113,102,104,119,142,172,198,211,212,196,177,153,132,115,114
MA11,1969/03/20,126,148,175,196,211,213,203,180,153,126,108,101,106,129,157,185,205,214,210,196,176,157,140,132
MA11,1969/03/21,145,165,188,210,230,237,229,210,183,155,132,116,114,125,151,177,203,220,224,216,202,184,167,158
MA11,1969/03/22,154,167,186,207,225,235,233,216,193,164,138,116,106,108,123,148,171,188,201,201,193,182,169,159
MA11,1969/03/23,154,160,174,194,212,223,226,215,195,169,144,121,106,102,109,124,146,165,178,188,190,180,171,163
MA11,1969/03/24,156,159,170,182,198,209,214,208,192,170,150,127,109,100,099,109,126,142,156,168,172,172,166,161
MA11,1969/03/25,161,162,167,178,190,200,206,206,197,182,164,144,123,112,106,108,116,128,142,156,162,166,166,166
MA11,1969/03/26,166,168,173,189,187,198,202,203,197,184,172,158,141,128,118,114,117,122,132,142,150,158,163,168
MA11,1969/03/27,172,174,178,181,185,189,194,196,191,187,191,171,161,148,137,129,121,117,119,125,135,146,155,164
MA11,1969/03/28,171,178,181,183,179,177,175,178,179,179,179,175,169,159,149,137,124,114,106,106,113,123,135,151
MA11,1969/03/29,162,173,180,179,178,176,170,170,169,169,175,178,179,177,168,158,144,128,114,108,109,118,132,151
MA11,1969/03/30,169,185,193,195,192,184,177,171,167,167,176,186,193,198,198,189,173,154,136,122,114,116,126,144
MA11,1969/03/31,163,183,195,199,194,185,171,158,148,145,151,164,180,190,196,195,180,160,136,114,102,100,105,123
MA11,1969/04/01,148,169,187,194,191,179,165,148,133,125,130,144,165,183,197,203,198,179,157,132,113,105,106,118
MA11,1969/04/02,142,166,186,196,195,182,164,142,122,109,111,122,140,167,188,201,204,192,171,146,123,106,101,111
MA11,1969/04/03,130,153,175,191,193,185,165,137,111,092,086,094,111,137,165,187,202,199,182,164,141,119,111,114
MA11,1969/04/04,131,156,179,197,207,201,185,159,130,105,093,093,105,131,161,192,213,224,222,207,190,172,154,154
MA11,1969/04/05,165,183,209,229,239,241,223,198,164,133,115,105,104,118,143,169,192,209,215,209,197,179,163,154
MA11,1969/04/06,160,171,188,208,219,226,216,193,162,129,100,085,081,085,107,134,157,181,195,195,195,183,169,165
MA11,1969/04/07,165,169,187,203,215,225,218,201,177,145,117,094,079,078,087,105,127,149,165,178,181,177,171,166
MA11,1969/04/08,165,169,177,192,205,215,217,211,189,166,143,116,099,090,089,102,117,134,155,168,177,183,178,177
MA11,1969/04/09,181,182,188,199,209,220,225,221,209,193,173,150,131,115,107,108,114,124,136,153,165,173,179,183
MA11,1969/04/10,186,189,191,193,199,204,207,211,205,194,182,165,147,131,117,109,106,107,111,123,136,147,157,167
MA11,1969/04/11,9999,9999,9999,9999,9999,9999,9999,9999,9999,9999,9999,9999,9999,9999,9999,9999,9999,9999,9999,9999,9999,9999,9999,9999
MA11,1969/04/12,9999,9999,9999,9999,9999,9999,9999,9999,9999,9999,9999,9999,9999,9999,9999,9999,9999,9999,9999,9999,9999,9999,9999,9999
MA11,1969/04/13,9999,9999,9999,9999,9999,9999,9999,9999,9999,9999,9999,9999,9999,9999,9999,9999,9999,9999,9999,9999,9999,9999,9999,9999
MA11,1969/04/14,9999,9999,9999,9999,9999,9999,9999,9999,9999,9999,9999,9999,181,194,201,198,187,168,147,128,120,123,132,150
MA11,1969/04/15,173,189,205,207,199,185,163,141,127,123,132,149,171,192,207,213,206,191,171,151,135,130,132,147
MA11,1969/04/16,168,187,203,208,202,185,160,137,114,100,101,117,138,165,188,201,204,195,178,158,142,131,126,138
MA11,1969/04/17,159,177,198,208,206,194,171,144,114,096,090,098,119,146,174,197,208,208,195,177,162,146,138,143
MA11,1969/04/18,161,180,198,211,213,203,183,152,122,098,083,084,097,121,151,176,199,205,199,189,173,160,153,150
MA11,1969/04/19,160,180,197,211,219,213,195,170,136,107,087,079,086,102,127,156,180,193,195,188,178,167,155,151
MA11,1969/04/20,156,168,186,199,207,208,194,172,143,113,089,077,073,083,104,129,154,175,183,183,178,166,156,151
MA11,1969/04/21,155,164,178,192,203,207,201,185,158,134,107,091,083,085,098,121,145,163,179,186,185,181,172,167
MA11,1969/04/22,167,172,183,196,206,213,213,199,180,155,131,113,100,097,100,113,132,150,166,176,178,176,172,164
MA11,1969/04/23,165,167,173,182,191,197,199,194,180,161,141,122,105,095,096,102,113,132,145,158,168,170,169,168
MA11,1969/04/24,166,168,171,177,183,189,193,192,183,172,156,141,126,115,109,108,113,122,134,148,162,170,172,175
MA11,1969/04/25,177,178,179,180,184,188,191,192,188,182,175,163,150,139,129,123,122,126,134,146,159,170,178,182
MA11,1969/04/26,185,186,185,182,182,180,180,179,177,178,176,169,162,150,128,129,120,118,117,124,136,149,160,168
MA11,1969/04/27,168,179,178,176,169,163,161,160,161,164,169,172,172,168,160,148,137,127,120,122,131,143,158,173
MA11,1969/04/28,184,189,189,183,173,163,155,149,147,152,161,171,177,180,177,166,154,138,123,119,121,131,148,165
MA11,1969/04/29,182,193,194,188,174,159,143,133,128,133,144,159,176,185,193,189,175,159,141,129,128,133,146,163
MA11,1969/04/30,184,198,205,201,185,168,149,132,120,120,133,152,173,192,205,207,200,184,164,147,138,138,147,163
MA11,1969/05/01,185,204,212,211,196,174,148,125,104,096,102,120,144,170,193,207,208,200,183,165,150,141,144,155
MA11,1969/05/02,175,195,207,209,200,179,149,119,091,076,075,087,108,137,165,188,200,201,190,174,158,147,144,149
MA11,1969/05/03,167,188,204,212,209,188,164,131,095,073,062,064,080,108,139,168,189,200,198,188,175,162,154,155
MA11,1969/05/04,168,185,202,214,214,203,182,149,112,082,062,055,062,084,110,142,170,188,198,196,188,177,168,164
MA11,1969/05/05,170,184,201,216,224,219,204,175,142,110,085,070,068,077,099,126,152,177,193,200,198,194,187,182
MA11,1969/05/06,184,195,207,224,232,235,228,205,177,145,116,092,077,077,087,104,126,151,168,179,186,184,181,178
MA11,1969/05/07,176,180,188,196,209,217,216,206,186,158,133,107,088,081,084,093,109,128,148,167,178,182,184,183
MA11,1969/05/08,182,182,186,191,199,208,213,210,201,185,164,144,124,108,103,102,109,122,136,154,168,181,184,186
MA11,1969/05/09,188,185,183,184,185,190,196,200,195,188,177,161,145,128,115,107,108,113,122,136,151,166,176,180
MA11,1969/05/10,183,181,176,171,167,168,172,174,177,180,177,172,164,150,138,126,119,119,122,130,145,161,172,182
MA11,1969/05/11,190,189,184,176,167,161,160,161,166,174,182,186,187,181,172,160,150,139,137,141,149,164,175,186
MA11,1969/05/12,195,195,191,182,166,152,142,137,141,149,162,176,185,188,184,173,159,147,136,134,138,150,164,177
MA11,1969/05/13,188,193,189,179,161,141,125,112,108,116,130,147,166,180,184,182,173,160,148,141,141,149,161,177
MA11,1969/05/14,195,203,205,197,179,158,135,114,104,106,116,137,161,180,196,199,196,186,171,162,155,152,162,177
MA11,1969/05/15,191,203,207,203,188,164,138,112,092,084,093,110,133,160,181,194,198,192,189,168,158,156,161,170
MA11,1969/05/16,188,203,212,213,202,180,154,124,100,085,083,096,118,146,174,192,204,206,195,184,175,166,168,175
MA11,1969/05/17,189,209,221,225,220,203,179,150,122,100,091,096,112,140,169,192,211,218,214,202,190,181,175,176
MA11,1969/05/18,187,202,216,224,222,210,188,160,129,103,088,082,092,113,139,168,191,205,210,208,198,190,185,186
MA11,1969/05/19,195,208,222,232,234,229,215,188,161,135,109,097,098,112,136,160,183,200,210,209,202,194,183,178
MA11,1969/05/20,179,189,202,214,221,222,211,189,164,137,112,096,090,098,117,137,161,182,193,201,199,190,187,177
MA11,1969/05/21,176,184,193,204,214,217,212,198,174,150,129,107,097,096,104,122,144,163,180,188,191,189,182,178
MA11,1969/05/22,175,176,183,191,201,211,209,200,183,165,145,125,112,104,107,121,138,162,9999,9999,9999,9999,9999,9999
MA11,1969/05/23,9999,9999,9999,9999,9999,9999,9999,9999,9999,9999,9999,9999,9999,9999,9999,9999,9999,9999,9999,9999,9999,9999,9999,9999
MA11,1969/05/24,9999,9999,9999,9999,9999,9999,9999,9999,9999,9999,9999,9999,9999,9999,9999,9999,9999,9999,9999,9999,9999,9999,9999,9999
MA11,1969/05/25,9999,9999,9999,9999,9999,9999,9999,9999,9999,9999,9999,9999,9999,9999,9999,9999,9999,9999,9999,9999,9999,9999,9999,9999
MA11,1969/05/26,9999,9999,9999,9999,9999,9999,9999,9999,9999,9999,9999,9999,9999,9999,9999,9999,9999,9999,9999,9999,9999,9999,9999,9999
MA11,1969/05/27,9999,9999,9999,9999,9999,9999,9999,9999,9999,9999,9999,9999,9999,9999,9999,9999,9999,9999,9999,9999,9999,9999,9999,9999
MA11,1969/05/28,9999,9999,9999,9999,9999,9999,9999,9999,9999,9999,9999,9999,9999,9999,9999,9999,9999,9999,9999,9999,9999,9999,9999,9999
MA11,1969/05/29,9999,9999,9999,9999,9999,9999,9999,9999,9999,9999,9999,9999,9999,9999,9999,9999,9999,9999,9999,9999,9999,9999,9999,9999
MA11,1969/05/30,9999,9999,9999,9999,9999,9999,9999,9999,9999,9999,9999,9999,9999,9999,9999,9999,9999,9999,9999,9999,9999,9999,9999,9999
MA11,1969/05/31,9999,9999,9999,9999,9999,9999,9999,9999,9999,9999,9999,9999,9999,9999,9999,9999,9999,9999,9999,9999,9999,9999,9999,9999
MA11,1969/06/01,9999,9999,9999,9999,9999,9999,9999,9999,9999,9999,9999,9999,9999,9999,9999,9999,9999,210,212,205,196,186,183,187
MA11,1969/06/02,199,213,227,234,229,212,184,151,115,082,067,061,070,091,118,150,177,195,206,207,201,195,189,188
MA11,1969/06/03,196,208,223,235,237,230,211,183,149,117,091,076,071,084,106,132,159,186,205,216,217,208,200,196
MA11,1969/06/04,199,206,215,232,242,245,237,215,187,156,124,102,089,086,096,115,137,160,182,196,202,199,195,186
MA11,1969/06/05,183,185,191,201,215,223,225,216,197,170,144,120,101,092,093,103,120,143,165,183,192,196,195,187
MA11,1969/06/06,181,177,177,185,195,208,215,218,213,197,179,161,142,130,125,126,139,157,174,193,205,214,215,211
MA11,1969/06/07,203,195,189,185,187,194,202,211,212,205,194,181,165,148,139,133,136,147,161,175,189,199,203,203
MA11,1969/06/08,196,185,175,165,161,163,170,178,184,186,186,181,173,162,150,143,139,143,155,167,179,193,200,202
MA11,1969/06/09,199,188,174,161,149,144,144,151,160,169,175,180,181,175,169,160,155,154,159,167,180,193,202,207
MA11,1969/06/10,205,199,187,170,152,138,132,129,137,149,164,175,183,186,187,181,174,169,169,171,180,193,203,213
MA11,1969/06/11,216,213,201,183,163,144,127,120,121,131,147,163,179,191,197,197,193,185,181,176,180,191,203,213
MA11,1969/06/12,220,220,212,196,175,152,130,115,110,116,130,149,170,188,201,204,201,196,190,184,184,190,200,210
MA11,1969/06/13,221,226,222,211,191,167,141,119,103,102,111,130,154,178,197,208,211,210,202,193,190,189,195,207
MA11,1969/06/14,220,228,231,225,209,184,157,131,107,098,099,115,137,164,187,204,213,215,210,200,191,188,191,199
MA11,1969/06/15,210,222,227,226,215,194,167,136,108,091,085,095,112,138,165,186,202,210,206,198,189,184,182,185
MA11,1969/06/16,197,211,221,227,225,207,183,157,127,102,088,087,102,125,151,177,198,208,213,209,199,191,188,190
MA11,1969/06/17,197,208,221,230,231,223,204,178,148,121,103,094,099,117,141,167,191,208,216,214,206,199,191,186
MA11,1969/06/18,194,204,216,228,236,231,217,195,167,140,117,101,098,109,131,155,178,200,210,212,207,197,188,182
MA11,1969/06/19,182,188,199,211,221,223,217,202,178,151,126,106,098,102,115,136,159,179,198,205,203,198,188,180
MA11,1969/06/20,177,178,184,197,209,215,215,206,190,167,143,124,109,104,113,129,148,170,188,198,202,197,187,178
MA11,1969/06/21,172,170,171,179,189,198,204,200,188,173,155,134,120,109,108,120,137,157,176,190,198,198,192,181
MA11,1969/06/22,172,167,164,167,174,183,193,197,195,187,175,163,149,139,132,132,146,9999,9999,9999,9999,9999,9999,9999
MA11,1969/06/23,9999,9999,9999,9999,9999,9999,9999,9999,9999,9999,9999,9999,9999,9999,9999,9999,9999,9999,9999,9999,9999,9999,9999,9999
MA11,1969/06/24,9999,9999,9999,9999,9999,9999,9999,9999,9999,9999,9999,9999,9999,9999,9999,9999,9999,9999,9999,9999,9999,9999,9999,9999
MA11,1969/06/25,9999,9999,9999,9999,9999,9999,9999,9999,9999,9999,9999,9999,9999,9999,9999,9999,9999,9999,9999,9999,9999,9999,9999,9999
MA11,1969/06/26,9999,9999,9999,9999,9999,9999,9999,9999,9999,9999,9999,9999,9999,9999,9999,9999,9999,9999,9999,9999,9999,9999,9999,9999
MA11,1969/06/27,9999,9999,9999,9999,9999,9999,9999,9999,9999,9999,9999,9999,9999,9999,9999,9999,9999,9999,9999,9999,9999,9999,9999,9999
MA11,1969/06/28,9999,9999,9999,9999,9999,9999,9999,9999,9999,9999,9999,9999,9999,9999,9999,9999,9999,9999,9999,9999,9999,9999,9999,9999
MA11,1969/06/29,9999,9999,9999,9999,9999,9999,9999,9999,9999,9999,9999,9999,9999,9999,9999,9999,9999,9999,9999,9999,9999,9999,9999,9999
MA11,1969/06/30,9999,9999,9999,9999,9999,9999,9999,9999,9999,9999,9999,9999,9999,9999,9999,9999,9999,210,215,208,201,196,195,199
MA11,1969/07/01,214,227,237,243,237,222,195,159,123,094,073,068,082,099,128,161,187,208,214,215,209,198,193,192
MA11,1969/07/02,199,216,229,242,247,241,222,192,157,126,098,082,084,096,117,145,172,194,209,212,207,197,186,179
MA11,1969/07/03,179,188,201,219,231,236,230,208,181,148,120,098,090,092,106,127,155,180,196,205,201,191,181,170
MA11,1969/07/04,165,168,176,193,210,221,222,213,192,165,139,116,102,099,108,126,148,172,192,204,205,201,190,176
MA11,1969/07/05,166,160,163,173,189,207,217,219,210,192,175,154,135,127,128,138,159,177,197,215,220,217,207,192
MA11,1969/07/06,175,164,157,157,169,184,198,205,205,195,180,167,155,9999,9999,9999,9999,9999,9999,9999,9999,9999,9999,9999
MA11,1969/07/07,9999,9999,9999,9999,9999,9999,9999,9999,9999,9999,9999,9999,9999,158,152,151,159,171,183,198,211,215,212,202
MA11,1969/07/08,186,173,156,141,137,136,143,155,163,172,179,180,178,174,169,168,170,175,183,195,206,216,215,210
MA11,1969/07/09,199,185,168,151,135,129,129,133,143,155,167,176,181,184,185,184,182,182,189,195,207,215,219,220
MA11,1969/07/10,214,202,185,167,146,131,122,119,124,134,151,164,176,186,192,192,191,189,187,190,196,205,211,215
MA11,1969/07/11,214,209,197,179,158,136,119,109,107,116,129,145,166,182,191,198,198,195,192,189,191,198,203,210
MA11,1969/07/12,217,216,208,195,175,151,127,109,102,101,112,130,151,173,189,199,203,203,198,192,189,192,197,206
MA11,1969/07/13,216,222,221,211,194,172,146,120,103,096,099,114,136,161,184,198,206,209,204,194,190,189,191,200
MA11,1969/07/14,213,223,227,225,212,193,166,136,112,098,094,101,122,147,172,194,208,210,207,198,190,184,182,187
MA11,1969/07/15,198,212,222,225,220,206,180,152,123,100,091,093,106,131,159,181,203,211,208,203,192,184,179,178
MA11,1969/07/16,188,204,217,228,228,206,195,170,140,113,097,090,098,118,144,173,194,208,211,205,196,185,178,174
MA11,1969/07/17,178,191,206,220,227,226,214,188,160,133,110,098,100,112,134,159,184,203,209,206,196,185,174,169
MA11,1969/07/18,167,175,189,204,217,222,216,197,173,146,120,106,100,105,125,147,173,196,208,207,201,186,174,163
MA11,1969/07/19,159,163,173,188,203,212,213,204,182,159,137,116,106,108,118,139,163,186,203,207,202,190,174,161
MA11,1969/07/20,153,149,157,169,184,198,208,204,192,175,155,138,125,119,125,141,162,184,202,211,210,201,186,171
MA11,1969/07/21,160,152,151,158,170,185,196,201,199,189,174,159,145,137,137,147,162,182,198,211,217,211,195,178
MA11,1969/07/22,161,148,144,144,151,164,177,185,189,189,182,173,163,153,151,156,166,181,197,211,218,216,205,188
MA11,1969/07/23,172,156,144,136,136,143,153,165,174,180,182,179,177,172,168,169,175,180,196,210,217,222,214,201
MA11,1969/07/24,186,169,151,137,128,127,132,141,154,166,175,182,185,187,187,185,187,193,199,209,217,223,222,213
MA11,1969/07/25,201,183,164,146,128,120,116,119,127,140,157,172,185,194,197,198,197,196,197,204,211,217,222,221
MA11,1969/07/26,214,202,184,159,139,119,105,100,101,112,129,148,170,188,199,205,207,205,202,201,205,212,220,225
MA11,1969/07/27,226,221,206,188,162,135,113,096,086,089,103,121,147,173,193,207,214,212,208,204,202,205,211,220
MA11,1969/07/28,228,232,228,215,193,164,136,108,089,081,087,102,126,158,186,207,220,225,220,211,205,202,205,216
MA11,1969/07/29,228,239,247,242,227,205,172,139,112,092,085,096,113,141,172,198,218,227,221,215,204,193,191,197
MA11,1969/07/30,210,227,243,250,246,229,201,169,133,106,092,088,103,127,157,186,213,228,228,220,207,193,185,183
MA11,1969/07/31,193,212,232,245,253,249,229,200,165,134,114,103,105,125,149,178,206,224,231,226,213,196,181,169
MA11,1969/08/01,173,187,205,227,243,246,241,222,190,162,136,117,115,126,147,173,199,221,230,230,220,203,182,167
MA11,1969/08/02,159,163,179,198,220,234,238,229,208,184,159,138,128,129,144,168,192,214,226,229,222,208,186,168
MA11,1969/08/03,157,150,159,174,193,212,224,224,214,196,177,160,146,145,154,169,194,213,226,233,230,216,195,174
MA11,1969/08/04,157,146,144,152,167,184,200,207,206,197,184,172,162,158,162,174,191,208,223,233,232,222,205,185
MA11,1969/08/05,168,152,142,139,149,164,179,190,196,197,193,186,182,178,177,183,194,206,219,228,234,228,214,197
MA11,1969/08/06,179,162,146,137,138,143,154,166,176,183,184,184,184,184,186,189,195,205,215,224,230,230,223,209
MA11,1969/08/07,195,180,163,149,137,136,139,147,156,167,175,182,187,192,194,195,198,202,208,216,224,227,227,220
MA11,1969/08/08,209,198,184,167,151,141,135,137,143,153,168,180,191,200,205,208,208,208,209,212,216,221,224,224
MA11,1969/08/09,219,212,197,183,164,147,134,126,126,136,149,164,182,196,206,213,213,210,207,204,206,212,216,224
MA11,1969/08/10,227,224,215,200,181,161,141,125,118,119,134,152,172,192,207,215,217,214,207,202,200,202,208,214
MA11,1969/08/11,222,230,228,217,201,179,155,134,117,113,117,133,156,180,200,216,221,218,210,201,195,192,194,204
MA11,1969/08/12,215,226,234,226,213,194,167,141,118,103,102,118,141,165,191,210,222,220,214,203,192,184,185,192
MA11,1969/08/13,205,220,236,239,231,213,187,162,135,115,108,114,134,159,185,207,222,224,217,205,193,182,179,183
MA11,1969/08/14,197,215,230,240,240,229,207,180,150,128,117,114,127,152,180,205,225,229,223,211,199,183,174,174
MA11,1969/08/15,183,202,220,234,243,239,224,200,172,143,126,120,126,145,171,198,220,232,229,218,202,183,168,164
MA11,1969/08/16,168,180,200,218,233,240,231,211,186,158,136,126,125,140,164,189,212,227,227,219,202,182,163,151
MA11,1969/08/17,148,157,175,194,213,225,225,213,193,170,146,132,127,133,152,176,200,218,227,219,203,185,161,147
MA11,1969/08/18,139,141,156,174,194,211,219,215,203,184,165,150,141,143,157,178,199,218,228,224,213,193,169,151
MA11,1969/08/19,139,134,140,154,172,192,203,207,204,192,181,171,161,160,171,183,202,220,231,234,224,207,187,164
MA11,1969/08/20,148,138,133,141,154,170,185,196,201,199,192,194,180,179,181,191,206,217,229,235,231,219,200,177
MA11,1969/08/21,160,144,134,132,137,150,164,176,188,193,194,194,193,191,194,199,209,219,228,236,238,231,216,198
MA11,1969/08/22,178,161,145,136,133,136,145,155,166,178,188,195,202,205,208,211,214,220,226,232,237,235,229,217
MA11,1969/08/23,201,184,167,151,137,133,131,137,147,162,179,195,203,216,225,233,241,245,249,250,250,249,246,242
MA11,1969/08/24,232,219,201,178,158,142,127,121,122,134,152,171,191,211,224,231,233,227,223,222,221,225,231,236
MA11,1969/08/25,236,233,221,202,179,156,134,118,110,114,128,149,172,196,217,228,229,224,215,208,204,206,213,223
MA11,1969/08/26,235,240,239,229,208,181,153,126,107,103,109,127,152,179,206,224,232,227,217,206,195,191,196,206
MA11,1969/08/27,222,239,250,247,233,212,180,149,121,105,103,114,136,166,196,219,231,230,217,203,186,175,171,181
MA11,1969/08/28,198,222,242,250,247,232,205,175,142,119,108,111,128,155,184,209,226,229,219,203,180,160,150,152
MA11,1969/08/29,167,188,214,235,242,237,222,193,161,134,118,111,124,143,172,200,219,229,222,203,180,158,137,132
MA11,1969/08/30,139,156,182,208,227,234,225,206,179,152,132,123,126,144,169,194,219,230,226,214,191,163,140,126
MA11,1969/08/31,122,136,158,182,207,222,226,218,197,175,158,144,142,155,174,197,220,232,235,227,205,180,154,133
MA11,1969/09/01,126,128,143,166,188,208,221,218,206,191,176,163,160,165,178,200,220,232,237,232,218,195,169,148
MA11,1969/09/02,131,126,133,146,165,187,199,207,205,197,186,178,172,172,181,197,215,227,234,236,221,204,183,158
MA11,1969/09/03,142,131,125,134,146,162,183,192,195,195,189,183,180,180,186,196,208,219,228,230,226,211,193,175
MA11,1969/09/04,156,141,132,129,134,144,156,167,176,181,183,184,182,183,185,192,199,207,215,219,218,212,199,184
MA11,1969/09/05,169,153,140,131,126,129,135,143,156,164,171,179,183,186,191,194,196,199,203,209,212,210,207,197
MA11,1969/09/06,186,174,160,146,136,130,129,133,143,153,167,177,187,195,201,204,204,202,203,207,210,213,213,210
MA11,1969/09/07,207,199,186,171,155,142,135,133,136,148,162,178,194,206,212,215,215,210,206,204,203,208,212,216
MA11,1969/09/08,219,215,206,190,171,154,138,125,124,130,143,161,179,195,209,214,211,206,197,190,188,188,194,204
MA11,1969/09/09,211,216,214,203,185,165,143,124,113,115,127,146,168,189,204,213,213,204,193,182,177,176,181,192
MA11,1969/09/10,204,216,220,217,204,183,157,135,117,110,117,135,158,184,203,217,221,212,199,182,171,166,169,182
MA11,1969/09/11,200,217,229,232,222,207,183,155,133,121,120,133,155,178,207,225,230,225,208,189,175,162,159,171
MA11,1969/09/12,186,205,227,236,236,226,203,177,150,130,123,130,149,174,201,219,231,226,210,190,168,150,142,147
MA11,1969/09/13,162,186,210,227,236,231,214,192,164,143,132,130,144,169,192,216,231,230,217,195,172,150,135,133
MA11,1969/09/14,145,164,187,213,226,230,225,204,180,158,140,136,144,162,187,212,228,231,221,201,175,148,130,122
MA11,1969/09/15,126,141,165,189,210,224,223,214,195,175,158,151,153,165,191,215,234,243,237,222,198,170,147,130
MA11,1969/09/16,127,135,152,179,203,219,228,226,213,199,184,174,174,180,196,216,234,244,242,231,209,181,153,134
MA11,1969/09/17,123,124,134,152,175,195,210,215,212,204,194,186,182,186,198,213,230,239,242,233,217,192,167,142
MA11,1969/09/18,126,121,123,135,151,171,189,199,205,203,199,195,192,192,198,209,223,231,238,234,224,207,182,161
MA11,1969/09/19,141,127,123,125,131,146,162,174,185,190,194,197,197,201,205,211,221,227,231,233,229,217,200,182
MA11,1969/09/20,162,146,133,124,123,128,137,147,159,171,181,190,198,203,205,209,213,216,219,223,223,217,211,198
MA11,1969/09/21,185,169,153,138,129,125,124,129,129,151,168,181,194,204,209,213,213,213,213,213,213,215,216,212
MA11,1969/09/22,206,197,180,162,143,129,119,117,120,132,149,168,187,202,210,214,210,202,195,192,192,196,203,213
MA11,1969/09/23,216,214,204,188,168,145,129,116,111,116,133,153,178,198,214,220,214,204,192,181,177,179,187,203
MA11,1969/09/24,217,224,226,218,194,172,148,126,115,114,125,144,169,193,212,222,217,201,184,167,155,151,157,176
MA11,1969/09/25,198,215,226,227,214,194,168,142,121,112,118,133,157,181,204,220,222,207,188,166,148,138,140,153
MA11,1969/09/26,176,202,224,238,235,221,199,172,148,134,129,141,165,188,212,229,231,218,197,170,145,124,116,126
MA11,1969/09/27,145,172,199,219,228,226,206,182,159,140,133,139,154,178,203,224,233,225,205,178,150,122,107,108
MA11,1969/09/28,123,148,179,206,222,230,219,202,181,161,148,149,159,180,205,225,237,237,219,194,166,134,111,107
MA11,1969/09/29,111,129,156,183,208,222,222,213,197,178,166,161,167,184,204,225,241,241,229,209,178,147,122,105
MA11,1969/09/30,102,116,135,160,185,204,215,211,200,190,178,171,173,182,199,219,233,237,235,217,196,166,139,118
MA11,1969/10/01,111,113,127,146,168,192,208,213,211,203,195,190,190,199,211,227,242,248,248,239,221,198,172,150
MA11,1969/10/02,134,127,128,136,154,173,187,200,204,201,197,193,192,195,202,210,222,228,229,227,213,198,174,153
MA11,1969/10/03,137,125,119,125,135,147,161,176,183,188,189,188,187,187,191,199,207,212,215,214,210,199,182,167
MA11,1969/10/04,152,140,132,128,131,139,150,161,172,179,185,190,193,195,197,201,205,208,210,212,210,205,197,186
MA11,1969/10/05,176,165,152,142,137,136,139,146,156,166,177,189,194,197,199,199,199,196,195,195,198,198,195,192
MA11,1969/10/06,185,176,165,151,141,132,127,130,140,153,166,180,190,194,198,198,193,186,181,178,180,183,188,192
MA11,1969/10/07,194,191,182,166,150,138,129,123,126,139,154,172,188,198,205,204,197,186,175,167,166,171,180,190
MA11,1969/10/08,199,204,200,189,173,155,139,128,124,129,147,167,184,202,213,210,203,189,174,165,160,160,174,190
MA11,1969/10/09,208,221,227,223,205,186,166,148,138,139,151,173,194,213,226,229,219,203,182,163,152,149,155,173
MA11,1969/10/10,191,200,221,224,215,195,172,150,135,129,136,153,176,198,214,220,213,194,172,149,131,121,125,139
MA11,1969/10/11,163,188,207,219,219,205,187,164,143,133,135,149,170,191,212,225,218,201,177,149,126,110,105,117
MA11,1969/10/12,137,167,193,212,222,217,202,182,164,147,141,151,169,192,213,228,228,213,189,162,131,109,099,103
MA11,1969/10/13,120,149,178,202,221,226,215,201,181,162,155,156,167,187,209,227,233,224,202,172,139,111,093,090
MA11,1969/10/14,098,120,147,177,201,213,216,207,191,176,164,161,167,182,204,221,231,227,211,184,153,123,097,085
MA11,1969/10/15,085,098,123,149,176,196,205,204,196,185,176,171,173,183,201,217,229,229,221,200,172,143,114,094
MA11,1969/10/16,088,093,107,129,153,177,193,201,203,197,191,188,187,193,208,223,233,241,237,223,202,177,147,127
MA11,1969/10/17,112,104,109,122,141,160,179,192,199,201,201,200,200,200,207,219,228,235,235,228,214,194,169,146
MA11,1969/10/18,127,115,111,114,122,138,153,169,181,190,194,198,200,200,202,209,216,220,222,220,213,201,186,167
MA11,1969/10/19,150,134,123,117,116,122,133,145,158,173,182,190,195,197,198,199,199,199,200,202,202,199,192,181
MA11,1969/10/20,169,154,141,128,120,116,118,126,138,153,168,181,190,196,197,193,187,182,179,180,184,187,192,193
MA11,1969/10/21,188,179,166,150,137,125,120,121,130,143,160,178,190,197,200,196,186,176,165,160,164,172,183,194
MA11,1969/10/22,200,201,194,180,164,148,135,126,128,142,158,178,195,207,213,210,195,178,162,152,150,156,169,186
MA11,1969/10/23,202,214,216,208,192,173,156,144,138,144,157,177,197,214,224,219,204,181,160,140,129,127,140,161
MA11,1969/10/24,182,202,216,218,210,193,171,155,146,144,151,170,191,209,222,224,214,193,166,139,118,112,116,137
MA11,1969/10/25,162,193,213,225,226,214,196,180,163,156,162,177,196,218,233,238,231,212,183,153,127,113,112,126
MA11,1969/10/26,150,181,207,230,240,234,223,206,192,181,180,191,204,227,244,252,249,231,202,169,139,115,108,112
MA11,1969/10/27,131,160,188,216,236,240,234,221,205,192,186,190,202,218,239,250,251,239,214,184,151,123,107,102
MA11,1969/10/28,112,135,163,191,215,226,227,220,206,193,186,186,194,207,225,239,243,239,220,194,164,133,111,100
MA11,1969/10/29,100,116,139,165,192,211,219,217,209,199,191,188,190,200,214,228,238,236,226,207,178,151,126,107
MA11,1969/10/30,102,108,125,145,171,191,204,209,206,199,191,188,189,194,207,220,229,232,227,211,191,167,143,124
MA11,1969/10/31,111,109,118,133,153,173,189,200,202,198,194,191,188,189,198,208,219,223,222,214,199,179,160,139
MA11,1969/11/01,124,118,117,123,138,155,170,185,193,194,194,193,190,190,194,202,209,216,218,214,205,192,176,159
MA11,1969/11/02,145,132,129,128,134,147,160,174,185,191,195,196,194,193,195,198,201,204,206,206,203,198,188,176
MA11,1969/11/03,164,154,145,138,139,143,151,164,176,186,195,200,200,200,199,195,194,192,192,192,195,196,194,189
MA11,1969/11/04,182,173,160,151,144,142,146,154,165,177,188,198,201,202,200,192,185,180,174,174,176,181,187,191
MA11,1969/11/05,190,185,177,167,155,147,143,148,157,170,185,199,206,207,204,196,185,172,164,156,157,167,178,186
MA11,1969/11/06,194,199,194,181,168,153,145,143,146,158,174,191,202,209,208,197,182,165,147,136,135,141,154,170
MA11,1969/11/07,186,196,199,194,182,166,153,144,144,150,166,186,203,214,216,206,187,166,145,127,122,127,140,160
MA11,1969/11/08,183,203,215,218,210,194,180,167,160,161,176,194,211,225,233,226,207,181,153,127,113,110,118,139
MA11,1969/11/09,165,194,212,224,223,210,195,179,167,165,169,189,208,225,238,233,217,193,162,130,109,100,102,119
MA11,1969/11/10,144,177,204,225,236,231,217,204,190,180,184,198,217,236,250,253,244,220,188,150,119,101,094,102
MA11,1969/11/11,123,151,183,213,230,237,231,217,205,192,186,192,204,221,239,246,242,225,195,158,125,099,084,083
MA11,1969/11/12,096,123,151,181,205,222,226,221,212,202,195,197,205,218,238,249,252,242,217,187,154,121,098,085
MA11,1969/11/13,086,103,128,157,184,206,216,220,214,206,200,196,200,209,224,238,244,241,226,200,168,139,108,090
MA11,1969/11/14,082,085,104,125,150,177,193,203,207,204,199,196,194,199,213,225,234,238,229,217,192,163,136,110
MA11,1969/11/15,098,093,097,114,133,154,177,191,199,202,202,198,198,199,204,214,224,230,234,223,209,193,166,142
MA11,1969/11/16,126,114,112,119,127,148,167,184,196,204,207,208,206,203,204,206,209,215,220,221,217,207,192,174
MA11,1969/11/17,156,140,130,127,130,141,157,175,188,198,205,208,208,204,199,198,197,198,201,207,211,211,207,199
MA11,1969/11/18,186,174,162,151,147,149,157,171,184,197,207,210,210,207,197,188,178,171,170,174,179,189,192,192
MA11,1969/11/19,191,184,169,158,149,143,144,151,161,174,188,196,199,197,190,176,160,146,138,137,145,156,168,180
MA11,1969/11/20,186,186,182,172,160,150,146,148,157,170,187,200,208,211,205,190,174,146,133,125,127,144,162,180
MA11,1969/11/21,196,203,201,194,184,173,166,162,167,180,193,204,215,217,210,195,167,143,122,105,104,112,128,153
MA11,1969/11/22,174,193,206,206,198,188,176,170,170,174,188,207,218,228,228,214,194,165,136,116,104,104,119,141
MA11,1969/11/23,168,195,213,223,223,214,203,191,181,183,193,205,222,234,236,231,210,178,151,119,097,089,094,113
MA11,1969/11/24,141,168,195,214,220,221,213,201,192,189,193,207,221,237,248,247,235,212,180,147,117,100,097,104
MA11,1969/11/25,128,156,182,205,220,225,220,211,212,195,193,197,207,225,236,239,232,213,183,150,119,094,085,085
MA11,1969/11/26,098,127,154,181,204,214,214,208,197,188,185,187,194,209,222,233,232,220,196,168,136,109,091,082
MA11,1969/11/27,099,110,135,163,188,204,212,211,204,195,191,188,194,206,219,233,239,233,219,193,165,134,110,099
MA11,1969/11/28,096,107,130,154,180,200,211,216,211,201,195,189,188,197,208,217,227,217,216,198,173,145,120,102
MA11,1969/11/29,091,092,109,128,147,171,188,198,197,189,185,181,179,183,190,203,213,217,213,205,184,164,145,122
MA11,1969/11/30,108,107,112,127,146,167,187,200,203,204,200,195,191,191,196,207,214,221,225,220,211,194,179,160
MA11,1969/12/01,145,137,137,141,157,175,191,206,213,215,211,206,197,192,192,193,197,202,205,206,203,194,181,168
MA11,1969/12/02,153,141,136,134,139,152,168,184,196,202,204,203,196,192,190,189,190,191,198,202,205,205,203,196
MA11,1969/12/03,185,177,171,167,167,169,178,195,208,216,221,219,212,203,193,185,181,175,176,179,182,189,193,193
MA11,1969/12/04,191,184,175,168,162,162,167,176,190,201,209,213,208,198,188,174,161,151,143,142,149,157,166,175
MA11,1969/12/05,177,177,173,162,156,150,147,156,167,179,192,198,199,195,183,168,151,133,122,118,120,133,148,164
MA11,1969/12/06,176,186,189,187,177,170,165,165,173,186,198,209,215,213,206,188,165,141,121,110,107,115,130,149
MA11,1969/12/07,171,191,201,204,198,190,182,177,179,187,199,216,222,227,222,208,186,159,134,114,104,106,121,141
MA11,1969/12/08,167,197,217,227,228,222,214,204,198,202,212,215,238,248,248,238,217,184,153,120,101,093,097,116
MA11,1969/12/09,142,169,197,218,226,229,223,211,204,200,201,212,224,237,246,239,223,195,158,123,096,078,072,082
MA11,1969/12/10,101,133,166,191,202,223,222,214,204,197,195,200,213,228,241,245,236,214,184,147,110,084,070,066
MA11,1969/12/11,082,107,134,165,189,204,213,210,201,192,187,187,196,209,226,236,236,224,198,168,131,096,077,061
MA11,1969/12/12,064,082,107,137,166,190,205,214,210,204,199,196,198,210,226,238,248,247,232,208,177,143,114,095
MA11,1969/12/13,088,096,112,138,163,189,206,217,220,213,205,200,195,197,209,224,235,240,236,221,198,169,142,116
MA11,1969/12/14,101,095,103,121,141,166,188,200,208,207,198,189,181,178,184,195,206,218,221,218,208,186,164,138
MA11,1969/12/15,119,109,108,116,134,154,175,192,203,208,206,199,189,182,179,180,188,197,203,207,204,195,180,158
MA11,1969/12/16,142,130,123,126,134,150,170,187,199,208,205,199,190,177,166,162,162,167,174,183,187,188,185,174
MA11,1969/12/17,163,151,143,140,143,152,166,180,192,202,206,200,189,177,162,150,145,141,145,154,163,173,179,179
MA11,1969/12/18,177,172,166,160,160,164,173,185,198,208,211,210,205,193,177,161,145,133,128,131,140,152,164,174
MA11,1969/12/19,179,182,179,174,169,168,171,178,188,198,208,212,210,200,184,166,146,124,111,107,108,121,135,149
MA11,1969/12/20,165,175,180,179,176,172,172,172,178,190,198,204,211,206,194,180,154,128,108,091,090,099,112,131
MA11,1969/12/21,154,170,185,193,190,187,183,179,181,189,197,207,214,217,213,197,175,148,119,099,088,088,099,119
MA11,1969/12/22,142,166,189,201,205,202,196,190,188,194,201,210,223,232,233,224,205,177,145,116,095,086,088,105
MA11,1969/12/23,127,156,181,197,207,208,202,195,188,185,189,194,207,221,228,226,214,187,158,128,100,085,082,089
MA11,1969/12/24,109,138,163,189,202,210,210,201,191,187,186,191,202,217,227,232,226,206,178,145,115,094,081,084
MA11,1969/12/25,096,119,149,176,196,206,208,200,194,187,187,184,194,207,220,233,234,223,199,169,141,112,095,090
MA11,1969/12/26,096,115,143,169,191,211,217,214,208,200,194,191,197,211,228,239,243,235,218,191,163,132,106,094
MA11,1969/12/27,090,104,127,150,177,203,211,212,206,195,184,180,180,188,198,213,227,227,217,202,177,148,125,107
MA11,1969/12/28,098,107,123,147,172,196,209,215,211,202,190,180,177,178,189,203,213,221,218,207,188,166,143,122
MA11,1969/12/29,110,112,123,140,160,182,199,206,207,202,189,173,168,169,172,185,196,203,207,202,191,174,152,131
MA11,1969/12/30,120,111,115,127,147,169,188,197,203,201,190,175,167,161,160,167,175,182,190,193,190,179,164,147
MA11,1969/12/31,134,126,124,130,144,166,183,199,207,207,199,184,170,161,158,158,161,169,176,184,185,184,175,163
