MA11,2020/01/01,183,181,187,200,218,238,255,266,271,269,261,252,245,241,243,248,256,265,270,268,261,248,230,212
MA11,2020/01/02,199,192,192,199,213,230,247,261,269,271,266,256,247,240,235,236,241,247,254,257,257,252,242,229
MA11,2020/01/03,217,209,207,209,218,231,246,260,270,276,275,267,258,249,240,235,235,237,242,247,250,250,247,240
MA11,2020/01/04,232,224,218,217,221,229,240,252,263,271,273,269,261,252,242,232,225,223,225,229,236,243,246,245
MA11,2020/01/05,243,239,234,231,230,233,239,248,259,268,273,272,267,257,245,232,217,207,202,202,209,217,225,233
MA11,2020/01/06,239,240,238,235,231,231,235,241,250,259,268,272,270,263,252,237,219,203,190,186,189,198,211,224
MA11,2020/01/07,236,245,248,246,242,238,236,238,242,251,260,267,270,269,261,247,226,204,186,175,173,180,194,213
MA11,2020/01/08,233,250,260,265,264,259,255,253,256,265,275,285,292,297,297,287,266,242,218,197,188,187,197,216
MA11,2020/01/09,239,261,278,286,287,282,274,264,258,258,265,275,284,293,294,286,269,241,209,182,162,152,157,174
MA11,2020/01/10,199,228,254,271,280,280,273,264,255,251,254,262,274,288,296,295,283,259,228,195,166,149,145,154
MA11,2020/01/11,176,207,238,263,278,284,282,272,261,255,253,258,270,286,301,309,306,287,258,224,191,164,147,145
MA11,2020/01/12,161,188,220,250,273,285,288,280,270,261,254,254,262,276,294,308,312,301,280,250,214,183,159,148
MA11,2020/01/13,154,175,204,236,264,283,292,289,279,268,256,249,251,261,278,295,305,305,293,268,238,205,174,154
MA11,2020/01/14,147,156,179,208,237,261,276,279,273,261,249,239,235,242,255,272,288,294,291,278,255,226,196,172
MA11,2020/01/15,159,160,173,196,223,249,270,278,276,268,256,242,233,232,239,253,269,281,286,280,266,245,219,194
MA11,2020/01/16,175,167,172,187,208,232,253,265,269,263,251,236,222,213,214,221,233,245,255,258,255,245,229,211
MA11,2020/01/17,194,183,180,187,202,221,242,258,266,265,257,243,227,215,209,209,213,221,232,241,246,246,241,231
MA11,2020/01/18,220,211,206,206,213,227,244,259,270,274,271,261,246,231,218,208,207,210,215,223,233,240,243,243
MA11,2020/01/19,239,234,229,224,226,233,244,257,268,276,278,272,259,244,229,214,203,196,195,200,209,219,230,239
MA11,2020/01/20,244,247,244,241,239,240,246,254,263,273,280,278,270,258,242,224,206,191,183,181,187,198,211,225
MA11,2020/01/21,240,250,256,256,252,247,245,248,255,263,271,275,274,267,255,237,216,193,174,164,161,166,179,196
MA11,2020/01/22,215,233,245,249,249,246,241,239,239,245,254,264,270,271,265,252,233,208,182,163,153,152,162,180
MA11,2020/01/23,202,225,245,257,261,258,252,245,240,241,249,259,270,278,279,273,257,231,203,177,158,149,151,165
MA11,2020/01/24,188,214,238,256,264,265,259,248,240,237,239,247,260,272,281,281,270,247,217,187,160,142,136,144
MA11,2020/01/25,163,189,216,238,254,260,256,247,235,226,224,229,239,255,270,278,274,259,233,204,174,150,138,138
MA11,2020/01/26,152,176,204,231,251,262,264,256,244,233,226,225,233,249,267,280,284,275,255,226,195,168,149,141
MA11,2020/01/27,148,166,192,218,242,258,263,258,246,232,222,217,221,233,251,268,279,279,266,244,217,189,165,152
MA11,2020/01/28,151,164,187,212,235,255,265,264,254,241,227,219,218,226,241,258,272,279,274,258,236,210,186,170
MA11,2020/01/29,165,173,192,215,240,262,275,280,274,262,248,236,229,232,244,261,279,290,292,284,267,245,222,204
MA11,2020/01/30,194,196,208,227,249,270,286,292,289,278,265,251,240,237,242,254,269,281,286,284,274,258,240,222
MA11,2020/01/31,209,206,212,225,243,262,278,287,287,279,266,251,237,229,229,235,246,257,266,269,266,257,243,228
MA11,2020/02/01,216,211,213,221,235,251,266,277,280,275,265,251,236,224,217,217,223,232,242,249,253,250,243,233
MA11,2020/02/02,224,219,218,222,231,244,258,269,274,272,265,253,238,223,213,209,208,213,219,226,233,237,236,233
MA11,2020/02/03,228,225,224,226,233,243,253,264,271,273,271,264,251,238,227,217,210,207,207,212,219,227,233,236
MA11,2020/02/04,237,237,236,236,238,242,247,254,259,263,264,262,253,241,229,215,203,194,189,191,200,211,223,236
MA11,2020/02/05,245,251,255,256,256,258,260,265,271,277,284,286,282,273,260,242,224,206,191,184,186,195,209,225
MA11,2020/02/06,241,253,261,264,263,260,257,255,255,258,264,270,272,270,263,248,226,202,179,163,157,160,172,191
MA11,2020/02/07,213,234,249,257,259,256,249,244,240,241,249,259,268,273,272,264,246,219,191,167,150,146,154,173
MA11,2020/02/08,200,229,252,269,276,274,266,257,250,247,252,262,274,286,294,292,278,255,224,192,166,151,149,161
MA11,2020/02/09,185,214,244,267,281,283,276,265,253,243,241,250,264,280,295,301,296,278,248,213,180,154,141,144
MA11,2020/02/10,161,189,222,251,272,281,277,267,252,237,231,235,245,262,282,298,303,295,273,240,204,171,148,139
MA11,2020/02/11,147,169,200,230,255,270,271,261,244,226,212,207,212,226,248,269,283,286,274,250,219,186,159,143
MA11,2020/02/12,142,157,182,211,240,261,269,265,249,229,211,200,199,209,228,251,271,283,283,271,249,220,192,171
MA11,2020/02/13,163,168,187,212,240,263,277,278,267,247,227,211,202,203,216,234,255,273,281,278,266,246,223,202
MA11,2020/02/14,188,185,194,212,235,257,273,278,272,256,235,215,199,191,196,208,225,243,256,262,261,252,236,220
MA11,2020/02/15,208,204,207,218,237,256,272,281,279,266,250,230,210,197,192,196,207,220,233,244,249,248,244,236
MA11,2020/02/16,228,223,224,231,242,257,273,284,288,283,273,256,236,220,211,208,210,218,227,238,249,256,260,260
MA11,2020/02/17,258,256,256,257,263,273,284,293,298,297,290,278,260,243,227,215,208,206,208,215,225,235,244,250
MA11,2020/02/18,255,259,260,260,261,264,269,276,281,283,283,276,263,249,233,218,204,193,186,186,190,199,211,223
MA11,2020/02/19,234,244,250,252,251,250,249,251,255,260,263,265,260,251,240,224,206,188,174,166,167,173,186,203
MA11,2020/02/20,221,237,249,253,253,249,243,240,241,244,251,258,262,261,256,243,225,203,181,165,157,158,167,182
MA11,2020/02/21,203,224,239,248,250,246,239,231,225,226,231,241,251,258,259,253,238,215,189,165,150,145,149,164
MA11,2020/02/22,187,211,233,247,254,254,246,235,227,225,230,241,255,268,279,280,272,253,228,201,179,165,162,171
MA11,2020/02/23,190,216,240,260,272,273,265,252,238,228,225,231,244,260,274,282,277,262,237,207,181,162,154,159
MA11,2020/02/24,176,199,225,247,261,266,261,247,230,215,210,213,225,243,263,278,283,274,254,227,198,174,160,157
MA11,2020/02/25,169,191,215,239,258,266,262,250,232,214,203,201,210,226,247,267,278,278,265,242,216,191,171,164
MA11,2020/02/26,170,188,212,236,258,271,271,262,245,225,209,202,204,216,237,259,275,282,276,259,237,212,191,179
MA11,2020/02/27,179,192,212,235,257,272,277,270,254,233,214,202,198,205,221,242,261,273,273,262,244,223,202,187
MA11,2020/02/28,182,190,206,226,247,262,270,266,252,232,212,197,189,189,202,222,242,256,263,260,249,232,214,200
MA11,2020/02/29,194,197,209,226,246,263,273,273,262,244,225,208,194,189,196,212,229,246,257,260,256,246,232,219
MA11,2020/03/01,212,212,220,232,249,265,276,279,272,258,240,221,205,194,193,201,214,228,240,248,250,246,238,228
MA11,2020/03/02,222,222,225,232,245,259,269,274,271,260,245,229,212,200,194,195,202,213,225,235,243,245,242,237
MA11,2020/03/03,235,233,234,238,245,255,264,270,270,264,253,239,222,205,194,188,187,191,198,208,218,226,231,233
MA11,2020/03/04,234,236,236,238,241,247,253,259,261,259,254,246,233,219,207,197,189,186,189,196,208,221,233,242
MA11,2020/03/05,251,257,261,263,265,268,270,272,275,278,279,276,268,255,241,226,210,196,188,184,189,200,214,230
MA11,2020/03/06,245,256,262,264,261,259,257,254,256,259,262,266,266,260,250,235,215,194,175,164,163,170,186,206
MA11,2020/03/07,228,246,259,264,262,256,249,243,240,240,247,257,264,268,266,256,237,211,185,164,152,151,163,184
MA11,2020/03/08,210,235,255,266,267,262,252,240,231,228,233,245,260,272,280,278,265,240,210,180,158,147,149,166
MA11,2020/03/09,191,221,247,265,272,268,256,239,224,214,214,226,244,263,280,288,285,267,239,206,176,155,148,158
MA11,2020/03/10,181,212,241,265,279,280,270,253,232,215,210,217,235,257,283,303,312,306,286,257,226,198,182,182
MA11,2020/03/11,197,222,252,279,296,302,293,273,247,222,207,205,214,233,261,286,302,304,293,270,240,209,185,174
MA11,2020/03/12,178,197,223,249,271,281,276,259,234,206,185,173,173,187,210,238,262,275,277,266,245,220,197,182
MA11,2020/03/13,181,194,215,240,265,280,282,271,248,221,196,177,169,174,192,217,242,261,271,270,259,242,224,209
MA11,2020/03/14,203,208,222,242,265,282,289,283,266,241,214,191,176,172,181,200,221,241,257,265,264,257,246,234
MA11,2020/03/15,228,229,235,249,268,284,293,293,281,261,237,214,194,182,180,190,204,220,236,248,252,252,247,242
MA11,2020/03/16,238,237,240,250,264,278,289,293,288,274,256,235,215,197,187,187,192,201,214,224,231,236,238,237
MA11,2020/03/17,237,237,238,242,249,259,268,273,272,265,253,238,222,206,193,186,185,188,195,205,216,225,232,237
MA11,2020/03/18,243,246,247,249,252,256,260,265,267,265,259,250,239,226,211,200,190,183,183,186,192,202,213,225
MA11,2020/03/19,235,243,247,248,247,247,247,248,250,253,255,256,252,245,236,224,210,198,191,189,193,203,216,232
MA11,2020/03/20,249,263,273,276,273,265,258,256,257,258,262,268,271,269,263,251,233,214,197,185,182,186,196,213
MA11,2020/03/21,232,249,261,266,264,258,248,240,235,235,241,252,262,269,270,264,249,228,207,190,180,179,187,204
MA11,2020/03/22,224,245,261,269,270,263,251,239,228,223,230,243,258,272,281,282,271,251,228,206,189,181,183,196
MA11,2020/03/23,216,239,258,270,274,266,251,234,218,209,210,220,237,256,271,279,276,262,240,215,193,179,176,186
MA11,2020/03/24,205,229,251,267,274,270,256,236,217,202,197,204,220,242,262,276,280,271,253,229,205,186,177,181
MA11,2020/03/25,196,218,241,260,270,269,256,236,213,193,183,184,198,220,244,264,274,273,259,238,214,193,180,179
MA11,2020/03/26,190,209,233,253,267,270,261,242,217,194,178,174,183,201,226,250,267,272,265,249,228,206,190,185
MA11,2020/03/27,190,206,229,250,266,274,268,251,227,203,184,174,177,191,214,241,263,276,277,267,250,231,216,208
MA11,2020/03/28,209,221,239,258,273,282,279,264,240,214,191,177,171,178,196,220,243,259,266,264,252,234,219,208
MA11,2020/03/29,205,211,225,242,259,270,272,262,243,220,196,176,165,166,178,199,220,239,253,257,252,240,227,218
MA11,2020/03/30,214,217,226,240,253,266,271,264,249,228,204,183,169,163,167,181,199,217,233,243,245,240,231,224
MA11,2020/03/31,221,222,229,238,250,261,268,266,255,239,218,198,181,170,168,174,186,201,216,230,238,239,237,234
MA11,2020/04/01,232,233,237,242,251,260,267,268,263,253,239,222,206,192,185,184,190,200,214,229,243,253,260,265
MA11,2020/04/02,267,267,269,272,274,277,281,282,279,272,263,250,235,219,204,194,187,186,191,200,212,223,233,241
MA11,2020/04/03,247,250,251,250,249,251,252,252,252,252,250,246,237,226,212,197,185,176,172,176,186,199,214,229
MA11,2020/04/04,242,250,254,253,250,245,242,240,241,245,250,253,255,251,241,227,210,192,180,175,178,189,206,226
MA11,2020/04/05,245,259,267,267,260,252,243,235,231,235,243,254,263,267,265,255,236,213,192,176,170,173,187,210
MA11,2020/04/06,234,255,268,271,263,251,237,222,214,214,223,238,256,270,278,276,263,240,214,190,174,168,175,195
MA11,2020/04/07,221,248,268,275,272,259,240,220,204,196,200,215,236,259,277,286,283,266,240,212,189,175,174,188
MA11,2020/04/08,212,239,264,278,279,268,247,221,197,181,177,186,206,234,261,280,288,282,263,239,213,192,183,189
MA11,2020/04/09,207,232,257,274,281,275,254,226,196,172,161,162,178,203,233,260,278,283,274,257,233,211,197,195
MA11,2020/04/10,207,228,254,276,288,287,271,243,210,181,161,152,158,178,205,234,259,273,274,265,249,230,214,207
MA11,2020/04/11,212,226,247,269,284,289,280,258,228,196,169,151,149,159,180,207,233,254,264,264,256,242,228,220
MA11,2020/04/12,220,228,245,263,279,288,286,271,246,215,187,165,153,155,168,188,212,234,250,258,257,250,242,234
MA11,2020/04/13,232,236,247,261,276,289,293,286,269,246,221,198,183,176,180,193,212,233,252,267,274,275,271,267
MA11,2020/04/14,264,264,267,275,286,295,299,296,285,266,245,223,205,192,185,188,197,209,223,236,246,251,252,251
MA11,2020/04/15,249,249,250,252,258,265,272,273,270,260,247,231,213,199,189,186,188,193,202,215,227,235,241,246
MA11,2020/04/16,248,250,250,249,250,253,255,257,257,254,248,239,226,212,200,191,185,184,187,194,203,214,225,234
MA11,2020/04/17,240,243,243,240,236,233,232,232,233,234,235,234,230,221,210,199,188,180,178,180,187,199,213,226
MA11,2020/04/18,238,246,249,246,239,232,227,223,223,228,234,241,246,246,242,232,219,207,201,199,203,213,227,245
MA11,2020/04/19,261,273,278,275,265,252,240,230,224,225,231,241,252,259,257,248,234,217,202,192,188,191,201,218
MA11,2020/04/20,236,252,261,261,252,239,224,210,201,201,210,225,242,256,264,264,254,239,221,206,197,196,204,220
MA11,2020/04/21,240,259,272,274,267,253,234,215,200,194,198,213,233,252,267,272,268,255,237,218,205,199,203,216
MA11,2020/04/22,236,257,274,280,278,265,244,221,201,189,189,200,219,243,264,276,279,270,253,235,218,208,207,216
MA11,2020/04/23,232,253,271,281,282,271,250,224,199,182,176,182,200,225,250,271,281,278,265,247,229,215,209,212
MA11,2020/04/24,226,245,264,276,280,273,255,228,200,177,164,165,179,203,229,254,270,275,268,254,237,221,212,211
MA11,2020/04/25,221,239,257,271,277,274,258,233,204,178,160,154,161,180,206,233,254,266,266,258,244,228,216,213
MA11,2020/04/26,218,232,250,266,276,278,267,246,219,191,169,156,156,168,191,217,241,258,265,263,254,241,229,222
MA11,2020/04/27,223,232,246,261,272,276,270,253,228,201,175,158,152,157,174,197,222,243,255,259,256,247,236,228
MA11,2020/04/28,227,232,243,256,267,275,273,261,241,216,191,171,158,155,165,182,203,225,242,252,255,251,244,237
MA11,2020/04/29,234,236,242,251,262,270,272,265,251,231,209,188,172,163,164,173,188,205,223,237,245,247,245,240
MA11,2020/04/30,237,236,238,243,250,256,261,259,251,237,220,201,183,169,162,164,171,184,201,218,231,241,246,247
MA11,2020/05/01,247,246,245,246,249,253,258,260,257,250,241,228,212,197,185,177,175,180,189,202,219,233,243,250
MA11,2020/05/02,253,253,251,246,244,244,246,249,250,250,250,247,238,224,210,196,185,180,181,189,203,219,234,246
MA11,2020/05/03,255,258,255,249,241,235,231,230,232,237,244,249,249,244,234,220,204,191,183,184,192,207,225,243
MA11,2020/05/04,257,265,264,256,244,233,223,217,216,222,235,249,260,266,264,253,236,217,201,193,193,204,222,242
MA11,2020/05/05,262,275,277,269,254,236,218,203,196,199,211,230,249,264,272,270,257,237,216,198,189,192,204,224
MA11,2020/05/06,247,265,274,272,258,236,212,191,175,172,181,200,225,251,270,278,276,262,241,221,207,202,208,225
MA11,2020/05/07,246,267,280,283,272,251,223,193,168,156,158,172,197,226,253,272,280,274,259,239,220,209,207,216
MA11,2020/05/08,235,257,274,281,276,258,229,196,164,142,134,139,158,186,218,245,263,268,263,249,232,218,212,216
MA11,2020/05/09,230,250,269,282,284,273,249,217,182,153,136,133,144,166,196,226,251,266,269,263,250,237,228,226
MA11,2020/05/10,235,251,269,286,294,290,274,247,215,184,160,148,150,165,190,219,247,267,278,279,274,264,254,249
MA11,2020/05/11,251,261,276,291,301,304,295,273,244,214,187,168,159,163,179,202,226,248,262,269,269,263,255,248
MA11,2020/05/12,246,251,262,274,286,293,291,279,257,230,204,182,168,164,171,187,207,228,247,260,266,266,261,256
MA11,2020/05/13,253,254,258,266,276,284,288,283,269,250,228,207,190,179,177,184,196,211,226,240,250,254,255,253
MA11,2020/05/14,249,248,248,250,256,263,267,268,262,250,235,218,202,188,181,181,187,197,211,225,237,247,251,252
MA11,2020/05/15,250,248,245,243,243,247,252,255,254,251,243,233,221,208,198,192,191,196,204,215,228,241,249,254
MA11,2020/05/16,256,254,251,246,240,238,240,243,247,251,251,250,244,235,226,218,213,210,212,220,232,245,257,266
MA11,2020/05/17,271,272,269,261,251,243,240,239,241,247,254,258,260,257,249,238,228,219,215,217,225,236,249,261
MA11,2020/05/18,269,272,268,260,247,234,223,217,217,224,235,246,255,258,256,250,239,228,219,215,219,229,242,258
MA11,2020/05/19,270,278,278,270,256,240,224,212,209,214,226,243,258,271,277,275,266,253,240,230,229,235,246,261
MA11,2020/05/20,276,287,290,284,269,248,226,208,196,196,206,223,243,261,273,277,272,259,245,233,226,227,234,248
MA11,2020/05/21,264,278,285,281,267,247,222,198,182,175,180,196,218,241,260,270,271,264,249,234,224,220,224,236
MA11,2020/05/22,252,268,278,279,271,252,225,198,174,160,160,173,196,221,246,265,272,269,259,246,234,227,226,235
MA11,2020/05/23,250,267,280,286,282,266,241,211,183,163,157,164,182,209,237,260,275,280,274,262,249,238,234,237
MA11,2020/05/24,249,265,280,289,288,276,254,225,194,169,154,153,165,188,217,245,266,278,279,271,261,249,241,241
MA11,2020/05/25,250,264,279,291,295,289,272,245,215,186,165,156,160,177,202,230,255,272,279,277,269,258,249,245
MA11,2020/05/26,248,259,273,285,293,292,283,261,232,202,177,161,157,165,184,210,236,259,273,277,273,267,259,252
MA11,2020/05/27,252,259,269,282,292,297,292,277,254,228,202,181,169,169,180,200,223,245,263,273,276,272,264,257
MA11,2020/05/28,254,256,262,271,281,289,289,281,265,243,220,198,181,172,175,186,203,224,244,259,268,269,265,260
MA11,2020/05/29,255,252,253,258,265,273,278,276,266,252,234,215,196,182,176,177,187,203,221,238,251,259,260,256
MA11,2020/05/30,251,246,242,241,244,250,256,259,258,251,241,228,212,196,185,179,179,188,202,219,235,248,255,256
MA11,2020/05/31,254,248,240,234,231,231,235,240,244,247,246,242,233,221,208,197,191,191,199,212,229,245,258,264
MA11,2020/06/01,265,260,251,239,229,223,221,223,229,238,247,252,254,249,239,226,215,206,205,212,225,243,259,271
MA11,2020/06/02,277,274,265,251,235,221,211,208,212,222,237,252,262,267,264,254,242,229,220,218,225,240,257,272
MA11,2020/06/03,283,285,279,263,242,221,203,192,189,197,212,233,253,269,277,275,266,253,240,232,232,241,256,273
MA11,2020/06/04,287,295,292,279,258,232,205,185,174,174,187,208,233,257,275,284,282,273,259,247,241,243,252,267
MA11,2020/06/05,284,297,300,293,274,248,217,188,167,158,162,179,204,232,258,276,284,282,272,258,247,243,246,257
MA11,2020/06/06,274,291,301,300,288,265,233,200,171,151,147,156,176,204,234,260,277,283,278,267,255,247,245,250
MA11,2020/06/07,264,282,296,302,297,281,255,222,188,160,145,145,158,182,211,239,261,275,278,272,263,252,244,244
MA11,2020/06/08,253,267,283,294,297,288,267,238,205,173,151,141,144,160,185,213,239,258,268,267,260,252,244,238
MA11,2020/06/09,242,252,266,279,289,288,277,254,225,194,168,152,148,155,173,197,222,245,260,266,265,258,250,242
MA11,2020/06/10,240,246,256,269,281,287,284,270,247,220,194,174,162,162,172,190,213,235,254,265,269,267,261,253
MA11,2020/06/11,248,248,254,264,275,285,288,282,268,248,226,205,190,184,186,196,213,233,251,265,273,275,271,264
MA11,2020/06/12,257,254,253,257,265,275,281,281,274,262,245,226,210,199,196,200,211,225,241,256,267,272,271,266
MA11,2020/06/13,260,253,247,246,249,254,262,266,266,260,250,237,224,212,204,203,207,218,231,245,257,266,268,265
MA11,2020/06/14,260,254,245,238,235,236,241,247,251,254,252,246,238,230,222,217,217,222,232,246,260,272,279,281
MA11,2020/06/15,279,272,261,250,241,237,237,239,244,251,257,259,257,251,243,236,231,230,233,241,254,267,276,281
MA11,2020/06/16,282,276,266,253,239,228,222,222,228,237,247,257,262,263,260,253,247,242,239,242,250,262,274,281
MA11,2020/06/17,284,282,273,258,241,223,210,204,205,213,227,242,255,263,265,262,255,248,241,238,243,252,264,275
MA11,2020/06/18,283,285,279,266,246,225,206,193,188,193,207,225,245,261,271,273,269,261,253,247,246,252,262,274
MA11,2020/06/19,286,293,291,281,263,240,215,195,183,181,192,211,235,258,274,282,283,277,267,257,251,253,259,270
MA11,2020/06/20,284,295,298,292,276,251,224,197,177,167,171,187,210,236,259,275,281,278,269,258,249,245,247,257
MA11,2020/06/21,271,284,292,291,280,259,231,200,174,157,153,162,183,210,238,260,274,278,273,263,253,246,244,249
MA11,2020/06/22,262,277,289,294,289,273,248,217,185,161,148,149,163,189,219,247,267,279,280,273,263,254,248,249
MA11,2020/06/23,259,274,289,299,301,292,272,244,211,182,162,155,162,181,208,237,262,278,284,280,271,261,253,248
MA11,2020/06/24,252,263,276,288,296,294,281,257,226,194,169,153,149,160,181,208,236,258,271,274,270,260,250,243
MA11,2020/06/25,243,251,263,276,288,293,287,271,247,219,191,170,159,161,174,197,224,249,267,276,277,271,261,251
MA11,2020/06/26,246,248,256,267,280,290,293,286,271,248,222,198,182,175,178,192,214,238,259,275,281,279,271,261
MA11,2020/06/27,252,249,249,256,267,279,286,286,278,264,246,224,206,193,188,194,208,228,249,266,277,281,276,267
MA11,2020/06/28,257,248,242,242,247,257,267,273,275,271,262,249,233,219,211,209,215,228,245,262,277,285,285,278
MA11,2020/06/29,268,255,243,234,232,235,243,252,259,263,262,258,249,238,226,218,216,221,232,247,263,276,281,278
MA11,2020/06/30,270,258,243,229,219,215,218,224,234,244,253,260,262,258,251,243,237,235,241,252,267,282,292,294
MA11,2020/07/01,290,279,263,244,227,214,208,208,215,226,240,254,265,270,269,264,257,252,251,256,264,275,286,293
MA11,2020/07/02,295,290,276,256,234,212,197,188,188,197,213,233,252,266,274,275,270,262,256,252,255,264,276,287
MA11,2020/07/03,295,294,284,267,242,215,190,172,163,165,178,199,223,246,262,270,272,267,258,251,249,253,263,275
MA11,2020/07/04,288,296,293,281,262,235,207,183,165,160,167,185,210,237,261,279,286,285,279,270,262,260,265,275
MA11,2020/07/05,289,302,307,303,289,265,234,203,176,160,157,166,187,213,241,265,281,285,282,273,263,257,256,261
MA11,2020/07/06,275,290,301,305,299,281,255,223,192,167,155,156,170,193,221,247,268,280,281,275,266,257,251,252
MA11,2020/07/07,261,277,292,302,304,294,274,246,213,184,165,156,162,180,205,233,259,275,282,281,273,263,253,248
MA11,2020/07/08,253,266,281,295,303,303,291,268,239,208,184,170,167,178,199,224,249,269,280,282,276,267,255,246
MA11,2020/07/09,245,251,264,279,292,298,293,278,254,227,202,183,175,178,191,212,235,257,273,279,276,268,256,245
MA11,2020/07/10,239,240,247,260,273,283,286,278,262,240,216,197,184,181,189,204,224,246,263,273,276,272,261,251
MA11,2020/07/11,242,238,240,248,261,274,282,283,275,260,242,224,210,203,205,215,230,248,264,278,284,283,275,263
MA11,2020/07/12,251,243,238,240,248,258,268,274,273,266,254,239,226,217,214,218,228,243,257,271,280,282,277,267
MA11,2020/07/13,255,244,234,229,230,237,245,253,257,256,251,243,233,225,220,220,225,235,247,260,270,276,276,269
MA11,2020/07/14,259,247,234,226,222,223,229,237,244,251,254,254,252,248,243,242,242,247,257,268,279,288,290,288
MA11,2020/07/15,282,270,256,242,231,225,225,229,237,246,254,260,263,262,259,256,254,255,259,266,275,283,289,290
MA11,2020/07/16,285,275,261,244,227,214,207,207,212,222,234,247,257,263,264,262,259,256,255,257,264,272,280,284
MA11,2020/07/17,284,279,267,250,231,212,197,190,189,197,213,230,246,260,268,270,269,264,259,257,259,265,273,281
MA11,2020/07/18,286,286,279,263,243,220,199,183,176,180,193,213,234,254,270,277,278,274,267,262,260,262,269,279
MA11,2020/07/19,288,294,292,282,263,239,212,187,172,169,176,194,217,242,263,276,281,279,271,262,257,256,259,268
MA11,2020/07/20,281,292,297,293,278,254,225,196,171,158,158,170,193,221,248,270,282,284,278,269,259,254,255,261
MA11,2020/07/21,274,288,299,301,294,276,248,216,186,163,153,157,175,201,231,257,276,284,282,275,263,253,249,252
MA11,2020/07/22,263,278,293,302,303,292,271,240,205,176,157,151,160,181,210,240,266,281,284,278,268,256,246,244
MA11,2020/07/23,250,263,280,294,303,302,288,263,231,198,173,160,159,172,196,225,254,275,284,282,274,261,247,239
MA11,2020/07/24,239,248,263,280,294,301,297,280,254,224,196,175,166,171,188,213,240,263,278,282,276,263,247,234
MA11,2020/07/25,229,231,241,256,272,286,291,285,269,246,220,198,183,179,188,206,229,254,272,281,280,271,255,239
MA11,2020/07/26,227,222,225,236,249,264,275,277,272,258,239,219,203,195,195,204,222,244,263,276,280,274,262,245
MA11,2020/07/27,229,218,214,217,227,241,254,264,266,262,253,240,226,216,212,216,228,244,261,275,283,283,274,258
MA11,2020/07/28,242,226,213,208,210,218,230,242,251,256,257,254,247,240,235,235,240,250,263,278,288,293,289,277
MA11,2020/07/29,261,244,227,213,204,203,209,217,227,238,246,250,251,249,246,245,244,248,255,265,276,283,283,278
MA11,2020/07/30,268,252,233,214,198,189,186,190,199,211,225,238,248,255,258,258,255,254,256,261,271,279,285,286
MA11,2020/07/31,281,271,255,235,213,196,183,178,181,191,207,225,241,255,265,269,268,264,261,261,265,273,281,288
MA11,2020/08/01,289,286,276,257,234,211,189,174,168,173,186,205,226,247,264,274,275,271,265,259,257,261,269,277
MA11,2020/08/02,287,292,288,277,258,232,206,182,166,162,169,185,208,233,255,272,279,278,272,262,256,254,258,268
MA11,2020/08/03,280,291,296,292,277,255,227,197,174,161,160,172,192,218,244,265,277,280,274,263,253,247,246,254
MA11,2020/08/04,268,283,295,298,292,275,249,217,188,167,158,163,179,203,231,255,272,278,275,265,252,241,235,238
MA11,2020/08/05,250,267,283,293,294,285,264,235,203,177,161,157,168,189,216,242,263,274,275,267,254,240,230,227
MA11,2020/08/06,234,249,268,284,294,293,281,258,229,201,180,170,173,189,212,238,262,277,282,278,267,252,238,230
MA11,2020/08/07,231,242,259,277,291,297,292,276,252,226,203,187,184,192,210,234,258,275,284,282,272,256,241,228
MA11,2020/08/08,223,228,241,258,274,284,286,278,260,236,214,198,190,193,207,227,249,268,279,281,276,263,245,230
MA11,2020/08/09,221,220,228,242,259,274,281,279,268,251,232,217,207,205,214,229,248,266,279,284,282,270,254,238
MA11,2020/08/10,224,216,218,226,238,253,264,268,265,254,239,226,215,212,215,226,242,258,271,279,279,272,259,243
MA11,2020/08/11,229,218,213,216,224,237,249,257,260,256,248,239,230,225,226,232,243,255,267,276,280,276,265,251
MA11,2020/08/12,236,223,215,211,213,221,231,240,248,252,252,248,245,241,240,244,251,259,268,277,283,282,276,266
MA11,2020/08/13,253,239,226,216,211,213,219,228,238,247,254,257,257,257,257,259,262,266,272,279,285,289,287,280
MA11,2020/08/14,271,258,244,229,216,210,210,214,222,233,245,254,261,266,268,268,268,268,269,274,280,284,287,286
MA11,2020/08/15,282,273,259,241,224,210,201,200,204,215,230,246,260,271,279,280,278,274,271,271,274,278,283,287
MA11,2020/08/16,288,283,273,256,234,213,196,185,182,188,203,222,243,261,274,280,280,275,268,264,264,266,272,281
MA11,2020/08/17,288,291,288,276,255,230,205,184,173,172,183,203,228,252,273,285,288,284,275,266,261,260,266,276
MA11,2020/08/18,288,299,303,296,280,255,226,198,175,164,167,183,208,237,264,282,291,289,279,267,256,250,251,260
MA11,2020/08/19,275,292,303,306,297,277,248,216,186,166,159,167,188,217,247,272,288,290,282,269,254,242,238,245
MA11,2020/08/20,258,278,297,307,308,298,274,242,209,180,163,163,176,201,232,261,282,291,287,275,258,240,229,227
MA11,2020/08/21,237,256,278,296,306,306,292,267,235,204,180,169,174,193,221,252,277,291,292,283,265,244,227,218
MA11,2020/08/22,221,234,255,278,295,305,302,286,261,232,206,188,184,194,217,244,271,290,295,290,275,253,231,216
MA11,2020/08/23,210,216,232,252,274,290,296,292,277,254,231,212,203,206,221,244,268,288,298,298,287,267,243,223
MA11,2020/08/24,210,207,215,231,250,270,284,288,282,270,253,237,225,223,231,246,268,287,300,303,297,281,259,237
MA11,2020/08/25,218,207,206,213,227,245,261,272,276,273,265,255,246,242,244,254,269,284,297,305,303,292,274,254
MA11,2020/08/26,233,216,206,203,209,220,234,247,256,261,262,259,255,252,251,256,265,276,287,296,299,294,283,266
MA11,2020/08/27,247,228,213,203,199,203,211,222,234,244,252,257,260,262,262,263,265,271,278,286,293,293,288,279
MA11,2020/08/28,266,249,232,216,203,197,198,203,212,224,237,249,259,266,270,271,270,270,272,277,283,287,288,286
MA11,2020/08/29,279,269,255,237,218,204,196,193,197,207,222,238,254,267,275,278,277,273,269,269,273,277,282,286
MA11,2020/08/30,287,284,275,259,239,219,203,191,188,193,208,227,247,266,280,287,287,281,272,266,263,265,272,281
MA11,2020/08/31,290,295,294,284,266,243,220,200,186,184,193,209,231,254,273,285,288,282,271,260,252,249,253,264
MA11,2020/09/01,279,291,297,294,281,260,235,209,188,178,180,193,215,241,264,282,289,285,274,260,247,238,239,249
MA11,2020/09/02,265,283,296,300,293,277,253,224,199,182,178,186,204,230,256,277,287,287,276,260,244,231,225,232
MA11,2020/09/03,246,267,287,299,301,292,272,245,218,196,186,188,202,225,251,274,289,292,284,269,249,231,220,220
MA11,2020/09/04,231,250,273,290,299,297,282,259,233,208,192,188,196,215,240,265,283,289,284,270,251,229,214,209
MA11,2020/09/05,215,231,254,275,290,295,288,270,245,221,203,195,198,212,234,259,279,290,289,277,259,238,218,207
MA11,2020/09/06,206,217,237,259,279,291,291,280,261,240,221,210,208,217,235,257,277,289,292,283,266,244,224,208
MA11,2020/09/07,202,206,220,239,260,276,282,277,264,247,231,219,215,219,233,252,271,285,291,287,274,254,233,215
MA11,2020/09/08,203,201,208,222,240,258,269,271,265,253,240,230,224,224,233,247,263,276,284,285,276,259,240,222
MA11,2020/09/09,207,199,201,209,223,238,253,261,261,257,250,242,237,235,240,251,264,276,284,286,282,271,253,235
MA11,2020/09/10,220,209,205,207,215,229,243,254,261,263,261,258,255,253,256,263,271,279,287,291,289,282,270,254
MA11,2020/09/11,238,224,214,208,209,216,225,236,246,253,257,259,259,259,260,263,267,271,276,281,282,278,271,261
MA11,2020/09/12,247,234,221,209,202,202,207,216,226,238,249,257,264,268,270,271,272,272,275,279,282,283,283,279
MA11,2020/09/13,272,262,248,233,220,210,206,208,215,228,243,258,270,279,283,285,283,279,277,277,279,282,285,287
MA11,2020/09/14,287,282,271,254,234,216,202,195,196,207,223,242,261,277,286,289,284,277,269,263,263,266,272,280
MA11,2020/09/15,287,288,284,270,250,226,203,186,178,182,196,218,242,264,280,288,286,277,265,255,249,249,256,269
MA11,2020/09/16,283,295,300,293,277,252,224,199,181,175,184,204,230,257,279,293,294,285,269,253,241,235,238,251
MA11,2020/09/17,270,289,303,307,298,279,251,220,193,178,177,190,214,243,271,291,298,291,276,255,237,224,221,231
MA11,2020/09/18,250,273,297,311,314,305,283,253,223,200,189,194,212,238,268,292,305,302,287,265,240,219,207,209
MA11,2020/09/19,224,248,276,299,310,310,297,272,243,216,198,194,205,228,257,285,302,305,294,273,246,220,201,195
MA11,2020/09/20,202,221,248,275,296,306,303,287,264,239,219,209,211,226,251,278,299,307,301,284,258,229,204,190
MA11,2020/09/21,188,199,222,248,272,290,296,292,277,257,239,227,224,232,250,273,294,306,306,293,271,242,214,193
MA11,2020/09/22,182,184,197,218,241,263,277,281,276,266,253,241,235,238,249,267,285,297,303,297,281,258,232,207
MA11,2020/09/23,191,185,189,202,220,240,257,269,272,269,263,256,252,251,256,267,281,293,300,299,289,272,250,228
MA11,2020/09/24,209,196,192,195,204,219,235,249,258,262,263,262,262,261,263,270,278,285,292,297,293,284,270,252
MA11,2020/09/25,234,219,208,202,203,210,221,233,244,255,264,269,274,277,279,283,286,291,298,301,302,300,294,285
MA11,2020/09/26,273,259,244,232,224,221,223,231,241,253,265,276,284,288,291,291,289,287,285,287,289,290,290,289
MA11,2020/09/27,283,274,262,246,232,222,215,215,220,230,244,259,271,281,287,287,283,276,270,267,269,272,278,283
MA11,2020/09/28,285,282,274,259,241,224,209,200,200,208,222,240,259,273,283,285,279,270,259,251,247,249,257,269
MA11,2020/09/29,279,285,284,276,259,240,220,203,196,199,210,228,249,269,283,288,285,274,259,246,237,236,244,259
MA11,2020/09/30,276,291,298,295,282,263,241,221,208,204,211,227,249,272,289,299,298,286,268,250,235,228,231,244
MA11,2020/10/01,263,283,298,302,296,281,258,234,215,204,206,219,239,262,283,297,299,288,270,249,229,216,213,222
MA11,2020/10/02,241,264,284,296,298,288,268,244,222,207,202,208,225,248,270,287,294,287,270,248,223,205,197,202
MA11,2020/10/03,219,243,268,288,297,293,279,258,236,219,210,212,225,244,268,289,298,294,280,258,232,210,197,196
MA11,2020/10/04,207,229,255,278,295,299,290,274,253,235,223,220,229,247,269,290,303,303,292,271,245,222,204,197
MA11,2020/10/05,203,221,246,272,293,304,303,291,274,256,241,235,239,251,269,289,303,306,299,281,257,231,210,197
MA11,2020/10/06,196,207,226,250,272,288,293,288,275,260,247,239,239,246,262,280,293,300,296,281,259,233,209,191
MA11,2020/10/07,184,188,201,220,242,262,273,274,268,258,247,239,236,241,252,266,278,285,286,277,260,238,214,194
MA11,2020/10/08,184,182,188,201,220,239,253,260,261,256,249,243,240,242,250,261,270,278,280,275,262,244,224,204
MA11,2020/10/09,190,184,184,191,205,222,237,248,254,255,253,250,248,249,254,260,268,274,278,277,269,256,239,222
MA11,2020/10/10,207,196,190,189,196,209,223,237,248,255,257,259,261,262,265,268,271,276,280,280,278,271,260,247
MA11,2020/10/11,234,221,210,203,200,205,214,225,238,250,260,267,272,275,276,277,275,274,275,277,277,276,273,266
MA11,2020/10/12,258,247,234,220,210,204,204,210,222,237,253,266,276,282,284,283,279,273,269,268,270,274,277,279
MA11,2020/10/13,278,273,261,245,228,213,204,202,207,221,239,258,274,285,289,287,279,267,257,251,250,255,264,274
MA11,2020/10/14,282,285,280,266,247,226,208,196,194,204,222,245,267,284,293,293,284,268,252,240,234,237,248,264
MA11,2020/10/15,280,293,297,290,274,250,224,203,192,193,207,229,254,276,291,295,285,266,244,222,208,206,214,231
MA11,2020/10/16,254,276,291,294,286,267,241,215,196,189,196,214,239,265,286,295,291,273,248,222,200,188,191,205
MA11,2020/10/17,229,258,282,296,300,289,268,242,218,202,199,210,232,258,282,296,297,282,257,227,197,177,170,177
MA11,2020/10/18,198,227,257,282,296,297,285,264,242,223,214,217,232,255,280,298,304,295,272,241,208,180,163,160
MA11,2020/10/19,173,199,229,258,281,292,291,280,263,244,230,227,235,252,274,294,305,301,286,260,226,195,170,158
MA11,2020/10/20,160,176,202,230,256,276,284,281,271,256,242,236,238,249,267,287,300,302,292,271,242,210,181,160
MA11,2020/10/21,153,159,177,201,226,249,263,269,268,260,250,244,242,247,260,275,289,296,292,278,256,229,202,179
MA11,2020/10/22,163,161,170,185,206,228,245,257,263,261,257,253,251,253,261,272,284,293,293,288,274,254,232,210
MA11,2020/10/23,191,182,182,190,203,220,237,252,264,269,271,271,272,273,277,283,291,296,300,300,293,280,265,246
MA11,2020/10/24,228,215,205,203,208,216,227,240,252,262,268,272,274,274,275,276,277,279,281,281,280,278,270,260
MA11,2020/10/25,248,234,221,213,209,210,216,225,237,249,260,269,273,274,273,271,267,263,262,263,265,266,266,264
MA11,2020/10/26,259,250,239,227,217,211,210,215,224,236,250,263,271,276,276,271,263,254,248,245,247,252,259,264
MA11,2020/10/27,267,265,258,246,233,221,213,212,217,227,242,258,272,281,283,277,266,251,238,231,230,235,245,257
MA11,2020/10/28,267,272,271,262,248,232,218,210,210,216,231,249,266,279,285,282,269,253,235,221,215,218,229,244
MA11,2020/10/29,261,274,280,276,264,246,229,216,210,212,223,241,260,276,286,285,274,255,232,213,201,200,209,225
MA11,2020/10/30,246,265,279,283,276,261,243,226,215,213,220,235,254,272,285,288,281,262,237,213,194,185,189,204
MA11,2020/10/31,226,251,272,283,283,274,256,238,223,215,218,231,248,267,283,290,286,269,244,217,193,178,176,186
MA11,2020/11/01,208,234,260,278,285,281,268,252,235,223,221,229,244,264,282,292,292,279,255,227,200,180,171,175
MA11,2020/11/02,193,219,247,271,286,288,281,267,251,237,231,233,245,263,281,294,298,289,269,243,214,190,175,173
MA11,2020/11/03,186,210,238,264,284,294,293,285,272,259,251,250,257,271,289,304,311,307,291,266,238,211,191,180
MA11,2020/11/04,182,198,223,250,274,287,292,289,278,265,255,251,254,264,278,291,300,299,287,265,239,212,188,173
MA11,2020/11/05,171,180,198,221,244,264,275,277,272,262,253,247,246,251,263,275,284,287,281,265,243,218,194,176
MA11,2020/11/06,167,169,181,200,224,244,259,268,269,264,257,251,249,252,261,272,281,286,285,276,259,239,217,195
MA11,2020/11/07,182,177,181,192,210,229,247,262,269,270,267,264,261,261,266,272,279,285,287,281,271,257,238,219
MA11,2020/11/08,205,195,191,195,205,220,236,252,265,271,273,272,271,270,272,273,276,279,281,280,276,267,254,237
MA11,2020/11/09,222,210,201,196,199,206,218,234,249,260,269,273,273,272,269,266,264,263,263,264,264,262,258,250
MA11,2020/11/10,240,228,214,203,197,196,201,212,227,242,256,267,272,271,269,262,253,247,243,242,245,250,255,255
MA11,2020/11/11,253,246,233,218,204,194,189,194,204,220,238,252,261,265,262,252,239,226,215,211,213,221,231,242
MA11,2020/11/12,250,253,247,234,217,200,188,185,190,202,221,241,256,265,265,256,240,221,203,192,189,196,211,229
MA11,2020/11/13,247,260,265,259,245,227,209,198,196,203,221,242,262,276,281,274,256,233,208,187,177,180,192,212
MA11,2020/11/14,237,260,275,278,272,256,236,220,210,209,220,240,261,279,289,286,270,244,212,182,161,154,160,178
MA11,2020/11/15,206,235,261,276,280,272,256,238,223,216,220,234,255,275,290,293,282,258,226,191,162,145,142,153
MA11,2020/11/16,177,209,241,266,281,284,275,260,244,233,230,238,253,273,292,301,296,277,248,212,177,149,134,135
MA11,2020/11/17,150,176,208,237,259,271,271,262,249,237,230,231,241,257,275,289,291,281,258,225,189,157,136,128
MA11,2020/11/18,134,153,180,211,239,259,268,268,261,250,240,235,240,252,267,283,291,288,272,247,215,182,155,138
MA11,2020/11/19,134,144,164,191,218,241,257,264,262,256,250,245,245,252,265,278,289,293,286,269,244,214,187,166
MA11,2020/11/20,154,155,166,185,207,229,248,260,264,264,261,257,255,258,266,275,286,293,291,281,263,241,217,195
MA11,2020/11/21,178,170,172,182,198,216,234,248,257,260,258,255,251,249,251,254,261,267,270,267,259,244,226,209
MA11,2020/11/22,193,181,176,178,187,201,217,232,246,255,258,259,257,254,252,251,253,256,260,262,261,257,249,239
MA11,2020/11/23,226,214,207,203,203,207,214,226,240,250,256,259,259,255,250,243,239,237,237,239,242,243,242,238
MA11,2020/11/24,230,219,209,200,195,194,198,209,221,233,244,251,254,254,248,239,229,220,216,217,221,227,233,237
MA11,2020/11/25,236,233,226,217,209,203,202,208,219,231,245,256,263,265,260,249,235,221,211,207,209,216,228,240
MA11,2020/11/26,247,251,249,241,230,221,216,215,221,230,244,258,267,270,267,255,238,219,202,191,189,195,208,224
MA11,2020/11/27,239,249,252,250,241,229,219,213,215,222,235,251,265,273,274,266,249,227,205,188,180,184,197,216
MA11,2020/11/28,237,256,269,272,265,256,244,233,229,232,242,257,272,282,286,279,262,238,210,186,171,167,175,194
MA11,2020/11/29,216,238,256,265,264,257,245,232,224,222,228,241,256,270,278,276,264,241,211,183,162,150,153,168
MA11,2020/11/30,192,218,243,259,265,261,251,238,227,221,223,233,247,262,274,277,268,247,218,188,161,142,137,145
MA11,2020/12/01,166,193,222,245,258,261,256,244,232,223,221,226,238,254,268,276,273,257,231,199,168,145,134,136
MA11,2020/12/02,152,177,206,234,254,264,263,256,244,234,229,230,239,253,268,279,281,271,250,221,190,163,145,139
MA11,2020/12/03,147,167,195,224,247,264,271,268,260,250,243,242,247,258,273,286,292,289,273,247,217,188,164,150
MA11,2020/12/04,149,160,182,209,234,254,266,268,263,255,246,241,241,248,259,271,280,280,270,251,226,197,171,152
MA11,2020/12/05,143,148,163,185,210,233,251,260,260,255,248,241,238,242,251,262,272,276,272,260,240,217,192,170
MA11,2020/12/06,156,152,158,172,193,216,236,249,256,256,252,245,241,241,246,253,261,268,270,265,254,237,217,197
MA11,2020/12/07,179,169,167,174,188,208,229,245,256,260,259,255,249,244,244,247,252,257,261,262,259,250,238,223
MA11,2020/12/08,207,195,186,183,189,202,217,235,250,259,264,262,255,249,244,240,239,240,243,247,249,250,247,240
MA11,2020/12/09,228,215,203,194,191,195,206,222,238,251,261,263,260,253,243,234,227,221,221,225,230,238,244,245
MA11,2020/12/10,241,235,224,212,203,200,205,216,230,246,260,267,268,262,252,237,222,211,204,203,209,220,232,244
MA11,2020/12/11,251,252,246,236,224,214,211,214,224,239,255,267,273,271,262,245,225,205,189,181,183,194,211,231
MA11,2020/12/12,248,261,267,264,254,242,233,230,234,245,261,276,286,290,286,270,245,218,194,176,169,174,189,212
MA11,2020/12/13,237,260,276,281,277,268,255,247,243,246,257,272,283,292,293,282,260,230,197,171,156,153,163,183
MA11,2020/12/14,210,242,269,284,289,283,271,260,251,247,254,266,280,294,301,297,280,252,218,185,158,143,142,155
MA11,2020/12/15,179,211,241,265,279,284,280,270,259,253,254,262,275,290,302,305,296,273,242,205,171,148,137,140
MA11,2020/12/16,158,184,215,244,266,278,280,275,265,257,253,255,264,280,295,305,303,288,263,230,194,164,143,137
MA11,2020/12/17,145,164,191,221,246,264,273,273,266,257,250,248,253,265,280,294,299,294,277,250,218,186,160,145
MA11,2020/12/18,142,154,175,202,229,250,265,270,267,260,252,246,246,254,267,282,294,296,288,270,245,218,192,171
MA11,2020/12/19,160,161,174,193,216,238,258,268,270,265,258,251,247,247,256,269,280,287,286,276,258,236,211,189
MA11,2020/12/20,174,169,175,187,206,227,247,260,264,264,259,251,243,240,243,250,259,268,273,270,261,246,226,206
MA11,2020/12/21,190,181,181,188,201,218,236,252,261,264,261,254,245,238,235,235,241,248,254,256,253,246,234,220
MA11,2020/12/22,206,195,190,191,199,213,228,243,255,261,262,258,250,242,236,230,229,232,238,243,247,248,245,238
MA11,2020/12/23,228,219,212,209,210,217,228,240,252,261,265,263,257,249,240,230,222,220,221,226,232,239,243,243
MA11,2020/12/24,240,236,231,226,224,226,233,244,256,266,274,276,274,268,257,244,231,220,216,216,221,232,242,249
MA11,2020/12/25,254,256,252,248,243,241,243,249,257,267,276,281,282,278,269,254,236,218,205,199,201,210,222,235
MA11,2020/12/26,245,253,256,253,246,242,239,239,243,253,263,271,276,276,270,255,236,214,195,183,179,185,198,214
MA11,2020/12/27,231,247,256,258,255,248,242,239,240,246,256,266,274,278,275,263,243,218,193,173,162,163,175,193
MA11,2020/12/28,214,237,253,261,262,259,252,245,242,244,252,263,273,281,283,275,258,234,205,178,161,155,160,176
MA11,2020/12/29,199,224,246,261,268,268,262,253,245,243,247,256,268,280,288,288,276,255,226,195,171,159,157,169
MA11,2020/12/30,193,222,250,272,285,291,288,280,273,269,270,279,291,307,321,326,317,296,265,232,202,180,169,171
MA11,2020/12/31,187,212,240,264,281,289,288,279,268,259,254,256,264,278,291,300,299,285,260,229,196,169,150,145
