MA11,1976/01/01,129,154,181,199,205,206,199,188,179,178,183,191,207,222,236,235,218,196,166,132,104,089,084,100
MA11,1976/01/02,118,146,179,197,211,219,214,203,192,180,178,186,196,216,230,236,233,213,181,150,117,092,084,083
MA11,1976/01/03,098,125,153,178,197,208,206,198,186,173,165,165,176,191,212,229,227,219,199,170,141,114,094,088
MA11,1976/01/04,097,116,144,174,197,214,219,211,200,189,173,168,173,188,209,226,234,235,222,199,169,141,116,106
MA11,1976/01/05,109,125,148,175,201,220,230,228,220,209,194,182,178,184,199,218,233,242,240,228,208,181,153,132
MA11,1976/01/06,121,127,144,166,187,213,226,231,226,214,196,182,172,172,184,200,215,225,226,217,198,177,153,135
MA11,1976/01/07,125,127,141,160,182,203,218,220,216,206,190,171,159,157,162,174,186,196,204,201,188,171,154,138
MA11,1976/01/08,130,132,140,157,177,197,212,218,218,211,196,180,171,164,164,171,184,194,203,206,202,193,180,167
MA11,1976/01/09,158,155,158,164,177,193,210,220,223,218,209,194,177,166,158,156,159,164,175,183,185,184,177,169
MA11,1976/01/10,162,158,156,160,168,183,195,205,215,218,210,197,183,170,159,151,146,148,153,163,171,176,176,172
MA11,1976/01/11,171,170,168,169,177,185,196,206,217,222,217,208,196,184,172,160,152,147,148,155,165,172,180,187
MA11,1976/01/12,188,186,186,186,185,188,194,200,212,216,218,216,205,194,181,165,150,137,124,125,131,138,150,161
MA11,1976/01/13,170,181,182,180,178,176,177,182,186,196,207,209,208,202,191,178,158,135,122,111,110,120,131,147
MA11,1976/01/14,166,180,188,192,192,188,184,182,185,195,204,212,218,219,212,200,180,154,128,108,102,104,115,134
MA11,1976/01/15,154,177,194,202,202,197,190,185,182,185,191,201,210,216,217,209,187,159,131,107,089,084,090,107
MA11,1976/01/16,133,159,179,192,199,198,188,178,170,168,173,183,196,210,220,216,204,181,149,116,092,078,077,091
MA11,1976/01/17,112,141,171,193,208,209,200,190,179,172,174,182,196,216,232,238,235,218,189,156,125,101,093,096
MA11,1976/01/18,112,138,173,200,219,226,223,211,192,182,176,177,188,207,224,240,242,232,211,177,143,113,093,087
MA11,1976/01/19,097,121,151,184,208,222,226,215,200,185,171,166,173,186,208,228,240,240,230,202,171,141,113,097
MA11,1976/01/20,097,113,140,170,200,219,225,220,206,187,168,156,154,158,177,202,218,227,224,210,188,160,132,112
MA11,1976/01/21,105,113,132,158,185,208,222,223,212,195,172,155,143,145,158,177,196,209,215,212,197,174,150,131
MA11,1976/01/22,117,118,130,149,175,202,217,223,216,203,184,163,148,142,146,158,176,192,201,207,202,190,173,153
MA11,1976/01/23,139,133,138,151,170,191,210,220,221,213,196,176,156,140,136,140,150,165,178,187,189,188,180,168
MA11,1976/01/24,156,147,147,150,159,180,199,210,214,211,200,180,159,142,130,123,127,132,141,153,164,172,172,167
MA11,1976/01/25,162,160,159,160,166,180,193,206,212,213,209,200,183,165,151,137,129,128,131,138,147,158,165,170
MA11,1976/01/26,175,177,176,174,172,177,185,195,203,211,216,212,196,177,161,144,9999,9999,9999,9999,9999,9999,9999,9999
MA11,1976/01/27,9999,9999,9999,9999,9999,9999,9999,9999,9999,9999,9999,9999,9999,9999,9999,175,152,133,119,112,110,118,130,146
MA11,1976/01/28,163,179,193,197,195,191,188,184,186,193,200,207,213,212,205,192,171,146,122,105,096,098,108,125
MA11,1976/01/29,145,170,188,198,201,199,191,184,180,181,191,202,204,223,224,216,202,175,167,144,107,102,106,121
MA11,1976/01/30,143,169,192,207,212,211,202,190,179,176,179,189,203,217,227,227,216,196,169,136,111,098,095,105
MA11,1976/01/31,125,150,178,198,210,212,205,193,177,169,167,174,188,205,222,233,228,212,187,154,127,105,093,099
MA11,1976/02/01,113,136,167,190,208,216,210,194,180,166,155,159,169,186,210,226,230,227,205,176,149,125,106,103
MA11,1976/02/02,114,133,161,188,208,221,220,209,191,173,161,157,162,177,201,221,235,237,222,200,172,144,122,113
MA11,1976/02/03,113,129,152,178,200,215,220,212,195,176,160,149,146,154,174,196,214,221,219,203,179,154,133,115
MA11,1976/02/04,112,123,143,166,189,206,215,212,199,179,159,143,136,141,154,174,192,207,211,203,186,165,144,129
MA11,1976/02/05,120,126,142,163,185,207,219,218,210,194,175,156,145,143,152,170,192,210,218,220,212,195,181,164
MA11,1976/02/06,152,153,165,181,200,220,233,236,229,214,195,176,159,149,152,162,176,190,202,203,200,191,179,166
MA11,1976/02/07,154,150,155,167,183,201,214,221,217,206,191,173,154,141,135,138,147,159,169,178,181,179,170,160
MA11,1976/02/08,152,149,152,158,172,186,200,210,211,206,196,180,164,149,140,136,140,147,157,166,172,176,176,172
MA11,1976/02/09,167,164,165,168,178,188,200,206,210,207,202,191,176,161,147,138,134,132,138,145,155,162,165,168
MA11,1976/02/10,169,170,171,172,175,182,191,199,204,207,207,203,192,179,166,154,143,134,132,134,142,152,163,172
MA11,1976/02/11,180,186,190,192,192,193,195,198,202,206,210,211,206,195,184,168,151,138,125,118,121,128,142,158
MA11,1976/02/12,172,185,192,194,192,188,184,186,189,192,197,205,206,203,196,183,163,143,122,105,102,104,117,136
MA11,1976/02/13,154,173,188,194,192,186,180,174,172,174,182,192,201,208,207,198,180,156,128,105,091,088,095,114
MA11,1976/02/14,139,162,185,195,197,194,183,172,163,158,164,178,191,206,213,211,200,177,147,118,095,083,083,097
MA11,1976/02/15,120,150,176,194,204,201,190,176,161,152,153,162,180,199,218,227,223,208,182,151,120,099,090,095
MA11,1976/02/16,117,145,174,200,215,215,205,189,168,151,143,147,162,182,206,226,232,226,207,178,147,118,099,098
MA11,1976/02/17,110,134,164,191,212,222,215,199,177,153,136,132,136,153,177,202,220,223,212,191,160,128,104,092
MA11,1976/02/18,095,112,139,170,197,211,213,200,178,153,133,121,120,133,158,186,209,223,227,216,193,169,142,123
MA11,1976/02/19,120,129,147,175,206,221,227,220,201,174,148,129,118,118,133,156,180,199,206,205,192,174,151,132
MA11,1976/02/20,122,123,135,158,180,201,214,212,196,174,149,124,106,097,105,120,140,160,176,181,178,168,153,139
MA11,1976/02/21,129,126,132,147,167,187,202,208,200,182,161,138,116,102,100,107,119,135,151,162,170,170,161,155
MA11,1976/02/22,146,141,145,153,169,186,201,210,208,198,182,165,143,126,117,112,118,130,143,156,165,171,173,173
MA11,1976/02/23,171,170,170,175,184,195,206,217,222,217,208,193,176,160,145,136,132,132,138,146,154,164,174,180
MA11,1976/02/24,183,184,184,184,185,190,202,206,214,219,215,205,194,177,164,149,135,128,125,126,134,142,154,164
MA11,1976/02/25,174,181,188,188,186,185,186,190,192,198,202,200,194,186,173,157,138,123,114,109,110,120,131,146
MA11,1976/02/26,161,175,183,183,181,174,169,166,168,173,178,184,186,186,179,165,147,128,108,096,092,094,103,122
MA11,1976/02/27,141,158,172,177,174,168,158,150,146,146,155,168,178,186,188,182,164,145,122,102,091,090,096,112
MA11,1976/02/28,133,156,175,184,186,182,169,157,148,144,154,169,185,201,210,212,205,185,162,140,121,112,113,125
MA11,1976/02/29,146,170,190,207,212,206,195,178,161,153,154,163,181,200,217,229,226,212,188,162,138,124,117,122
MA11,1976/03/01,144,163,188,204,214,209,196,176,156,138,132,139,152,176,197,212,216,206,185,157,133,111,100,104
MA11,1976/03/02,121,144,168,189,199,200,190,170,146,128,116,118,131,151,177,197,208,209,195,171,148,126,119,118
MA11,1976/03/03,118,140,168,189,207,212,204,186,162,140,124,119,126,144,166,189,207,212,206,188,167,141,123,119
MA11,1976/03/04,124,136,162,183,198,208,205,189,167,144,119,112,110,120,142,165,185,198,198,186,167,147,128,120
MA11,1976/03/05,119,132,151,170,190,200,202,190,169,144,121,106,101,105,122,145,164,178,188,182,169,154,134,121
MA11,1976/03/06,122,127,142,162,180,194,200,195,178,156,133,115,105,104,114,132,152,169,180,181,177,166,151,140
MA11,1976/03/07,136,140,151,166,184,198,205,205,194,175,156,137,120,114,119,128,147,162,175,184,183,177,170,160
MA11,1976/03/08,153,154,158,168,183,195,203,206,198,182,165,148,132,121,116,119,129,140,153,163,170,171,166,160
MA11,1976/03/09,158,158,160,167,178,188,196,202,199,189,177,162,146,131,124,122,123,130,140,150,160,166,168,169
MA11,1976/03/10,170,170,170,172,177,182,187,192,194,190,182,171,158,145,130,122,118,117,120,129,141,151,160,166
MA11,1976/03/11,173,176,176,176,178,180,184,188,191,192,193,190,181,170,156,142,128,119,114,118,127,140,154,168
MA11,1976/03/12,180,187,190,189,184,182,180,182,186,192,197,200,200,194,188,174,154,136,124,116,120,129,142,160
MA11,1976/03/13,176,188,196,195,189,183,173,166,166,168,177,188,197,198,198,187,165,142,138,101,096,099,112,134
MA11,1976/03/14,155,176,189,192,186,175,160,147,140,141,151,166,180,195,200,197,185,162,134,110,096,092,099,119
MA11,1976/03/15,145,173,190,199,198,184,167,151,134,130,135,150,173,195,212,220,212,192,168,137,113,101,098,108
MA11,1976/03/16,133,161,183,200,203,191,173,151,125,111,111,118,139,167,191,208,212,202,182,153,126,105,095,099
MA11,1976/03/17,120,147,172,195,204,200,183,159,130,105,094,095,110,135,165,194,210,212,202,180,155,132,116,115
MA11,1976/03/18,128,152,179,202,221,219,207,186,153,123,106,098,103,124,152,182,205,218,218,205,186,164,144,134
MA11,1976/03/19,136,152,179,203,220,227,219,200,171,140,117,098,097,106,126,154,179,200,209,206,197,180,162,150
MA11,1976/03/20,146,153,169,190,212,224,226,216,193,163,136,112,098,098,108,129,151,171,189,194,191,184,170,158
MA11,1976/03/21,154,156,166,183,202,216,226,220,203,180,154,129,109,099,101,111,132,149,169,179,182,183,174,166
MA11,1976/03/22,162,159,164,176,187,201,213,212,204,189,168,148,126,110,105,109,118,131,144,157,168,173,173,172
MA11,1976/03/23,168,166,166,171,180,190,199,204,202,195,183,168,151,135,123,118,119,124,134,143,156,165,169,174
MA11,1976/03/24,176,175,174,173,175,180,185,190,194,192,187,178,165,152,138,127,119,114,116,122,132,142,152,161
MA11,1976/03/25,168,171,172,168,165,163,164,166,170,173,176,176,171,164,151,140,127,115,110,111,117,127,138,151
MA11,1976/03/26,164,172,172,170,164,158,154,152,151,157,166,174,178,178,170,162,149,134,123,117,118,128,140,158
MA11,1976/03/27,178,190,196,196,191,182,170,162,160,165,177,189,201,209,208,202,188,168,150,135,132,131,140,157
MA11,1976/03/28,175,192,202,202,196,183,166,151,142,140,151,164,181,194,203,199,190,174,151,133,122,120,126,141
MA11,1976/03/29,162,181,195,200,196,182,164,143,126,122,126,139,159,178,195,204,199,185,168,145,131,124,125,138
MA11,1976/03/30,159,182,200,211,211,200,184,160,138,129,126,140,161,182,205,221,222,215,198,177,159,144,140,148
MA11,1976/03/31,164,187,205,217,221,211,192,166,139,119,115,118,132,157,180,201,211,205,190,171,151,132,126,127
MA11,1976/04/01,141,160,183,197,204,202,185,159,132,109,095,094,104,126,153,178,196,200,194,178,160,142,131,129
MA11,1976/04/02,139,156,176,193,205,206,197,174,146,120,104,096,102,120,148,175,194,203,204,192,177,161,145,139
MA11,1976/04/03,145,158,176,195,207,212,204,186,159,132,111,095,094,106,125,149,173,189,194,191,180,164,150,143
MA11,1976/04/04,144,154,168,185,200,209,206,192,169,144,122,104,097,100,113,137,160,178,190,192,188,176,164,156
MA11,1976/04/05,152,156,166,179,193,205,206,197,180,157,135,114,102,098,104,118,139,158,172,182,181,174,164,156
MA11,1976/04/06,152,154,160,172,185,196,203,200,187,171,153,132,117,109,107,117,133,148,164,179,186,187,184,178
MA11,1976/04/07,174,173,176,181,190,202,212,216,209,197,181,162,148,130,118,118,126,137,150,163,176,178,179,182
MA11,1976/04/08,178,175,174,176,178,187,192,193,192,188,180,166,149,135,123,116,115,117,124,139,152,162,168,171
MA11,1976/04/09,173,172,168,166,164,165,170,172,174,176,176,170,162,150,136,124,115,109,112,121,133,145,157,169
MA11,1976/04/10,176,176,175,168,159,154,153,154,157,164,170,174,173,168,158,145,129,116,108,106,116,128,142,160
MA11,1976/04/11,172,179,180,173,161,151,142,138,136,142,156,168,177,184,179,168,153,134,118,110,109,118,136,156
MA11,1976/04/12,175,186,190,187,174,158,141,129,122,126,139,157,175,190,198,193,181,162,139,123,117,118,129,151
MA11,1976/04/13,173,190,202,200,186,168,145,123,109,106,113,132,155,180,198,204,204,188,168,145,131,122,128,146
MA11,1976/04/14,170,192,211,216,208,190,167,137,112,103,104,118,142,172,198,217,222,213,194,174,154,139,136,146
MA11,1976/04/15,165,189,213,224,221,207,180,144,115,095,086,092,108,136,167,192,210,214,204,187,168,148,140,144
MA11,1976/04/16,160,180,203,220,224,216,194,162,128,100,086,080,089,113,140,170,197,209,208,203,185,168,155,152
MA11,1976/04/17,159,174,196,214,225,224,211,186,151,119,094,080,080,093,113,141,171,190,200,197,189,174,159,152
MA11,1976/04/18,152,160,175,196,212,217,212,193,164,134,105,083,074,076,091,116,141,165,180,185,184,175,164,156
MA11,1976/04/19,152,155,167,183,196,208,211,200,179,154,126,105,088,083,088,107,126,146,166,178,181,181,173,165
MA11,1976/04/20,161,159,163,174,186,198,207,204,191,173,152,132,111,101,100,111,123,139,155,171,178,183,182,177
MA11,1976/04/21,173,170,167,170,180,189,198,202,198,186,173,155,139,128,119,117,123,133,144,157,169,177,180,180
MA11,1976/04/22,178,174,172,168,168,172,178,183,184,183,176,166,154,141,129,122,118,121,131,140,151,165,172,176
MA11,1976/04/23,177,175,172,165,159,157,160,164,170,174,176,175,170,163,153,145,137,133,135,142,152,164,175,184
MA11,1976/04/24,188,189,184,173,164,156,151,151,153,160,169,176,178,176,170,160,150,138,132,130,137,148,162,173
MA11,1976/04/25,185,190,187,178,163,149,138,131,130,137,148,163,175,181,182,176,164,153,142,136,139,147,158,174
MA11,1976/04/26,189,198,201,193,178,162,146,132,126,129,142,157,173,186,195,195,187,174,160,148,144,150,157,173
MA11,1976/04/27,190,202,207,204,190,171,152,131,118,116,126,142,162,182,195,201,197,187,171,159,149,145,152,164
MA11,1976/04/28,180,196,206,206,194,176,154,130,110,102,106,118,140,166,182,196,202,191,177,163,150,145,147,158
MA11,1976/04/29,176,194,210,216,210,196,175,148,121,107,105,114,135,158,182,201,211,208,195,179,166,154,149,156
MA11,1976/04/30,171,187,203,214,212,200,179,149,120,100,089,094,110,133,161,185,200,204,197,184,169,156,148,152
MA11,1976/05/01,164,180,200,212,216,209,190,165,138,112,097,095,106,128,155,183,203,211,210,204,190,176,165,164
MA11,1976/05/02,170,184,200,213,221,220,204,182,151,122,103,092,095,109,131,158,182,200,206,201,192,176,165,159
MA11,1976/05/03,161,171,185,198,209,212,203,183,157,129,106,089,085,094,111,136,162,181,192,196,190,181,170,162
MA11,1976/05/04,162,168,179,194,204,212,214,200,178,154,129,110,100,100,109,130,154,175,193,202,203,198,188,178
MA11,1976/05/05,176,178,184,193,204,213,220,215,198,180,158,139,124,114,115,126,144,164,182,196,202,203,198,190
MA11,1976/05/06,184,181,182,186,194,204,211,212,203,190,172,154,137,124,120,122,131,147,163,180,192,196,194,189
MA11,1976/05/07,180,176,171,169,173,181,187,190,189,184,174,161,146,132,120,114,118,128,140,155,170,180,186,184
MA11,1976/05/08,178,172,164,160,159,160,164,171,173,174,176,168,160,149,137,127,120,122,128,139,155,171,179,184
MA11,1976/05/09,184,178,168,160,151,145,144,147,154,162,170,172,170,166,157,143,132,124,124,132,144,160,174,184
MA11,1976/05/10,188,186,178,164,150,136,128,126,129,138,154,166,175,179,176,167,153,141,134,131,138,153,167,183
MA11,1976/05/11,194,196,192,177,158,137,120,112,110,116,134,154,171,186,194,192,181,167,153,142,143,153,168,187
MA11,1976/05/12,202,211,211,198,178,156,131,112,102,102,114,136,162,184,203,210,209,196,180,166,161,161,173,189
MA11,1976/05/13,208,224,228,225,207,181,152,125,104,098,103,123,147,175,199,213,219,214,200,186,173,165,170,181
MA11,1976/05/14,197,216,229,229,219,196,165,131,103,080,086,106,136,166,191,208,212,205,192,176,164,162,165,179
MA11,1976/05/15,198,214,222,225,221,206,179,146,110,085,069,066,082,104,133,166,188,201,205,198,185,172,162,161
MA11,1976/05/16,170,185,204,219,223,219,201,169,138,106,084,074,076,090,116,146,174,195,206,203,196,187,176,168
MA11,1976/05/17,172,185,204,219,230,234,224,204,175,147,118,101,094,098,113,137,164,190,203,208,205,196,184,175
MA11,1976/05/18,172,176,188,201,218,225,222,213,188,161,134,112,101,098,107,128,149,172,189,200,203,200,192,180
MA11,1976/05/19,172,170,174,182,194,206,214,211,198,178,156,133,116,108,110,119,136,154,172,186,194,196,189,179
MA11,1976/05/20,172,163,162,166,174,184,195,195,189,179,162,146,130,116,110,114,124,140,156,170,183,190,188,183
MA11,1976/05/21,176,168,161,160,161,166,177,185,186,184,178,168,156,145,137,133,137,148,160,173,187,197,200,198
MA11,1976/05/22,194,185,176,167,162,163,166,171,177,181,181,178,170,162,154,145,143,146,151,161,173,184,192,195
MA11,1976/05/23,192,186,177,164,153,146,144,150,154,160,169,175,178,174,168,162,155,152,155,160,168,180,192,199
MA11,1976/05/24,200,197,188,173,159,146,137,133,135,145,156,168,177,179,177,175,168,161,158,159,165,184,198,204
MA11,1976/05/25,203,197,184,167,148,134,126,123,131,145,160,174,186,192,194,193,186,176,168,164,167,175,186,196
MA11,1976/05/26,208,213,211,198,179,161,142,123,116,118,128,149,170,186,200,206,201,192,180,173,169,171,182,195
MA11,1976/05/27,209,216,218,209,193,172,149,125,109,103,112,130,153,178,195,206,206,200,189,178,168,169,176,188
MA11,1976/05/28,200,215,222,219,208,187,163,135,113,102,104,118,140,165,188,206,215,211,203,190,181,176,177,185
MA11,1976/05/29,199,214,227,228,221,203,175,146,122,100,096,103,121,150,178,197,214,217,209,200,186,178,174,176
MA11,1976/05/30,187,203,216,226,225,211,187,155,123,098,087,091,108,138,165,189,207,212,208,199,185,177,170,172
MA11,1976/05/31,183,198,212,224,225,216,193,164,132,104,090,092,105,133,163,189,211,216,212,202,190,182,176,182
MA11,1976/06/01,180,192,205,218,228,230,217,195,167,137,114,099,096,108,128,155,181,202,212,215,206,196,185,177
MA11,1976/06/02,174,182,194,206,222,227,222,211,185,158,134,110,101,106,120,144,169,190,206,212,208,202,190,178
MA11,1976/06/03,176,184,198,210,219,220,211,191,169,147,126,114,109,113,127,152,174,192,203,205,200,190,179,170
MA11,1976/06/04,165,167,174,185,195,203,203,195,183,162,142,126,113,111,120,132,152,173,188,199,202,197,186,176
MA11,1976/06/05,166,158,159,165,174,185,190,192,187,176,164,150,136,125,123,128,142,160,175,192,203,204,200,192
MA11,1976/06/06,182,170,163,161,164,171,182,185,193,196,193,185,174,160,150,148,151,160,175,190,204,213,212,206
MA11,1976/06/07,196,183,167,153,146,145,150,157,166,176,181,185,183,174,166,157,153,154,161,171,186,199,208,210
MA11,1976/06/08,204,191,176,158,143,133,129,131,140,155,167,180,188,191,187,180,172,167,164,170,181,195,209,216
MA11,1976/06/09,220,215,202,182,160,141,128,121,124,136,150,171,190,203,207,207,202,191,185,182,184,195,211,222
MA11,1976/06/10,231,233,223,207,183,156,133,116,106,110,125,145,169,191,205,215,213,203,192,182,179,184,194,207
MA11,1976/06/11,224,231,231,223,202,176,147,119,101,096,103,124,146,171,197,214,220,216,207,195,186,184,187,200
MA11,1976/06/12,216,231,237,233,218,193,163,128,101,087,082,092,114,139,169,195,209,213,210,197,187,178,176,182
MA11,1976/06/13,197,216,228,236,227,210,184,148,117,093,081,080,098,122,152,179,201,214,215,205,194,185,178,175
MA11,1976/06/14,188,204,220,234,236,227,208,179,147,116,094,087,094,114,138,166,193,211,218,214,204,195,183,174
MA11,1976/06/15,179,193,208,224,235,234,225,200,168,140,115,098,098,107,128,154,178,199,213,214,208,196,182,172
MA11,1976/06/16,170,176,187,204,218,227,224,209,186,160,132,111,104,102,119,140,162,188,205,210,208,198,185,172
MA11,1976/06/17,163,163,170,181,196,211,213,208,192,169,148,128,113,108,116,131,154,177,193,204,205,199,189,174
MA11,1976/06/18,162,157,156,164,177,190,199,202,193,178,161,142,128,120,120,127,144,164,181,194,201,200,195,180
MA11,1976/06/19,168,158,150,150,158,169,178,186,185,180,168,155,143,132,130,131,142,156,172,185,196,203,197,189
MA11,1976/06/20,179,164,154,150,146,152,163,170,176,179,176,170,163,154,150,148,150,161,174,187,199,206,207,201
MA11,1976/06/21,192,180,167,154,146,146,152,160,169,175,179,181,178,175,171,166,167,171,176,186,199,210,214,214
MA11,1976/06/22,208,198,183,169,156,147,146,150,158,168,181,190,194,195,195,191,189,188,188,196,205,216,224,228
MA11,1976/06/23,226,219,205,185,168,153,144,140,143,153,166,180,191,197,198,197,191,187,184,184,188,200,209,216
MA11,1976/06/24,222,220,210,194,176,156,137,126,126,135,149,167,186,199,208,209,208,204,196,191,192,198,206,215
MA11,1976/06/25,224,229,224,209,188,166,143,125,112,115,128,147,168,188,202,209,212,206,198,190,185,186,193,204
MA11,1976/06/26,216,226,227,219,203,177,149,126,110,103,106,126,149,172,191,206,213,209,201,192,180,179,184,193
MA11,1976/06/27,206,220,226,226,214,193,162,131,111,099,095,108,130,157,182,202,215,218,210,197,187,180,180,186
MA11,1976/06/28,199,217,227,230,224,209,182,150,122,101,090,095,113,139,167,192,208,216,212,199,188,179,171,175
MA11,1976/06/29,186,201,216,227,228,218,198,166,135,110,092,087,099,121,151,176,196,214,214,205,194,181,172,168
MA11,1976/06/30,172,186,203,218,226,226,211,184,155,126,103,090,089,107,131,158,183,204,214,211,198,185,172,161
MA11,1976/07/01,161,171,185,201,216,221,216,198,174,147,124,103,096,102,122,146,171,196,210,212,204,192,178,161
MA11,1976/07/02,156,161,172,184,201,213,216,209,192,170,145,122,109,108,119,136,161,190,206,214,210,201,184,167
MA11,1976/07/03,157,152,157,166,182,198,206,208,197,182,164,143,128,121,123,136,155,177,200,213,217,212,200,182
MA11,1976/07/04,166,158,152,155,166,181,194,202,202,194,182,168,152,142,138,142,154,175,193,206,216,216,207,190
MA11,1976/07/05,175,150,148,144,143,154,166,175,183,188,185,180,168,158,152,152,158,168,183,198,211,218,216,204
MA11,1976/07/06,188,171,156,141,136,135,141,152,162,173,181,186,184,181,176,171,170,176,184,199,214,224,224,218
MA11,1976/07/07,208,189,171,153,139,133,133,136,145,158,173,187,195,198,198,195,190,190,191,197,210,219,227,229
MA11,1976/07/08,225,213,196,174,153,138,126,120,123,135,151,169,186,198,206,205,200,194,190,189,196,205,218,225
MA11,1976/07/09,229,225,214,194,170,142,123,110,106,110,124,145,169,188,202,212,210,204,196,190,190,196,206,216
MA11,1976/07/10,226,233,230,216,196,170,139,118,102,098,109,125,149,176,197,212,220,218,209,195,189,188,194,205
MA11,1976/07/11,220,234,238,234,217,195,164,134,110,097,096,108,130,160,185,206,218,219,212,200,188,181,181,191
MA11,1976/07/12,205,223,236,238,230,213,184,152,122,100,091,097,112,138,167,192,213,219,215,202,186,176,172,172
MA11,1976/07/13,186,204,222,234,236,224,204,173,141,115,098,094,103,126,154,183,203,217,218,210,194,179,169,163
MA11,1976/07/14,172,188,204,225,235,233,219,194,164,136,113,104,108,124,147,174,206,217,223,220,207,190,177,165
MA11,1976/07/15,164,174,190,209,225,233,229,212,186,159,135,119,114,122,141,166,191,211,220,221,209,198,178,162
MA11,1976/07/16,158,159,169,187,204,218,224,214,196,173,150,133,124,124,136,156,180,204,216,221,217,206,189,170
MA11,1976/07/17,158,157,160,171,189,204,213,214,207,190,171,154,141,136,144,158,178,201,215,222,222,212,196,180
MA11,1976/07/18,165,155,153,155,167,184,195,203,200,189,175,165,152,150,150,158,171,190,205,217,220,214,205,188
MA11,1976/07/19,172,160,150,150,158,167,178,186,190,188,183,172,165,157,155,160,170,180,193,205,213,213,205,191
MA11,1976/07/20,178,163,148,142,140,143,152,162,169,176,176,173,167,163,161,162,167,176,185,195,204,210,207,198
MA11,1976/07/21,187,172,158,146,136,133,137,144,153,164,170,174,176,176,176,176,176,177,183,192,199,209,210,206
MA11,1976/07/22,200,187,172,156,141,132,126,126,134,144,156,170,177,180,182,182,181,180,181,185,191,200,208,210
MA11,1976/07/23,207,200,189,171,151,135,122,115,118,127,142,160,172,184,191,192,190,187,182,181,186,193,202,209
MA11,1976/07/24,211,210,202,188,167,146,125,111,107,111,127,145,166,183,195,202,201,195,190,184,184,189,196,205
MA11,1976/07/25,215,219,218,205,186,162,138,117,103,101,112,130,154,177,196,207,210,203,193,185,179,178,183,194
MA11,1976/07/26,206,220,223,218,205,182,155,126,105,094,097,112,136,163,188,205,211,209,199,188,177,171,172,181
MA11,1976/07/27,195,211,224,226,218,199,171,141,113,093,087,097,116,144,173,197,213,213,206,192,177,167,163,167
MA11,1976/07/28,183,200,217,228,228,217,196,164,134,108,094,093,108,131,162,189,211,219,214,202,186,170,161,158
MA11,1976/07/29,170,198,207,224,233,230,218,190,159,133,109,101,108,127,155,184,208,222,224,213,198,179,163,155
MA11,1976/07/30,157,170,189,208,225,232,226,211,182,154,128,113,109,120,142,168,195,214,223,222,210,192,173,155
MA11,1976/07/31,144,145,156,172,191,210,222,223,213,192,169,146,129,123,131,148,173,198,217,227,225,210,192,172
MA11,1976/08/01,153,141,142,151,168,189,205,212,213,202,186,167,152,143,141,152,171,194,214,227,232,226,207,187
MA11,1976/08/02,165,150,142,144,152,168,186,201,209,204,195,182,167,159,160,171,187,205,221,233,237,228,212,194
MA11,1976/08/03,174,156,145,142,149,160,175,187,196,199,198,192,184,177,177,181,190,203,217,230,236,236,225,208
MA11,1976/08/04,190,170,154,143,139,144,153,163,174,187,193,193,192,191,191,188,190,198,207,219,228,232,228,218
MA11,1976/08/05,205,187,170,153,143,138,139,144,154,165,180,190,196,198,200,200,198,198,201,210,220,227,231,230
MA11,1976/08/06,224,210,193,172,150,138,130,130,136,145,162,180,192,203,210,208,205,203,199,201,205,212,222,227
MA11,1976/08/07,228,224,212,192,170,147,131,122,120,126,140,158,179,197,211,216,213,206,198,194,195,200,210,220
MA11,1976/08/08,230,231,225,211,191,166,141,120,108,109,120,138,161,183,202,213,214,205,194,184,176,180,189,202
MA11,1976/08/09,216,228,231,225,211,189,160,134,114,108,114,126,150,179,203,218,224,220,209,195,183,179,185,198
MA11,1976/08/10,215,234,247,248,240,222,195,166,140,124,120,130,152,179,204,227,237,234,223,208,192,180,175,184
MA11,1976/08/11,200,220,238,249,247,236,213,183,152,131,122,126,139,164,191,216,232,234,226,210,190,172,162,161
MA11,1976/08/12,175,196,217,235,243,238,221,196,167,142,126,123,134,156,184,206,226,234,228,213,194,176,160,155
MA11,1976/08/13,161,179,202,220,236,238,229,210,186,159,141,132,136,154,176,200,223,236,233,224,205,183,165,153
MA11,1976/08/14,151,164,182,204,222,231,232,218,198,176,156,144,144,154,173,196,217,232,234,226,210,190,168,152
MA11,1976/08/15,147,151,165,183,203,217,221,216,202,183,165,153,147,151,168,186,205,220,228,226,214,194,176,158
MA11,1976/08/16,145,142,150,164,182,200,208,208,201,189,176,163,156,159,168,184,202,216,226,228,218,204,187,168
MA11,1976/08/17,153,144,144,152,163,177,190,197,194,189,179,168,162,162,165,176,188,202,213,219,216,207,191,173
MA11,1976/08/18,158,147,140,142,148,158,170,180,186,185,182,178,172,169,172,177,186,196,206,214,216,211,198,186
MA11,1976/08/19,170,154,144,139,136,142,152,161,170,178,182,182,181,180,182,182,187,192,199,208,214,213,208,198
MA11,1976/08/20,186,173,157,144,137,134,138,146,156,168,178,185,189,191,192,192,192,194,198,205,212,216,216,214
MA11,1976/08/21,206,193,177,162,146,137,132,133,144,156,170,185,194,200,202,200,198,194,191,193,200,204,210,217
MA11,1976/08/22,215,207,196,176,156,138,125,120,124,137,154,174,190,204,207,207,204,195,188,187,190,195,204,215
MA11,1976/08/23,222,223,215,198,176,153,132,120,115,122,139,160,184,202,215,218,211,199,189,181,178,182,194,208
MA11,1976/08/24,224,234,234,221,204,176,149,124,112,113,125,147,172,197,216,222,219,206,191,176,166,165,173,187
MA11,1976/08/25,206,223,232,229,212,190,159,130,108,100,107,124,149,182,204,218,221,209,191,174,158,149,152,165
MA11,1976/08/26,187,210,228,234,230,211,182,152,124,105,104,114,138,169,197,218,224,217,201,180,160,145,137,146
MA11,1976/08/27,164,189,215,230,236,228,207,179,148,124,116,118,134,163,194,221,233,231,217,197,173,150,138,138
MA11,1976/08/28,152,175,202,225,239,241,229,207,182,157,141,136,148,167,195,222,239,244,234,215,190,163,141,134
MA11,1976/08/29,138,152,176,199,221,233,231,216,196,175,155,146,147,161,184,210,228,238,234,219,196,168,144,130
MA11,1976/08/30,124,131,149,171,192,210,218,214,203,188,173,160,158,165,181,201,222,234,238,230,211,187,161,140
MA11,1976/08/31,129,127,135,150,169,187,202,206,202,196,184,174,172,172,183,199,216,229,236,234,222,204,180,158
MA11,1976/09/01,143,130,130,138,150,166,179,188,193,192,188,185,180,178,183,191,202,214,223,227,223,209,192,174
MA11,1976/09/02,156,141,132,130,132,143,154,166,175,182,186,186,186,186,188,192,198,205,213,220,220,215,207,193
MA11,1976/09/03,178,162,147,138,136,137,141,150,162,174,183,189,192,194,197,197,197,197,198,204,212,215,216,215
MA11,1976/09/04,206,196,183,164,150,139,134,134,142,152,165,178,190,199,204,204,198,192,188,191,196,204,210,215
MA11,1976/09/05,216,213,203,186,168,150,136,128,127,136,150,168,186,198,207,210,203,193,184,180,178,185,194,206
MA11,1976/09/06,217,218,216,206,186,164,144,127,121,126,137,155,176,193,208,215,209,197,184,172,166,166,176,189
MA11,1976/09/07,206,219,223,218,204,182,160,137,121,120,127,143,165,188,206,218,216,205,189,172,159,154,159,176
MA11,1976/09/08,194,213,226,230,221,204,179,152,132,122,125,136,157,183,205,220,224,215,197,178,160,148,146,157
MA11,1976/09/09,176,200,220,230,230,219,198,174,150,131,127,133,152,175,199,218,226,221,202,185,162,141,132,135
MA11,1976/09/10,150,174,198,215,224,220,206,184,159,137,127,127,141,163,186,208,224,223,211,191,170,147,130,128
MA11,1976/09/11,139,158,185,209,223,226,220,201,179,157,141,138,145,161,185,206,227,228,218,202,181,155,137,127
MA11,1976/09/12,128,145,166,190,210,221,218,207,190,171,154,146,148,160,181,202,220,228,223,211,189,165,143,127
MA11,1976/09/13,122,132,148,170,192,208,216,207,193,179,162,153,152,159,175,196,213,224,225,216,201,180,157,140
MA11,1976/09/14,129,129,143,162,182,203,213,214,209,196,185,175,170,174,185,198,217,230,235,232,218,199,176,155
MA11,1976/09/15,142,136,141,153,169,188,202,208,206,200,192,183,180,179,186,198,210,222,229,228,222,205,187,171
MA11,1976/09/16,152,144,142,144,156,171,186,197,200,200,196,191,187,185,188,195,206,216,222,229,224,214,202,186
MA11,1976/09/17,171,159,151,149,154,164,177,193,202,206,208,208,208,208,208,210,214,219,225,230,233,228,220,207
MA11,1976/09/18,193,179,167,157,153,153,158,168,179,188,195,201,204,203,202,200,199,198,198,203,207,208,206,202
MA11,1976/09/19,192,181,168,153,142,135,134,139,150,163,175,187,196,200,200,197,192,190,188,189,193,198,203,207
MA11,1976/09/20,207,202,191,176,159,144,136,134,138,151,169,185,200,210,212,211,204,194,185,183,185,191,200,212
MA11,1976/09/21,223,225,220,207,188,168,150,138,135,143,161,181,203,217,226,226,218,204,189,178,176,179,188,204
MA11,1976/09/22,218,229,237,230,209,193,168,146,134,135,146,170,194,218,232,239,232,215,196,178,167,163,173,190
MA11,1976/09/23,211,232,244,246,238,217,193,168,148,140,146,162,188,212,231,243,240,223,200,176,156,146,148,160
MA11,1976/09/24,184,210,231,244,246,231,210,183,157,142,139,148,172,199,222,238,241,228,204,177,151,132,124,131
MA11,1976/09/25,151,178,206,228,238,235,219,195,169,146,137,141,155,179,207,227,236,230,209,183,152,125,110,106
MA11,1976/09/26,120,144,174,203,221,229,224,208,187,165,150,145,155,172,196,219,235,236,223,199,169,139,114,104
MA11,1976/09/27,105,120,145,174,199,217,224,217,202,184,169,161,162,174,193,217,235,243,239,224,198,169,141,122
MA11,1976/09/28,114,119,135,159,185,209,222,226,222,209,199,190,186,190,205,225,245,257,260,255,234,207,182,159
MA11,1976/09/29,144,140,146,161,181,203,219,231,229,224,217,207,200,198,204,217,230,241,248,246,233,214,190,167
MA11,1976/09/30,148,135,132,137,149,167,184,196,204,206,204,201,197,193,195,199,209,218,226,231,228,216,200,180
MA11,1976/10/01,163,148,138,137,140,147,160,174,185,194,200,201,200,196,197,199,202,205,213,217,220,219,210,198
MA11,1976/10/02,185,171,157,148,142,142,151,161,171,183,193,200,203,204,204,201,198,196,197,202,207,212,212,210
MA11,1976/10/03,204,195,182,169,158,152,150,154,161,174,189,201,210,216,216,212,204,195,190,190,194,200,206,213
MA11,1976/10/04,215,213,203,190,175,162,154,150,154,164,180,197,211,220,223,220,211,198,184,179,178,185,195,207
MA11,1976/10/05,218,224,222,212,195,178,162,150,150,156,169,187,202,216,223,222,215,196,178,165,158,161,171,188
MA11,1976/10/06,206,218,222,217,204,186,167,150,140,142,153,172,192,208,220,224,216,198,178,157,143,141,149,164
MA11,1976/10/07,185,206,220,224,218,203,182,164,148,140,147,163,183,203,219,225,221,204,179,155,136,125,127,140
MA11,1976/10/08,160,187,207,217,219,209,192,172,156,143,143,155,173,195,213,226,224,211,189,164,140,124,118,126
MA11,1976/10/09,148,173,197,217,226,222,208,190,170,155,150,155,170,189,211,228,231,222,204,177,149,130,119,120
MA11,1976/10/10,137,161,191,216,231,236,228,212,194,179,168,171,180,198,220,237,246,243,223,200,173,145,128,123
MA11,1976/10/11,129,151,177,198,220,230,228,215,200,181,168,166,170,182,202,219,232,234,220,200,174,147,127,114
MA11,1976/10/12,115,130,151,178,200,216,222,216,203,189,176,169,169,176,194,213,228,230,227,211,185,160,136,117
MA11,1976/10/13,112,119,134,159,182,201,213,212,204,193,180,169,169,175,187,204,216,224,223,214,196,172,149,130
MA11,1976/10/14,120,119,130,146,167,188,203,208,208,200,191,183,179,180,188,201,213,221,226,221,210,191,173,153
MA11,1976/10/15,142,136,136,147,162,181,197,208,213,210,204,199,192,191,194,201,210,218,222,222,214,199,183,166
MA11,1976/10/16,150,137,132,134,143,159,175,188,198,200,200,197,193,191,191,194,198,203,208,212,210,206,195,181
MA11,1976/10/17,166,154,146,140,143,151,162,174,188,197,203,205,204,200,198,197,196,195,198,201,203,203,200,194
MA11,1976/10/18,185,174,161,151,146,146,150,159,173,186,197,202,206,204,201,196,188,181,180,181,186,192,195,197
MA11,1976/10/19,196,189,178,163,152,143,139,143,154,168,183,197,204,208,204,196,184,173,166,164,170,178,187,199
MA11,1976/10/20,206,207,200,187,172,157,144,140,148,162,178,197,213,220,222,213,198,182,166,158,158,167,186,204
MA11,1976/10/21,221,236,237,228,210,191,173,158,154,161,176,196,217,228,233,226,205,184,160,139,130,129,143,164
MA11,1976/10/22,185,208,222,220,213,197,172,155,144,138,154,173,192,214,226,223,214,188,160,136,117,109,118,133
MA11,1976/10/23,156,188,211,223,228,218,197,176,159,149,154,168,190,215,235,240,233,212,185,152,124,110,107,120
MA11,1976/10/24,144,175,206,231,245,245,235,217,197,183,178,184,202,224,247,260,261,247,220,187,154,130,116,116
MA11,1976/10/25,132,158,187,214,234,244,238,226,208,190,181,182,188,207,229,246,253,246,224,193,158,126,104,093
MA11,1976/10/26,099,119,144,174,202,217,224,220,207,193,181,176,179,191,209,229,242,244,231,206,176,146,118,100
MA11,1976/10/27,098,108,128,154,181,206,219,223,218,206,194,188,184,190,205,220,236,242,237,222,199,171,144,120
MA11,1976/10/28,109,112,122,140,164,185,204,213,217,215,206,199,194,194,206,219,234,249,251,245,233,212,188,169
MA11,1976/10/29,150,142,145,152,165,185,201,216,224,223,220,214,208,205,207,210,219,228,234,235,229,217,198,176
MA11,1976/10/30,158,143,135,138,145,158,173,187,198,204,204,202,197,191,187,186,189,192,197,204,204,200,192,179
MA11,1976/10/31,165,156,145,140,144,151,163,180,192,204,212,214,212,208,201,196,189,186,190,194,199,206,204,197
MA11,1976/11/01,190,182,170,161,154,153,157,164,175,189,198,204,206,202,197,186,174,167,162,161,167,177,182,186
MA11,1976/11/02,189,186,178,166,156,148,145,150,160,171,184,198,203,203,200,188,175,161,149,145,149,156,168,184
MA11,1976/11/03,193,196,196,185,176,166,156,154,159,167,183,200,210,215,216,207,191,172,154,142,140,147,161,178
MA11,1976/11/04,194,203,208,206,200,189,177,170,167,173,185,203,216,230,234,228,211,189,167,150,137,137,148,166
MA11,1976/11/05,187,207,217,220,214,201,188,174,167,165,174,9999,9999,9999,9999,9999,9999,9999,158,135,119,113,119,136
MA11,1976/11/06,9999,9999,9999,9999,9999,9999,9999,9999,9999,9999,9999,9999,9999,212,226,224,215,193,168,140,115,104,104,116
MA11,1976/11/07,140,168,192,210,216,213,202,186,173,163,159,169,183,199,219,227,222,207,180,151,123,102,097,103
MA11,1976/11/08,122,151,179,200,214,217,208,197,183,171,165,170,180,199,219,230,228,216,191,160,130,105,089,086
MA11,1976/11/09,099,125,152,177,196,206,204,193,177,165,157,156,162,178,196,210,214,208,191,162,133,107,087,079
MA11,1976/11/10,087,106,132,160,184,199,204,199,189,176,166,163,165,180,197,212,223,222,208,189,162,135,113,099
MA11,1976/11/11,098,109,132,160,184,202,213,214,207,195,184,178,176,184,194,209,221,225,216,200,173,148,125,107
MA11,1976/11/12,099,101,114,136,159,182,195,200,196,186,176,169,164,165,172,184,196,204,202,192,176,154,132,110
MA11,1976/11/13,098,095,099,114,134,156,175,184,189,185,179,171,166,164,166,174,185,195,200,196,188,174,156,139
MA11,1976/11/14,125,117,119,128,144,164,184,199,211,214,212,206,201,196,195,196,200,205,212,214,210,201,188,173
MA11,1976/11/15,154,142,134,134,138,149,163,179,193,200,200,194,186,179,172,168,168,170,177,180,181,182,177,167
MA11,1976/11/16,157,146,134,126,126,129,140,153,166,179,187,186,182,175,167,159,153,148,147,153,160,167,174,176
MA11,1976/11/17,173,166,156,146,136,134,140,151,164,178,190,197,199,196,185,172,159,147,141,140,150,160,171,186
MA11,1976/11/18,195,198,193,185,174,167,164,169,178,192,207,220,228,228,222,204,184,164,144,133,136,145,160,178
MA11,1976/11/19,193,204,206,199,186,173,160,155,158,166,184,201,212,216,211,198,174,148,125,106,098,104,121,142
MA11,1976/11/20,167,186,202,204,197,185,172,163,158,161,176,197,216,228,228,217,198,171,137,114,097,094,109,128
MA11,1976/11/21,156,188,210,218,220,212,199,184,174,170,176,190,209,224,234,231,213,186,154,120,094,082,083,095
MA11,1976/11/22,117,148,180,205,216,218,210,195,180,169,170,180,193,215,232,237,230,206,175,142,109,086,077,081
MA11,1976/11/23,100,128,163,194,215,228,227,215,201,191,186,188,199,216,237,253,251,237,211,180,145,115,095,090
MA11,1976/11/24,094,114,145,175,198,215,224,221,209,195,184,179,182,196,214,230,239,237,221,194,158,126,099,084
MA11,1976/11/25,083,094,119,146,173,198,210,212,204,194,184,176,173,181,197,213,227,233,225,207,184,154,128,108
MA11,1976/11/26,096,102,119,138,162,187,205,212,211,204,196,186,180,181,190,206,221,232,232,226,208,185,160,140
MA11,1976/11/27,124,122,128,139,158,179,196,212,216,212,206,195,185,180,183,190,199,209,218,218,208,194,175,157
MA11,1976/11/28,143,135,135,142,153,172,190,204,214,216,211,204,195,190,186,186,190,194,199,206,207,202,194,179
MA11,1976/11/29,165,156,149,150,158,173,187,201,211,218,220,213,205,195,184,177,174,175,180,186,191,194,192,186
MA11,1976/11/30,178,170,163,156,155,163,170,180,193,204,209,208,203,192,182,172,162,159,156,160,168,175,178,182
MA11,1976/12/01,182,176,171,164,158,158,162,169,180,194,204,205,204,197,185,173,158,145,140,139,144,153,165,175
MA11,1976/12/02,181,184,182,176,168,165,164,166,175,185,197,206,208,207,200,184,166,147,133,125,127,137,148,165
MA11,1976/12/03,180,189,193,189,183,174,169,168,171,181,192,203,210,214,208,194,178,153,133,118,112,119,132,148
MA11,1976/12/04,170,186,198,199,192,187,179,172,171,175,187,200,209,219,220,211,194,167,142,122,108,107,119,137
MA11,1976/12/05,160,183,198,207,207,201,192,183,175,178,185,194,210,224,228,224,208,184,157,130,110,101,105,122
MA11,1976/12/06,147,172,196,211,214,211,202,189,182,176,179,189,202,219,229,229,219,197,169,138,113,096,093,103
MA11,1976/12/07,126,153,181,200,211,214,206,196,185,177,176,180,193,209,225,232,229,214,188,158,128,108,096,098
MA11,1976/12/08,116,143,174,199,216,226,225,214,202,195,189,190,200,216,233,244,247,237,215,185,156,130,116,111
MA11,1976/12/09,120,144,172,197,221,236,235,228,214,201,193,187,193,206,223,239,242,235,221,194,163,137,114,104
MA11,1976/12/10,104,119,144,172,196,214,222,220,210,196,186,180,180,190,207,221,230,231,223,202,174,146,120,103
MA11,1976/12/11,097,102,121,144,168,191,204,207,201,190,179,169,165,168,177,191,204,210,209,199,180,158,131,111
MA11,1976/12/12,100,099,110,128,151,174,184,201,202,193,183,170,163,160,164,174,185,196,200,196,186,169,150,131
MA11,1976/12/13,114,108,113,125,142,166,186,202,206,206,198,185,176,169,166,172,182,191,198,204,202,193,179,164
MA11,1976/12/14,149,138,136,140,150,169,187,200,212,213,208,198,184,172,164,163,163,170,176,184,190,188,184,176
MA11,1976/12/15,166,156,149,146,151,160,176,191,205,214,215,205,193,180,166,157,152,150,154,163,170,178,182,182
MA11,1976/12/16,180,172,163,157,155,157,167,180,194,208,214,212,207,196,180,166,154,148,146,149,160,174,188,198
MA11,1976/12/17,203,204,200,190,183,180,181,190,198,210,224,224,220,213,198,179,159,138,125,124,127,137,155,173
MA11,1976/12/18,186,195,200,194,189,182,177,178,184,197,212,221,226,224,215,195,175,149,128,118,115,123,141,161
MA11,1976/12/19,180,201,211,215,211,196,188,182,182,191,203,215,226,229,224,212,187,156,128,103,089,089,096,119
MA11,1976/12/20,147,175,196,210,216,210,202,191,184,187,195,204,220,233,236,231,212,181,148,116,093,082,082,096
MA11,1976/12/21,120,152,180,201,211,212,209,195,185,181,181,189,206,222,234,240,229,206,174,136,106,086,076,083
MA11,1976/12/22,102,132,161,187,207,216,214,203,191,181,175,177,187,207,227,238,237,222,199,165,130,103,086,082
MA11,1976/12/23,098,122,151,181,208,223,228,220,206,193,182,174,180,193,208,226,236,228,213,186,154,124,096,082
MA11,1976/12/24,086,099,123,151,174,197,209,206,200,186,172,162,160,167,186,205,219,222,215,198,174,142,115,098
MA11,1976/12/25,091,100,117,137,164,189,205,212,208,199,186,173,169,171,181,203,219,229,233,224,208,184,159,137
MA11,1976/12/26,126,124,135,154,173,198,216,227,229,222,206,193,180,175,180,190,204,217,222,221,212,195,175,157
MA11,1976/12/27,141,134,138,150,167,187,208,218,224,222,208,193,181,170,167,171,177,186,196,200,202,194,180,165
MA11,1976/12/28,151,144,142,148,160,175,196,208,218,219,211,199,186,173,165,161,162,166,176,183,186,187,181,172
MA11,1976/12/29,164,155,151,154,158,169,184,195,207,213,209,200,190,176,165,157,149,147,151,156,165,172,172,171
MA11,1976/12/30,168,163,158,156,156,164,174,184,198,208,208,206,198,189,177,163,149,143,142,144,152,160,168,174
MA11,1976/12/31,176,179,178,173,170,172,175,184,194,203,207,208,203,196,185,169,152,137,129,127,132,140,152,165
