MA11,2003/01/01,162,184,200,210,212,208,203,196,194,199,209,220,231,237,235,224,202,171,140,114,096,091,098,116
MA11,2003/01/02,141,169,192,209,218,219,212,202,194,193,199,207,218,230,234,229,213,185,152,120,094,078,075,085
MA11,2003/01/03,108,137,165,189,204,209,208,200,190,186,184,190,205,220,234,240,231,212,184,150,121,100,089,094
MA11,2003/01/04,113,139,169,199,222,235,238,231,222,213,207,207,216,231,249,260,259,246,224,194,161,130,109,102
MA11,2003/01/05,109,128,155,184,209,226,233,232,225,214,205,201,206,218,235,250,257,251,234,208,176,144,117,101
MA11,2003/01/06,099,111,133,158,184,206,217,220,216,207,196,186,183,190,204,221,234,236,227,211,187,157,130,109
MA11,2003/01/07,102,107,122,143,168,190,207,214,213,206,194,182,176,178,188,203,216,225,225,215,198,175,149,127
MA11,2003/01/08,114,112,121,137,158,182,199,209,211,207,196,184,174,170,175,186,198,208,212,211,201,185,164,143
MA11,2003/01/09,129,123,126,136,154,174,191,205,211,210,202,191,180,173,171,175,184,193,202,207,204,196,184,168
MA11,2003/01/10,155,147,145,151,162,179,196,208,217,220,213,202,191,181,172,171,174,178,186,193,196,196,189,180
MA11,2003/01/11,171,163,159,160,167,179,193,205,216,222,219,211,201,190,179,171,166,167,171,178,186,191,192,190
MA11,2003/01/12,187,183,179,178,179,183,191,201,210,218,219,214,205,193,180,168,158,150,149,152,159,168,175,180
MA11,2003/01/13,183,184,182,179,179,181,186,194,204,213,217,217,212,204,192,177,161,147,140,138,144,154,166,177
MA11,2003/01/14,187,194,197,196,195,194,195,199,206,215,222,226,226,221,210,196,178,158,140,129,130,139,151,167
MA11,2003/01/15,184,197,204,206,204,202,199,197,199,205,212,218,222,220,213,199,178,153,129,111,104,107,118,136
MA11,2003/01/16,157,178,193,200,203,200,194,188,186,189,196,203,211,216,215,206,188,163,134,110,095,091,098,115
MA11,2003/01/17,139,165,186,201,209,210,204,196,191,189,193,202,213,223,228,225,211,188,157,127,103,088,087,099
MA11,2003/01/18,122,150,177,198,211,216,212,204,195,189,189,196,208,222,232,236,228,208,178,146,116,094,083,088
MA11,2003/01/19,107,134,164,191,211,221,220,213,202,193,189,192,202,217,233,244,244,231,207,176,143,115,097,092
MA11,2003/01/20,103,126,155,186,210,226,231,226,215,203,195,193,199,213,231,247,254,248,231,203,171,140,114,100
MA11,2003/01/21,102,117,141,171,199,220,231,231,221,207,193,185,186,195,210,228,241,245,238,218,191,160,130,109
MA11,2003/01/22,101,107,127,152,178,204,219,222,216,203,188,177,170,173,186,204,220,231,232,223,205,180,154,130
MA11,2003/01/23,115,114,125,145,170,197,217,227,224,214,201,187,176,174,181,197,215,230,241,244,236,221,202,179
MA11,2003/01/24,160,150,153,166,184,206,227,238,239,231,216,197,180,169,166,171,181,194,204,210,211,204,191,175
MA11,2003/01/25,160,151,149,153,166,184,204,219,225,222,212,195,176,161,151,148,152,160,170,179,187,190,187,179
MA11,2003/01/26,171,164,159,159,166,179,195,209,218,221,216,204,186,168,154,144,139,140,145,153,163,172,178,182
MA11,2003/01/27,182,180,179,178,180,188,199,210,220,227,227,221,209,194,179,165,153,147,145,150,160,174,188,200
MA11,2003/01/28,211,218,219,218,217,219,223,229,237,244,246,244,236,223,207,188,167,151,139,133,137,149,163,179
MA11,2003/01/29,195,210,220,223,224,224,223,225,230,236,244,249,246,239,229,210,187,164,142,128,123,127,139,156
MA11,2003/01/30,177,198,213,223,225,222,219,214,212,216,223,230,236,237,233,221,201,174,146,123,109,105,111,127
MA11,2003/01/31,149,174,198,215,222,222,217,209,203,201,206,215,225,235,239,234,219,195,164,135,113,099,098,109
MA11,2003/02/01,129,155,183,204,217,222,217,207,197,190,190,197,208,222,234,237,230,211,182,150,121,100,091,095
MA11,2003/02/02,110,136,165,190,209,219,218,209,196,186,181,185,195,211,229,240,242,230,207,176,145,118,100,096
MA11,2003/02/03,106,127,154,181,204,218,220,212,200,186,176,174,182,197,216,233,243,239,223,198,167,137,114,104
MA11,2003/02/04,106,122,146,172,196,214,220,216,204,188,174,166,166,178,196,215,230,234,226,207,182,154,129,113
MA11,2003/02/05,111,121,141,165,189,209,220,220,210,194,179,167,162,168,182,201,219,229,229,218,199,175,151,133
MA11,2003/02/06,125,130,145,165,187,207,220,223,215,201,183,168,158,156,164,180,196,209,215,212,200,182,162,143
MA11,2003/02/07,133,132,141,157,177,197,212,218,214,202,185,169,155,148,150,161,175,189,199,201,196,185,170,156
MA11,2003/02/08,145,142,147,157,174,192,206,214,214,205,191,175,159,148,145,149,159,172,184,191,194,190,182,173
MA11,2003/02/09,165,162,165,173,185,200,214,224,225,219,209,193,177,164,154,151,154,160,168,177,183,185,183,179
MA11,2003/02/10,175,172,172,176,182,192,204,212,216,215,208,197,183,168,156,148,143,145,150,156,165,173,176,179
MA11,2003/02/11,180,181,183,185,189,196,204,211,217,219,217,211,200,187,175,163,153,147,145,148,157,168,178,188
MA11,2003/02/12,196,201,204,204,204,205,208,211,215,217,217,215,207,197,184,169,152,138,128,125,129,139,152,166
MA11,2003/02/13,180,192,199,202,203,201,201,200,201,204,209,212,211,206,197,183,164,143,126,114,111,117,131,148
MA11,2003/02/14,169,187,200,206,208,206,202,199,196,198,203,209,214,216,211,200,180,156,131,110,099,097,105,124
MA11,2003/02/15,148,170,190,203,208,206,200,193,188,185,188,197,207,214,218,213,199,175,146,118,098,089,092,106
MA11,2003/02/16,130,159,186,204,214,216,210,200,191,184,185,195,208,223,235,237,228,209,180,148,120,100,093,100
MA11,2003/02/17,120,148,177,202,218,222,215,203,189,176,173,178,190,207,223,234,235,222,196,163,129,101,086,085
MA11,2003/02/18,098,123,154,183,205,216,214,203,186,170,161,161,170,188,210,230,241,239,222,194,161,130,106,095
MA11,2003/02/19,100,120,149,178,202,219,222,212,194,174,157,150,153,167,189,212,230,238,232,213,186,155,127,111
MA11,2003/02/20,108,120,144,173,199,220,228,223,206,183,163,149,144,151,168,191,213,228,231,224,206,181,154,133
MA11,2003/02/21,124,128,143,165,190,211,223,221,207,185,163,142,129,127,138,157,178,197,207,208,200,185,165,148
MA11,2003/02/22,137,135,144,161,184,206,219,222,214,197,174,153,134,124,128,140,157,175,190,200,204,199,188,177
MA11,2003/02/23,168,164,168,179,196,214,228,235,231,217,198,177,154,137,130,132,141,154,167,179,187,190,187,182
MA11,2003/02/24,179,176,177,182,193,207,220,228,230,222,209,192,172,153,141,135,134,139,147,157,168,177,183,187
MA11,2003/02/25,189,191,192,195,200,208,216,223,226,224,216,205,189,172,156,144,134,128,128,133,142,153,163,173
MA11,2003/02/26,183,190,195,199,200,203,206,211,215,217,216,211,202,189,176,161,146,134,127,125,131,141,155,169
MA11,2003/02/27,183,196,203,207,210,208,206,206,207,209,214,216,214,208,199,184,164,143,125,113,109,113,123,140
MA11,2003/02/28,160,179,193,200,203,199,193,188,185,186,193,201,206,208,205,196,178,154,130,111,100,099,105,121
MA11,2003/03/01,144,168,187,200,205,202,195,185,178,177,183,194,206,216,222,221,209,189,164,140,123,116,120,135
MA11,2003/03/02,160,188,214,231,239,237,228,215,202,192,192,201,214,229,240,244,237,218,191,162,138,122,116,122
MA11,2003/03/03,140,165,189,209,223,225,218,205,189,177,174,181,198,218,237,253,256,245,225,197,167,143,129,129
MA11,2003/03/04,144,167,191,212,228,233,227,211,191,172,161,161,170,187,208,226,235,232,216,191,163,138,120,115
MA11,2003/03/05,123,142,167,191,210,218,214,201,181,159,143,137,140,155,178,201,216,220,212,193,169,145,125,115
MA11,2003/03/06,119,133,155,179,199,211,211,200,180,157,138,127,125,135,156,180,200,212,212,200,181,159,140,127
MA11,2003/03/07,126,137,155,178,200,215,220,214,197,176,157,142,135,140,158,181,203,220,228,226,215,201,184,170
MA11,2003/03/08,167,174,187,206,227,242,248,244,229,208,186,167,155,152,159,175,194,210,221,222,215,203,188,176
MA11,2003/03/09,169,171,180,194,210,224,232,231,219,199,179,159,142,133,134,144,159,175,188,196,196,190,180,170
MA11,2003/03/10,165,166,170,179,194,207,215,217,210,196,179,161,143,131,128,131,141,154,167,178,185,185,181,176
MA11,2003/03/11,172,173,176,182,193,203,212,216,213,204,191,175,157,142,133,129,131,138,148,159,168,175,176,176
MA11,2003/03/12,178,179,180,183,189,196,202,206,204,199,191,179,165,149,136,128,123,122,126,134,143,154,162,169
MA11,2003/03/13,175,179,181,184,186,188,192,195,195,193,191,185,175,163,151,137,126,117,113,115,123,134,147,161
MA11,2003/03/14,172,182,188,189,189,188,187,188,188,189,191,192,189,183,173,159,142,126,113,107,108,118,132,150
MA11,2003/03/15,168,183,193,197,196,192,187,183,181,182,188,194,197,198,193,181,162,141,120,104,096,100,112,131
MA11,2003/03/16,153,175,190,199,199,192,184,174,167,167,173,183,196,205,208,204,189,165,139,115,099,095,103,121
MA11,2003/03/17,147,174,196,209,213,208,196,181,169,163,166,178,195,211,223,227,219,199,171,141,115,100,099,112
MA11,2003/03/18,135,164,190,210,217,214,201,181,162,151,149,158,176,198,219,232,233,222,197,166,136,114,103,108
MA11,2003/03/19,127,156,185,208,221,222,209,188,163,143,133,137,152,174,201,223,235,233,218,192,162,135,118,114
MA11,2003/03/20,126,149,177,203,220,225,216,194,166,139,121,117,124,143,170,198,218,227,222,206,181,155,133,122
MA11,2003/03/21,126,142,166,191,211,220,215,197,168,137,113,099,099,112,134,162,188,205,212,205,190,169,149,135
MA11,2003/03/22,134,144,163,185,207,219,219,206,181,152,124,103,093,096,110,134,160,181,195,199,194,181,166,153
MA11,2003/03/23,149,153,166,185,204,219,224,216,197,170,143,118,101,095,101,117,137,157,174,185,188,185,178,169
MA11,2003/03/24,165,167,174,186,202,216,223,222,209,188,164,139,118,106,102,110,122,137,153,168,177,181,180,178
MA11,2003/03/25,178,178,181,189,201,212,220,222,217,204,186,167,148,131,121,119,123,131,143,155,167,176,183,188
MA11,2003/03/26,191,193,195,197,203,210,216,218,217,210,201,187,171,154,140,129,124,122,125,133,143,153,164,175
MA11,2003/03/27,183,189,193,196,197,200,203,205,207,207,206,202,194,184,172,159,147,139,135,137,145,155,169,185
MA11,2003/03/28,200,209,214,213,210,207,204,202,203,206,209,212,211,204,195,181,164,148,135,128,128,135,147,164
MA11,2003/03/29,182,197,207,209,206,199,191,185,182,185,193,202,210,213,209,200,183,163,143,129,122,124,134,150
MA11,2003/03/30,169,189,203,208,206,197,183,171,162,161,169,181,195,206,212,210,198,178,155,134,122,118,124,139
MA11,2003/03/31,161,184,202,211,211,203,188,170,155,149,153,166,184,202,216,223,218,201,179,155,137,127,127,139
MA11,2003/04/01,159,182,203,215,217,210,193,171,151,139,137,146,164,185,205,219,220,209,189,164,142,125,121,129
MA11,2003/04/02,146,169,192,208,215,210,195,172,148,130,123,128,144,168,192,212,221,217,203,182,159,140,131,134
MA11,2003/04/03,148,169,192,210,219,218,204,180,154,131,117,116,128,149,175,198,214,218,209,192,172,152,139,137
MA11,2003/04/04,146,164,185,205,217,220,209,187,160,135,118,111,116,134,159,185,206,217,216,206,188,169,155,150
MA11,2003/04/05,155,169,188,207,220,226,220,201,176,150,128,115,114,126,147,173,197,213,219,216,205,189,175,168
MA11,2003/04/06,170,180,196,213,227,235,232,218,195,169,145,127,119,122,136,157,179,196,208,210,204,192,179,170
MA11,2003/04/07,169,174,185,198,210,218,218,208,188,163,139,119,107,105,113,129,149,168,183,191,192,186,178,172
MA11,2003/04/08,171,174,182,193,205,214,218,212,198,180,159,140,125,117,120,130,145,163,180,193,201,204,202,200
MA11,2003/04/09,199,200,204,211,219,227,231,227,215,199,182,162,144,132,125,126,133,144,157,169,179,184,185,185
MA11,2003/04/10,185,186,188,190,194,199,202,202,197,187,175,161,146,131,120,115,114,118,126,138,150,159,167,174
MA11,2003/04/11,178,181,184,185,186,188,190,191,190,188,183,174,163,152,140,130,122,119,122,130,142,155,167,179
MA11,2003/04/12,189,195,198,197,195,193,192,191,191,194,196,195,192,184,173,159,145,134,128,130,137,149,165,183
MA11,2003/04/13,200,211,216,217,211,203,196,191,190,193,200,207,211,212,206,193,173,153,137,127,127,134,149,170
MA11,2003/04/14,191,206,214,214,206,193,180,169,163,165,175,189,202,212,214,207,191,168,143,125,117,118,131,153
MA11,2003/04/15,177,198,211,214,207,192,173,154,142,139,147,163,183,202,214,218,209,189,162,138,121,114,120,139
MA11,2003/04/16,163,188,207,216,212,196,173,148,127,117,120,134,156,182,205,219,220,208,186,160,137,122,120,132
MA11,2003/04/17,154,180,203,217,217,203,179,150,121,103,099,106,127,157,186,209,223,224,210,190,166,148,139,143
MA11,2003/04/18,160,183,206,222,228,219,197,166,132,105,090,089,103,127,158,188,211,221,218,206,188,168,155,154
MA11,2003/04/19,164,184,207,227,237,235,219,191,157,126,103,092,096,114,140,171,198,216,223,220,209,193,179,172
MA11,2003/04/20,175,187,206,224,238,241,230,206,174,140,111,092,085,092,112,138,165,189,203,209,208,200,190,184
MA11,2003/04/21,183,189,204,221,236,244,240,225,201,171,143,120,104,101,110,127,149,170,186,196,200,196,189,184
MA11,2003/04/22,182,185,193,204,216,225,225,217,199,175,150,125,106,096,094,102,118,134,150,165,175,179,179,179
MA11,2003/04/23,180,181,185,192,201,209,215,214,204,190,171,151,132,117,110,112,119,130,143,158,171,180,185,189
MA11,2003/04/24,192,193,195,196,200,206,211,212,208,201,190,177,162,149,137,129,127,130,137,146,159,171,179,187
MA11,2003/04/25,194,196,196,195,192,191,193,193,194,194,192,187,179,169,156,144,136,132,132,138,148,160,172,184
MA11,2003/04/26,196,204,206,204,199,193,191,191,192,196,201,204,203,199,189,177,163,151,144,142,147,156,169,184
MA11,2003/04/27,197,204,206,201,191,180,170,163,161,166,174,184,191,194,191,182,168,152,138,131,132,137,149,166
MA11,2003/04/28,182,194,200,197,186,171,156,143,137,140,150,164,179,190,194,191,181,165,149,136,131,133,144,161
MA11,2003/04/29,179,195,204,204,193,177,158,139,126,125,134,150,171,190,202,207,203,189,171,156,147,144,152,167
MA11,2003/04/30,188,207,221,225,219,204,182,159,139,131,134,147,167,190,208,218,217,207,190,173,158,150,151,162
MA11,2003/05/01,181,199,213,219,214,197,172,145,120,105,102,112,132,157,182,199,207,203,190,173,157,146,144,152
MA11,2003/05/02,168,187,204,214,213,202,180,152,125,104,096,100,117,142,169,193,208,211,203,189,174,162,155,158
MA11,2003/05/03,170,188,205,218,221,214,196,168,138,114,099,097,107,128,155,182,202,212,211,202,189,176,167,167
MA11,2003/05/04,175,189,205,219,225,222,207,182,152,124,105,097,100,116,140,167,191,206,212,208,199,186,177,172
MA11,2003/05/05,175,187,201,214,223,224,214,192,165,137,114,099,096,105,123,147,172,191,202,205,199,190,180,175
MA11,2003/05/06,176,183,194,207,217,221,216,200,177,151,126,107,098,099,112,131,153,174,190,199,199,194,186,182
MA11,2003/05/07,181,185,194,204,214,221,220,210,192,171,148,128,115,110,115,127,146,166,184,197,204,205,203,201
MA11,2003/05/08,200,203,208,216,224,232,235,230,218,201,180,158,139,126,121,126,138,152,168,182,192,197,198,195
MA11,2003/05/09,193,192,192,194,199,203,207,206,200,191,178,163,147,134,124,120,122,130,143,158,172,183,189,192
MA11,2003/05/10,193,191,188,187,186,187,190,192,191,189,183,174,162,149,135,125,119,119,126,138,153,168,179,187
MA11,2003/05/11,191,190,187,182,176,172,172,172,175,179,180,179,175,165,152,139,127,118,117,123,135,151,167,180
MA11,2003/05/12,189,191,188,180,169,159,152,151,153,160,169,177,182,181,174,161,146,131,121,119,127,142,160,177
MA11,2003/05/13,192,200,198,188,174,158,144,136,134,141,155,171,187,196,198,191,176,158,142,132,132,142,158,177
MA11,2003/05/14,196,208,210,201,185,163,142,124,116,118,132,154,177,198,211,214,207,192,172,157,149,152,163,181
MA11,2003/05/15,202,220,227,222,206,182,155,129,111,105,113,132,159,187,211,225,228,219,203,186,173,168,174,189
MA11,2003/05/16,210,231,243,244,232,209,178,145,117,101,099,111,135,165,195,219,232,233,222,207,192,181,179,188
MA11,2003/05/17,204,224,240,245,238,219,188,153,119,093,082,085,101,128,160,190,212,222,220,212,200,188,182,184
MA11,2003/05/18,196,214,231,242,242,231,207,174,138,106,086,079,086,105,133,163,190,209,217,215,209,200,191,188
MA11,2003/05/19,194,207,224,238,244,240,224,198,164,131,103,087,084,093,113,140,167,190,205,211,211,205,198,194
MA11,2003/05/20,194,203,216,229,240,244,236,217,191,161,132,110,098,097,108,127,149,172,190,202,207,206,202,197
MA11,2003/05/21,194,197,205,215,226,235,234,225,207,182,157,134,116,108,110,121,138,157,175,189,199,203,202,198
MA11,2003/05/22,194,192,194,200,208,215,220,218,207,192,173,153,135,121,115,117,127,141,156,171,183,192,195,194
MA11,2003/05/23,192,190,187,186,190,195,201,204,202,195,184,170,155,141,130,126,129,137,148,162,176,188,195,197
MA11,2003/05/24,196,193,187,181,178,179,182,186,188,188,186,180,171,160,148,139,135,136,142,153,166,179,189,195
MA11,2003/05/25,197,195,188,179,171,165,164,166,170,176,181,184,182,176,167,157,149,145,145,150,161,175,187,197
MA11,2003/05/26,202,203,197,186,174,162,154,152,155,163,173,183,189,191,187,180,170,162,156,157,164,176,190,203
MA11,2003/05/27,212,216,212,200,183,167,153,144,142,148,162,177,190,199,201,197,188,177,168,162,164,173,185,198
MA11,2003/05/28,211,218,216,207,189,168,149,133,125,127,139,157,176,192,201,203,197,187,175,166,163,167,177,191
MA11,2003/05/29,205,216,218,210,194,172,148,126,112,107,115,133,156,178,195,204,204,197,185,174,167,166,173,186
MA11,2003/05/30,201,214,221,218,205,183,157,131,110,099,102,117,140,166,189,205,212,209,199,187,178,173,174,183
MA11,2003/05/31,197,212,223,225,216,198,172,144,119,102,097,107,127,153,181,204,218,222,217,207,197,191,190,196
MA11,2003/06/01,209,224,237,243,239,225,202,173,144,121,110,113,128,152,180,206,225,234,232,225,214,204,198,198
MA11,2003/06/02,207,220,233,242,242,233,213,184,153,126,107,101,109,127,152,180,204,219,224,220,212,203,195,192
MA11,2003/06/03,197,208,221,232,237,232,218,193,163,134,111,097,097,108,129,155,181,201,212,214,209,202,193,189
MA11,2003/06/04,191,199,210,222,230,232,225,207,181,154,128,110,102,106,121,142,167,190,207,215,216,212,205,199
MA11,2003/06/05,197,201,209,218,228,234,232,221,201,176,152,130,116,112,117,132,154,176,196,209,215,214,208,201
MA11,2003/06/06,197,197,200,207,215,223,226,221,208,191,169,149,131,120,119,127,142,160,180,196,207,212,209,204
MA11,2003/06/07,198,194,193,195,200,207,213,214,209,198,184,167,149,134,126,126,133,146,163,180,196,205,207,204
MA11,2003/06/08,199,193,187,184,185,189,194,198,200,198,191,181,168,153,141,133,132,139,151,167,183,196,204,204
MA11,2003/06/09,200,193,182,173,167,165,168,173,178,184,188,188,182,171,159,149,141,140,145,156,172,188,200,206
MA11,2003/06/10,205,198,187,173,159,150,147,149,156,166,177,188,193,191,184,174,163,155,153,159,171,187,202,213
MA11,2003/06/11,217,214,202,185,166,148,136,131,134,145,161,180,195,204,206,200,190,179,170,168,174,187,202,217
MA11,2003/06/12,226,227,218,201,178,153,132,118,113,120,136,158,181,201,213,216,211,201,190,182,182,190,203,219
MA11,2003/06/13,233,240,236,222,200,171,143,119,105,102,113,135,161,189,211,224,228,224,214,203,197,197,205,218
MA11,2003/06/14,234,247,249,240,221,193,161,130,105,092,094,110,134,163,191,214,227,229,223,213,204,199,202,210
MA11,2003/06/15,225,241,250,249,238,214,182,148,116,092,083,089,105,132,162,189,210,221,221,216,207,199,196,200
MA11,2003/06/16,211,227,241,248,244,228,203,170,135,106,087,081,091,110,137,166,192,209,218,217,211,204,197,195
MA11,2003/06/17,202,214,229,241,244,239,223,195,162,130,104,090,089,100,121,147,174,196,210,214,213,207,199,192
MA11,2003/06/18,194,203,215,229,239,241,233,216,189,158,130,111,101,103,117,138,162,186,203,213,216,212,205,197
MA11,2003/06/19,193,196,204,216,228,236,236,226,208,184,158,135,119,114,120,134,153,175,194,207,214,215,210,203
MA11,2003/06/20,196,194,197,204,214,226,232,231,222,205,185,166,149,138,137,144,158,176,193,207,217,221,217,209
MA11,2003/06/21,201,194,189,189,194,203,212,216,213,205,193,179,163,150,144,144,152,166,181,195,208,215,216,210
MA11,2003/06/22,202,193,183,178,177,181,189,196,200,199,195,188,177,166,157,153,155,162,174,187,200,211,214,212
MA11,2003/06/23,206,196,184,173,166,165,169,174,181,187,191,191,188,181,173,168,166,169,176,186,198,210,218,219
MA11,2003/06/24,215,208,195,180,168,159,155,158,165,174,185,191,195,195,191,186,182,179,181,188,197,209,219,224
MA11,2003/06/25,224,218,206,191,174,158,147,144,148,158,172,184,195,202,204,202,197,191,187,190,196,207,217,225
MA11,2003/06/26,229,227,218,202,182,162,145,134,133,140,154,172,189,202,210,212,208,203,197,193,194,202,212,222
MA11,2003/06/27,230,233,228,214,194,171,149,131,122,124,135,154,176,195,209,217,217,212,205,198,196,199,206,217
MA11,2003/06/28,227,235,235,225,209,186,160,137,121,117,123,140,164,188,209,223,229,227,220,211,205,205,208,217
MA11,2003/06/29,229,240,244,241,227,205,178,149,126,113,113,125,147,173,198,218,229,231,226,216,209,203,203,209
MA11,2003/06/30,221,234,242,242,234,216,190,160,131,110,101,106,123,148,175,200,218,226,225,218,208,201,198,200
MA11,2003/07/01,210,223,235,241,240,227,205,176,145,118,102,098,108,129,156,184,206,220,224,220,212,204,197,196
MA11,2003/07/02,202,214,228,239,243,237,221,195,164,135,112,100,100,114,137,164,189,209,218,218,212,202,193,188
MA11,2003/07/03,190,198,211,224,234,235,226,207,180,151,124,106,099,105,122,147,174,197,213,219,217,210,201,193
MA11,2003/07/04,190,196,206,219,233,241,241,231,211,185,160,139,126,124,133,151,174,197,216,227,230,226,216,204
MA11,2003/07/05,197,196,200,210,222,233,237,234,222,202,179,158,139,131,133,143,162,185,205,219,226,224,215,203
MA11,2003/07/06,192,185,184,189,198,209,218,223,219,209,193,175,158,145,139,143,155,172,192,209,220,224,219,207
MA11,2003/07/07,195,184,175,172,175,184,194,202,206,206,200,190,177,164,155,153,158,170,185,202,217,224,223,214
MA11,2003/07/08,202,188,174,164,160,162,169,178,188,194,198,197,191,183,174,168,167,171,182,195,209,220,223,218
MA11,2003/07/09,209,195,177,161,148,142,143,149,160,173,184,193,198,198,193,188,182,181,185,194,207,219,227,228
MA11,2003/07/10,223,211,193,172,152,137,129,129,135,147,164,182,196,205,209,207,202,198,196,199,208,219,230,237
MA11,2003/07/11,236,229,215,193,168,145,126,115,114,122,138,159,180,199,211,217,216,211,205,202,204,212,223,233
MA11,2003/07/12,240,241,232,215,191,163,137,116,104,104,116,136,161,186,208,222,227,225,219,212,209,212,219,230
MA11,2003/07/13,242,249,248,237,217,191,160,130,110,099,101,117,140,168,195,216,230,234,230,223,217,213,216,225
MA11,2003/07/14,238,251,260,257,245,223,193,159,130,109,102,109,127,152,181,208,227,236,236,229,220,213,210,214
MA11,2003/07/15,226,241,254,260,256,242,218,184,150,123,105,101,112,133,160,188,212,227,232,227,218,207,199,198
MA11,2003/07/16,206,220,236,249,253,247,231,203,171,140,117,104,106,120,143,170,195,214,224,223,216,206,194,187
MA11,2003/07/17,189,199,214,230,242,245,238,218,190,160,133,115,108,115,133,157,183,205,218,221,217,207,194,183
MA11,2003/07/18,178,182,193,209,225,235,236,225,205,179,153,133,121,120,131,150,174,197,213,220,219,211,198,184
MA11,2003/07/19,175,172,177,188,203,217,225,223,211,193,171,152,137,130,135,149,168,188,206,217,220,216,204,190
MA11,2003/07/20,179,170,168,174,185,199,211,216,213,203,188,173,159,150,151,159,173,191,208,220,226,224,215,202
MA11,2003/07/21,188,176,168,166,172,183,195,204,207,205,197,188,179,171,167,171,180,193,207,219,228,229,223,211
MA11,2003/07/22,198,183,170,161,159,164,172,181,188,191,191,188,182,177,174,175,178,185,196,208,217,222,220,212
MA11,2003/07/23,202,189,174,161,152,149,153,160,169,179,185,189,190,189,188,187,188,192,198,207,217,224,226,222
MA11,2003/07/24,214,203,189,173,159,150,147,150,158,169,181,192,199,203,205,205,204,203,205,210,218,225,230,232
MA11,2003/07/25,229,221,207,189,171,155,144,139,142,152,166,181,195,205,210,213,211,208,206,206,210,217,224,229
MA11,2003/07/26,232,228,218,202,182,160,141,129,124,129,142,161,181,198,211,218,220,216,211,208,208,212,219,227
MA11,2003/07/27,234,237,233,221,201,178,154,133,121,120,130,147,169,192,211,223,228,226,218,211,206,206,210,220
MA11,2003/07/28,230,237,239,231,215,192,165,138,118,109,111,125,148,174,198,216,227,228,222,213,205,201,202,209
MA11,2003/07/29,221,234,242,242,232,213,186,156,129,111,105,113,132,159,187,211,228,234,231,223,214,206,203,208
MA11,2003/07/30,221,236,249,255,253,240,217,187,157,132,117,116,128,151,180,207,229,239,239,232,220,208,201,201
MA11,2003/07/31,209,223,240,252,257,251,233,206,174,144,123,113,117,135,162,191,216,232,237,232,221,206,194,188
MA11,2003/08/01,191,203,220,237,249,251,242,221,192,161,134,119,115,125,147,174,201,222,232,231,221,207,191,180
MA11,2003/08/02,179,186,199,216,233,243,244,231,209,183,156,136,126,127,142,166,191,214,228,231,225,210,193,178
MA11,2003/08/03,169,168,178,193,210,226,234,232,219,199,178,158,143,139,147,164,187,210,227,235,233,221,203,184
MA11,2003/08/04,169,162,164,173,188,205,218,224,222,212,197,180,166,158,158,168,185,205,223,235,238,229,213,195
MA11,2003/08/05,177,164,156,157,165,178,192,204,210,209,203,194,184,177,174,178,190,204,219,233,239,235,225,208
MA11,2003/08/06,189,172,158,150,150,155,165,178,189,197,201,202,199,195,193,193,197,206,218,229,237,239,233,221
MA11,2003/08/07,205,187,170,154,145,143,147,156,167,179,191,201,207,210,211,210,212,215,221,230,239,244,245,238
MA11,2003/08/08,227,213,194,173,156,145,141,143,149,162,179,195,208,219,225,227,227,226,227,231,237,244,249,250
MA11,2003/08/09,246,236,221,200,178,159,145,136,136,146,161,181,202,220,234,243,246,244,240,240,244,249,254,258
MA11,2003/08/10,260,256,246,228,203,177,152,133,122,122,132,151,174,197,217,230,235,233,226,219,215,216,223,232
MA11,2003/08/11,242,249,249,239,221,195,167,140,121,113,116,131,154,181,206,225,235,236,229,220,212,208,209,219
MA11,2003/08/12,232,247,257,255,244,224,196,164,137,119,114,123,141,167,195,218,233,237,232,221,208,197,193,199
MA11,2003/08/13,213,230,246,253,249,235,210,179,147,123,110,111,123,146,175,201,220,229,226,216,202,188,179,179
MA11,2003/08/14,189,206,225,240,247,242,225,198,166,138,119,112,118,137,162,190,213,225,227,220,205,189,175,169
MA11,2003/08/15,174,189,208,228,243,247,239,219,191,164,141,128,129,141,162,188,212,227,233,228,214,196,178,165
MA11,2003/08/16,163,171,187,208,227,238,238,226,205,180,157,141,137,143,158,181,204,222,231,230,219,201,182,165
MA11,2003/08/17,156,157,168,186,204,220,228,225,212,193,173,158,149,150,162,181,202,220,230,233,226,212,193,174
MA11,2003/08/18,161,156,159,172,189,205,217,221,215,203,188,175,166,164,171,184,201,217,229,235,232,220,203,185
MA11,2003/08/19,169,159,156,161,173,189,203,210,211,207,198,187,179,176,178,187,201,214,225,233,234,226,211,194
MA11,2003/08/20,177,163,154,152,157,167,179,189,196,198,196,192,187,185,186,191,199,210,219,227,231,227,216,203
MA11,2003/08/21,187,172,160,151,148,152,160,170,180,187,191,193,194,195,196,198,203,209,216,223,228,227,222,212
MA11,2003/08/22,200,186,172,159,150,146,148,154,162,173,183,191,196,201,204,206,208,210,213,217,221,224,223,219
MA11,2003/08/23,211,200,187,171,157,146,140,141,147,157,171,185,197,207,213,216,217,215,213,214,217,220,223,224
MA11,2003/08/24,222,216,206,190,171,153,140,131,131,139,153,171,189,204,216,222,222,219,213,210,210,212,217,224
MA11,2003/08/25,229,229,224,210,191,169,148,131,124,128,140,159,182,204,221,231,233,228,219,213,210,210,214,222
MA11,2003/08/26,233,240,241,233,216,193,167,142,125,119,125,142,166,192,215,231,237,234,225,215,206,201,204,214
MA11,2003/08/27,228,242,250,248,237,216,189,159,133,119,117,129,150,178,206,226,237,237,226,213,200,190,188,196
MA11,2003/08/28,211,229,245,253,250,235,210,180,150,128,118,122,140,167,197,223,238,241,234,219,201,186,178,182
MA11,2003/08/29,195,214,236,252,258,253,235,206,175,148,130,126,136,158,188,217,238,246,241,226,206,185,171,168
MA11,2003/08/30,174,191,213,234,250,255,245,224,196,166,144,132,134,150,175,203,227,241,240,228,208,185,166,154
MA11,2003/08/31,154,167,187,211,233,247,250,239,219,195,171,156,152,161,180,206,230,246,250,242,223,199,174,155
MA11,2003/09/01,147,149,163,183,205,224,234,232,221,204,186,170,162,164,177,198,220,237,245,242,228,205,180,156
MA11,2003/09/02,140,135,141,155,174,195,211,218,217,209,197,184,176,175,182,196,215,230,241,243,235,217,193,169
MA11,2003/09/03,149,137,134,140,154,171,188,201,206,207,204,198,192,190,193,202,215,228,238,244,241,229,211,189
MA11,2003/09/04,167,149,138,134,139,148,161,174,185,194,199,201,200,201,203,207,214,222,230,236,238,232,220,204
MA11,2003/09/05,186,168,152,141,136,137,143,152,164,177,188,198,206,212,215,218,220,223,227,233,238,238,234,226
MA11,2003/09/06,215,201,185,169,157,149,147,150,157,167,181,195,208,219,226,229,229,227,225,228,231,233,235,234
MA11,2003/09/07,229,221,208,190,171,154,142,135,135,143,158,175,194,211,222,227,227,222,215,212,213,216,221,228
MA11,2003/09/08,232,232,225,210,189,167,147,131,124,127,139,157,180,202,219,229,231,224,215,207,202,203,209,221
MA11,2003/09/09,233,240,243,235,217,194,170,146,129,123,130,146,169,194,216,229,233,228,216,202,192,187,190,203
MA11,2003/09/10,220,236,249,250,240,222,196,168,145,132,133,144,164,191,215,233,241,237,223,206,190,178,177,185
MA11,2003/09/11,202,223,241,250,248,236,213,184,156,138,131,137,154,179,205,227,239,239,226,207,187,169,161,166
MA11,2003/09/12,181,202,225,242,249,244,227,202,174,151,139,138,151,173,199,222,238,241,232,214,192,170,156,154
MA11,2003/09/13,164,184,209,232,246,249,241,221,197,175,158,154,161,179,203,228,246,253,248,232,210,186,166,157
MA11,2003/09/14,160,175,197,220,238,248,246,232,212,190,173,163,165,178,198,221,240,249,246,233,213,188,166,152
MA11,2003/09/15,148,157,175,197,219,235,240,234,219,201,185,174,172,180,196,216,234,245,247,238,221,197,173,154
MA11,2003/09/16,145,146,158,176,196,215,226,226,219,208,195,185,182,184,195,212,228,238,243,238,224,203,180,161
MA11,2003/09/17,148,142,147,159,176,194,208,214,213,207,199,192,188,189,197,210,223,232,238,237,227,210,191,171
MA11,2003/09/18,154,145,143,147,159,175,189,199,204,205,203,198,196,198,203,212,223,231,237,239,234,223,208,192
MA11,2003/09/19,177,165,157,156,160,170,183,193,202,209,213,216,217,218,222,227,232,237,242,246,244,236,226,213
MA11,2003/09/20,199,185,173,164,159,162,168,177,187,197,206,213,218,221,224,227,228,230,232,234,234,232,228,221
MA11,2003/09/21,211,200,186,173,163,157,156,160,168,180,194,206,216,223,227,229,228,225,224,224,226,227,228,228
MA11,2003/09/22,225,218,207,192,175,161,153,149,154,165,180,198,214,226,235,237,234,227,220,216,215,217,221,225
MA11,2003/09/23,228,227,220,205,185,163,144,132,128,134,150,169,189,207,220,225,222,213,201,192,189,190,196,207
MA11,2003/09/24,218,225,226,217,199,176,150,129,117,116,127,147,171,194,213,222,221,210,195,182,173,171,178,192
MA11,2003/09/25,209,226,236,236,226,205,179,152,131,123,128,145,170,196,219,234,236,226,209,190,173,165,167,179
MA11,2003/09/26,200,222,240,250,247,234,210,178,151,135,131,142,164,190,217,236,242,235,217,193,171,155,150,157
MA11,2003/09/27,177,202,227,246,254,250,233,206,176,153,142,146,162,187,215,237,249,245,227,202,174,150,136,136
MA11,2003/09/28,149,174,203,230,248,254,247,227,202,178,162,158,166,187,213,238,253,254,241,217,187,158,136,127
MA11,2003/09/29,132,150,176,204,228,244,246,237,219,198,181,174,176,189,212,235,252,259,251,231,203,172,145,128
MA11,2003/09/30,123,131,153,179,204,226,238,238,231,217,202,193,191,198,213,233,248,257,254,240,216,186,155,133
MA11,2003/10/01,121,120,130,149,172,194,212,220,220,214,206,200,198,200,211,226,243,254,256,249,233,210,184,160
MA11,2003/10/02,143,135,136,146,162,180,198,211,219,221,221,218,215,216,221,228,236,244,249,246,236,220,199,177
MA11,2003/10/03,157,143,135,135,142,153,168,181,191,200,205,209,211,212,215,220,226,231,236,238,234,224,211,195
MA11,2003/10/04,178,163,150,142,140,142,148,159,170,182,193,202,209,214,217,219,219,220,223,225,226,224,219,211
MA11,2003/10/05,201,188,174,160,149,144,142,146,155,168,182,196,207,215,221,221,218,213,210,209,211,213,215,215
MA11,2003/10/06,213,206,194,179,163,149,140,136,140,150,165,183,199,212,220,221,216,206,197,191,191,196,203,212
MA11,2003/10/07,218,220,215,203,185,166,149,137,133,139,153,171,191,209,220,223,217,203,188,177,172,174,183,196
MA11,2003/10/08,211,223,225,219,204,183,162,144,134,134,145,164,185,205,220,226,222,208,189,171,158,155,163,179
MA11,2003/10/09,198,217,228,229,221,203,179,157,141,135,141,157,177,199,218,228,226,212,190,168,150,140,143,157
MA11,2003/10/10,178,202,221,230,228,216,196,173,153,142,142,154,173,195,217,230,230,218,197,172,148,131,127,136
MA11,2003/10/11,155,181,206,223,229,224,208,187,165,150,145,152,168,189,211,227,232,223,204,178,151,130,120,122
MA11,2003/10/12,138,164,191,214,230,233,223,206,186,169,162,164,177,197,218,237,245,241,224,199,171,147,130,126
MA11,2003/10/13,136,158,185,212,233,243,241,228,211,195,185,182,188,203,223,241,251,251,237,215,187,157,135,124
MA11,2003/10/14,127,141,163,188,212,228,232,226,212,197,186,181,184,195,213,230,242,245,238,220,196,170,147,132
MA11,2003/10/15,128,136,153,177,202,221,232,234,227,216,207,201,200,206,220,235,246,250,246,233,213,188,165,146
MA11,2003/10/16,136,137,147,164,185,205,219,226,224,218,211,206,204,208,218,229,239,245,245,236,220,199,176,155
MA11,2003/10/17,142,136,139,149,164,182,198,209,213,213,211,208,206,208,213,221,230,235,236,233,222,206,188,170
MA11,2003/10/18,156,146,143,145,154,168,182,195,205,211,212,213,214,215,218,223,228,231,233,233,228,219,206,191
MA11,2003/10/19,176,164,155,150,152,158,167,178,190,200,207,213,216,217,218,219,219,219,219,220,218,215,207,198
MA11,2003/10/20,188,177,165,154,148,147,150,159,171,184,197,207,215,218,219,218,214,210,208,207,207,208,208,206
MA11,2003/10/21,202,194,183,170,157,147,143,145,154,168,185,202,214,221,224,222,214,205,199,195,195,201,208,214
MA11,2003/10/22,219,219,211,197,179,162,150,145,148,160,179,198,216,229,235,232,223,209,196,187,184,190,201,215
MA11,2003/10/23,229,238,238,228,212,191,172,159,155,161,178,201,223,241,251,250,238,219,199,183,175,175,184,201
MA11,2003/10/24,221,238,247,245,233,212,189,168,155,153,164,185,208,230,244,246,235,215,188,164,148,143,150,168
MA11,2003/10/25,193,219,239,248,246,231,209,186,166,157,161,177,200,225,245,252,246,227,199,170,145,131,130,143
MA11,2003/10/26,169,199,226,246,255,250,235,213,191,175,172,181,199,223,246,257,255,238,209,175,143,120,110,115
MA11,2003/10/27,134,163,193,221,240,245,238,223,203,186,177,180,191,210,233,248,251,239,215,181,146,115,096,091
MA11,2003/10/28,101,124,153,184,211,226,230,225,212,198,187,184,191,208,228,246,255,251,233,205,171,139,114,100
MA11,2003/10/29,101,115,138,167,195,216,229,232,225,215,207,201,203,214,230,247,258,260,250,229,200,168,139,117
MA11,2003/10/30,107,109,122,143,167,189,205,215,217,214,210,206,206,212,223,235,246,252,249,236,215,190,162,138
MA11,2003/10/31,123,117,121,131,148,167,185,200,209,211,212,212,210,211,216,224,233,240,241,236,225,207,186,165
MA11,2003/11/01,146,134,129,131,140,152,167,182,194,202,207,210,210,211,213,215,220,225,228,228,224,215,201,186
MA11,2003/11/02,171,158,147,141,142,147,157,169,181,193,202,208,212,214,213,212,210,210,212,212,212,211,207,200
MA11,2003/11/03,192,181,168,158,151,150,154,162,174,187,201,212,220,224,224,219,212,206,203,204,207,212,215,217
MA11,2003/11/04,216,210,199,184,172,162,157,158,165,178,193,207,218,224,224,216,204,191,180,176,177,184,193,203
MA11,2003/11/05,211,212,207,197,183,169,159,155,158,169,185,202,217,227,229,222,209,192,174,163,161,166,179,195
MA11,2003/11/06,209,220,224,218,206,191,175,167,166,172,187,205,221,235,241,237,224,202,179,161,151,152,163,180
MA11,2003/11/07,202,221,231,233,226,211,194,181,172,173,184,200,218,234,244,243,231,210,185,161,145,141,148,166
MA11,2003/11/08,190,213,231,240,238,229,213,196,185,181,186,200,218,236,249,252,242,222,194,166,144,133,133,147
MA11,2003/11/09,170,197,221,237,243,238,225,209,194,185,186,195,210,228,243,250,244,226,199,169,142,125,118,125
MA11,2003/11/10,145,172,199,221,235,236,227,214,200,188,184,189,201,218,235,245,244,231,207,177,147,125,112,113
MA11,2003/11/11,128,154,182,209,229,239,238,229,217,206,199,201,210,224,240,252,256,247,227,201,171,144,126,120
MA11,2003/11/12,127,148,173,199,221,235,239,234,223,211,203,199,204,216,231,243,248,243,228,203,175,148,125,113
MA11,2003/11/13,114,126,147,172,196,215,226,228,222,213,205,200,201,210,223,235,242,241,231,211,186,159,134,116
MA11,2003/11/14,110,115,129,148,171,191,206,212,212,206,199,193,193,199,209,220,229,231,227,215,195,171,147,127
MA11,2003/11/15,114,112,120,135,155,175,192,204,209,208,205,201,199,201,208,217,225,230,230,223,211,194,173,154
MA11,2003/11/16,139,132,134,141,154,171,189,204,213,217,216,212,209,209,213,217,222,225,227,225,219,207,192,174
MA11,2003/11/17,158,147,140,140,145,156,170,184,196,204,208,209,208,205,204,205,205,206,208,209,206,203,195,185
MA11,2003/11/18,174,162,152,145,143,147,156,170,184,196,206,211,212,210,206,201,197,194,193,195,198,200,201,200
MA11,2003/11/19,195,186,175,163,153,150,153,161,175,190,203,214,218,218,213,204,193,182,176,174,177,184,192,198
MA11,2003/11/20,201,199,191,178,164,154,149,152,162,178,195,210,220,222,219,207,191,175,163,157,160,169,184,199
MA11,2003/11/21,213,222,223,215,202,187,174,170,176,188,207,225,239,246,244,232,213,189,167,153,149,154,168,188
MA11,2003/11/22,208,225,235,233,221,206,188,175,170,174,188,207,222,234,235,224,202,173,143,120,105,104,116,136
MA11,2003/11/23,161,188,208,217,216,205,189,173,163,163,171,186,205,220,228,223,205,177,144,112,090,080,084,102
MA11,2003/11/24,129,160,190,211,220,217,206,191,178,171,173,184,202,221,233,235,224,199,165,129,098,079,074,083
MA11,2003/11/25,105,136,170,199,219,228,226,216,204,194,192,199,213,231,247,256,251,233,203,164,127,097,081,079
MA11,2003/11/26,090,113,143,174,199,215,221,218,209,201,194,194,203,218,234,247,250,239,216,184,149,116,091,078
MA11,2003/11/27,081,095,119,147,174,196,209,213,210,203,196,193,195,205,219,234,242,240,226,202,173,141,111,092
MA11,2003/11/28,083,088,103,124,148,173,190,200,204,201,196,192,191,197,207,220,230,235,230,217,195,168,141,118
MA11,2003/11/29,103,099,106,119,139,162,183,198,205,207,207,204,201,202,208,216,226,234,236,233,223,207,185,164
MA11,2003/11/30,147,137,135,141,154,170,187,204,216,219,220,219,215,211,211,213,218,224,226,227,223,212,198,183
MA11,2003/12/01,166,152,145,144,149,158,172,187,201,211,216,216,213,207,202,198,196,198,201,205,208,208,203,196
MA11,2003/12/02,187,175,166,160,159,164,173,185,199,212,221,224,221,217,210,201,193,188,187,189,194,199,201,202
MA11,2003/12/03,199,192,184,174,168,167,170,177,189,202,213,219,221,217,208,196,183,172,166,164,169,178,186,193
MA11,2003/12/04,196,195,192,183,174,168,165,168,177,188,200,211,216,214,206,192,174,155,141,133,134,142,155,168
MA11,2003/12/05,180,190,192,186,179,171,164,163,166,175,188,200,209,213,209,198,180,157,136,123,118,124,139,157
MA11,2003/12/06,176,194,204,206,201,193,184,179,178,185,198,212,226,235,235,227,210,186,162,143,131,131,141,159
MA11,2003/12/07,182,205,221,228,227,220,209,198,191,190,196,209,222,233,237,231,214,189,160,134,114,105,111,128
MA11,2003/12/08,151,178,200,214,220,217,209,199,191,189,192,202,216,230,239,239,226,202,172,142,117,103,101,113
MA11,2003/12/09,135,163,190,210,221,224,217,206,197,191,188,195,207,220,231,236,229,212,185,154,126,105,095,100
MA11,2003/12/10,116,141,169,195,212,221,221,213,201,194,190,191,200,214,227,235,233,218,195,165,134,110,094,090
MA11,2003/12/11,100,121,148,176,199,213,218,214,206,198,192,191,198,210,223,236,240,232,214,189,159,132,111,102
MA11,2003/12/12,106,121,146,174,199,220,232,234,229,223,216,211,214,223,236,249,255,252,240,218,191,163,138,121
MA11,2003/12/13,115,122,139,163,187,210,225,229,227,221,212,205,204,209,219,231,240,242,237,222,200,175,149,128
MA11,2003/12/14,117,116,125,142,164,187,205,214,216,213,205,197,193,195,201,212,222,227,227,221,206,186,164,143
MA11,2003/12/15,128,122,125,136,154,174,194,208,216,217,213,206,201,199,201,208,218,224,228,228,221,209,192,173
MA11,2003/12/16,158,148,143,146,157,174,193,209,220,227,226,219,211,204,200,199,201,205,209,212,213,208,198,186
MA11,2003/12/17,173,160,151,148,152,162,178,193,207,217,221,219,211,203,196,190,187,188,191,197,204,207,207,204
MA11,2003/12/18,198,189,179,171,168,172,182,196,211,225,233,231,225,215,202,192,181,173,172,175,182,192,200,205
MA11,2003/12/19,208,205,197,189,182,180,184,193,208,225,235,241,240,232,221,206,188,174,165,163,170,180,192,208
MA11,2003/12/20,220,225,224,218,208,201,198,199,207,222,236,244,248,247,236,217,193,167,147,137,137,145,160,180
MA11,2003/12/21,200,216,225,224,216,207,198,192,194,204,216,228,236,236,228,213,187,157,131,111,103,106,120,143
MA11,2003/12/22,171,196,216,227,228,224,216,208,206,210,218,230,242,249,249,239,215,183,151,122,102,094,099,118
MA11,2003/12/23,146,175,203,223,233,235,229,219,212,209,214,224,237,249,256,252,236,207,173,139,109,091,086,096
MA11,2003/12/24,118,147,179,207,226,237,237,230,222,215,213,218,230,245,258,264,255,233,203,166,131,103,086,083
MA11,2003/12/25,097,120,149,180,205,223,230,228,223,216,209,209,219,234,253,266,266,255,235,204,171,137,109,096
MA11,2003/12/26,099,114,138,166,193,216,228,231,229,222,213,208,211,222,238,254,262,259,245,221,190,157,128,109
MA11,2003/12/27,104,111,127,150,177,201,218,226,226,220,211,203,200,204,216,231,242,246,241,226,204,176,147,124
MA11,2003/12/28,111,110,119,136,159,181,199,209,212,209,200,189,181,179,185,198,210,218,222,217,204,186,163,140
MA11,2003/12/29,125,118,121,133,150,170,190,205,213,214,207,198,189,183,184,191,198,207,214,217,213,202,186,169
MA11,2003/12/30,154,143,141,146,156,171,187,201,211,214,210,200,188,178,172,171,173,177,184,191,195,193,186,177
MA11,2003/12/31,166,157,152,152,159,172,186,200,213,221,221,215,207,197,187,179,175,175,180,188,194,198,197,193
