MA11,1968/01/01,9999,9999,9999,9999,9999,9999,9999,9999,9999,9999,9999,9999,9999,9999,9999,9999,9999,9999,9999,9999,9999,9999,9999,9999
MA11,1968/01/02,9999,9999,9999,9999,9999,9999,9999,9999,9999,9999,9999,9999,9999,9999,9999,9999,9999,9999,9999,9999,9999,9999,9999,9999
MA11,1968/01/03,9999,9999,9999,9999,9999,9999,9999,9999,9999,9999,9999,9999,9999,9999,9999,9999,9999,9999,9999,9999,9999,9999,9999,9999
MA11,1968/01/04,9999,9999,9999,9999,9999,9999,9999,9999,9999,9999,9999,9999,9999,9999,9999,9999,9999,9999,9999,9999,9999,9999,9999,9999
MA11,1968/01/05,9999,9999,9999,9999,9999,9999,9999,9999,9999,9999,9999,9999,160,156,163,174,187,198,203,200,191,173,151,133
MA11,1968/01/06,118,111,117,129,146,167,9999,9999,9999,9999,9999,9999,170,161,159,165,174,9999,9999,9999,9999,184,169,154
MA11,1968/01/07,143,134,133,140,153,171,188,9999,9999,9999,9999,193,181,171,163,162,170,176,9999,9999,9999,9999,9999,9999
MA11,1968/01/08,9999,9999,9999,9999,9999,9999,9999,9999,9999,9999,9999,9999,195,181,171,162,156,158,162,168,9999,9999,9999,9999
MA11,1968/01/09,9999,9999,9999,9999,9999,9999,9999,9999,9999,9999,9999,9999,9999,9999,9999,9999,9999,9999,9999,9999,9999,9999,9999,9999
MA11,1968/01/10,9999,9999,9999,9999,9999,9999,9999,9999,9999,9999,9999,9999,9999,9999,9999,9999,9999,9999,9999,9999,9999,9999,9999,9999
MA11,1968/01/11,9999,9999,9999,9999,9999,9999,9999,9999,9999,9999,9999,9999,9999,9999,9999,9999,9999,9999,9999,9999,9999,9999,9999,9999
MA11,1968/01/12,9999,9999,9999,9999,9999,9999,9999,9999,9999,9999,9999,9999,9999,9999,9999,9999,9999,9999,9999,9999,9999,9999,9999,9999
MA11,1968/01/13,9999,9999,9999,9999,9999,9999,9999,9999,9999,9999,9999,9999,9999,9999,9999,9999,9999,9999,9999,125,112,9999,119,135
MA11,1968/01/14,9999,9999,9999,9999,9999,9999,9999,9999,9999,9999,9999,9999,9999,9999,9999,9999,9999,183,156,128,106,9999,9999,9999
MA11,1968/01/15,131,160,9999,9999,9999,9999,9999,9999,9999,9999,9999,9999,9999,9999,9999,9999,9999,9999,9999,9999,9999,9999,9999,9999
MA11,1968/01/16,9999,9999,9999,9999,9999,9999,9999,9999,9999,189,184,186,9999,9999,9999,9999,9999,9999,184,153,124,9999,9999,9999
MA11,1968/01/17,9999,9999,9999,9999,9999,9999,9999,9999,9999,9999,9999,9999,9999,9999,9999,9999,9999,225,209,177,147,117,093,079
MA11,1968/01/18,9999,9999,9999,9999,9999,9999,9999,9999,9999,9999,9999,9999,9999,9999,201,220,226,226,213,189,160,133,105,088
MA11,1968/01/19,085,095,117,144,170,9999,9999,9999,9999,9999,174,162,159,168,179,9999,9999,9999,9999,9999,9999,9999,132,109
MA11,1968/01/20,097,101,116,136,162,190,9999,9999,9999,9999,9999,9999,155,154,161,177,195,206,211,206,193,175,150,128
MA11,1968/01/21,113,108,116,131,153,178,198,208,9999,9999,186,168,153,145,9999,9999,9999,9999,9999,9999,9999,9999,173,152
MA11,1968/01/22,138,131,131,140,156,174,9999,9999,9999,9999,9999,9999,9999,9999,136,137,144,154,165,174,181,183,175,166
MA11,1968/01/23,156,146,145,148,154,173,9999,9999,9999,9999,9999,9999,9999,9999,9999,129,126,131,140,149,162,169,173,9999
MA11,1968/01/24,171,168,9999,9999,9999,9999,9999,9999,9999,9999,9999,9999,9999,176,157,142,133,130,130,135,144,158,170,177
MA11,1968/01/25,184,187,190,188,188,193,201,209,216,222,223,216,204,188,170,150,132,118,110,110,116,129,144,159
MA11,1968/01/26,172,184,191,193,193,194,194,197,204,200,216,214,208,198,183,163,140,121,104,093,095,103,117,138
MA11,1968/01/27,157,176,193,197,200,200,194,194,196,201,210,215,213,209,202,183,160,135,109,090,080,080,090,108
MA11,1968/01/28,132,158,178,192,198,197,194,187,182,185,192,200,208,212,211,201,179,153,122,093,077,066,070,085
MA11,1968/01/29,107,136,163,181,194,199,192,186,179,173,179,189,200,211,221,219,207,186,156,123,098,080,073,082
MA11,1968/01/30,100,131,159,183,199,206,204,197,183,176,9999,9999,9999,9999,9999,9999,9999,9999,9999,9999,9999,9999,9999,9999
MA11,1968/01/31,9999,9999,9999,9999,9999,9999,9999,9999,9999,9999,9999,9999,9999,9999,9999,9999,9999,9999,9999,9999,9999,9999,9999,9999
MA11,1968/02/01,9999,9999,9999,9999,9999,9999,9999,9999,9999,9999,9999,9999,9999,9999,9999,9999,9999,9999,9999,9999,9999,9999,9999,9999
MA11,1968/02/02,9999,9999,9999,9999,9999,9999,9999,9999,9999,9999,9999,9999,9999,155,168,188,206,215,215,203,184,160,134,116
MA11,1968/02/03,109,113,128,149,173,193,206,210,199,184,167,151,140,139,149,166,184,201,209,203,192,173,151,134
MA11,1968/02/04,124,120,132,149,168,189,204,208,203,191,173,155,140,132,136,146,161,179,188,191,189,177,161,147
MA11,1968/02/05,135,131,137,147,165,185,197,207,206,196,184,165,147,134,130,132,143,157,169,178,179,176,168,156
MA11,1968/02/06,148,145,147,156,166,182,197,205,206,202,190,174,157,143,134,131,133,141,150,159,168,173,169,164
MA11,1968/02/07,161,158,161,165,173,185,197,206,208,207,199,186,170,156,143,136,131,131,136,143,154,160,164,166
MA11,1968/02/08,167,168,172,174,179,186,195,201,206,206,202,193,180,165,152,140,131,123,122,126,134,144,154,162
MA11,1968/02/09,170,176,180,183,186,190,194,199,202,205,206,202,197,187,174,159,143,129,120,117,122,133,144,157
MA11,1968/02/10,170,178,188,190,191,192,192,192,195,197,200,202,197,191,182,167,150,132,113,105,103,110,121,140
MA11,1968/02/11,158,175,189,195,200,202,197,196,197,198,203,207,212,212,205,195,176,153,130,112,103,102,112,128
MA11,1968/02/12,150,175,191,200,204,201,197,191,182,185,191,197,206,210,209,201,180,156,127,103,086,080,083,097
MA11,1968/02/13,120,144,169,185,195,198,192,184,175,168,167,172,184,195,205,211,202,185,159,126,100,081,071,076
MA11,1968/02/14,096,123,155,181,197,204,200,189,177,164,160,167,179,192,209,220,215,202,179,146,115,091,075,076
MA11,1968/02/15,091,114,146,172,189,203,201,186,176,159,149,154,157,174,199,215,222,222,200,175,146,114,098,089
MA11,1968/02/16,089,118,148,177,207,220,220,213,193,174,159,151,157,170,193,215,228,231,220,198,169,140,112,096
MA11,1968/02/17,095,108,131,158,184,204,208,200,183,160,141,132,126,133,154,176,197,210,210,198,179,154,127,108
MA11,1968/02/18,097,106,125,146,175,196,205,202,188,165,143,127,113,112,128,148,170,188,197,197,187,169,148,131
MA11,1968/02/19,118,120,132,151,177,197,211,213,200,181,158,9999,9999,9999,9999,9999,9999,9999,9999,9999,9999,9999,9999,9999
MA11,1968/02/20,9999,9999,9999,9999,9999,9999,9999,9999,9999,206,185,162,142,125,121,124,134,149,165,177,186,190,186,178
MA11,1968/02/21,171,169,170,177,191,206,219,9999,9999,9999,9999,9999,9999,9999,9999,9999,9999,9999,9999,9999,9999,9999,9999,9999
MA11,1968/02/22,9999,9999,9999,9999,9999,9999,9999,9999,9999,9999,9999,9999,9999,9999,9999,9999,9999,9999,9999,9999,9999,9999,9999,9999
MA11,1968/02/23,9999,9999,9999,9999,9999,9999,9999,9999,9999,9999,9999,9999,9999,9999,9999,9999,9999,9999,9999,9999,9999,9999,9999,9999
MA11,1968/02/24,9999,9999,9999,9999,9999,9999,9999,9999,9999,9999,9999,9999,9999,194,182,163,144,126,110,101,100,106,120,137
MA11,1968/02/25,159,175,191,199,201,200,197,193,193,196,199,204,209,206,200,189,167,145,124,106,096,095,102,118
MA11,1968/02/26,142,166,187,198,203,200,192,186,178,176,180,188,199,206,207,202,185,163,135,112,093,085,089,100
MA11,1968/02/27,123,149,172,188,197,195,186,176,164,157,159,169,183,197,208,209,200,180,151,123,099,086,081,090
MA11,1968/02/28,111,136,162,182,194,196,185,168,155,142,140,147,161,179,197,207,207,193,170,140,113,092,081,084
MA11,1968/02/29,099,122,152,173,190,197,190,175,158,139,132,134,144,165,189,208,216,212,195,169,141,118,102,098
MA11,1968/03/01,9999,9999,9999,9999,9999,9999,9999,9999,9999,9999,9999,9999,9999,9999,9999,9999,9999,9999,9999,9999,9999,9999,9999,9999
MA11,1968/03/02,9999,9999,9999,9999,9999,9999,9999,9999,9999,9999,9999,9999,9999,9999,9999,9999,9999,9999,9999,9999,9999,9999,9999,9999
MA11,1968/03/03,9999,9999,9999,9999,9999,9999,9999,9999,9999,9999,9999,9999,9999,9999,9999,9999,9999,9999,9999,9999,9999,9999,9999,9999
MA11,1968/03/04,9999,9999,9999,9999,9999,9999,9999,9999,9999,9999,9999,9999,9999,9999,9999,9999,9999,9999,9999,9999,9999,9999,9999,9999
MA11,1968/03/05,9999,9999,9999,9999,9999,9999,9999,9999,9999,9999,9999,9999,9999,9999,9999,9999,9999,9999,9999,9999,9999,9999,9999,9999
MA11,1968/03/06,9999,9999,9999,9999,9999,9999,9999,9999,9999,9999,9999,9999,9999,9999,9999,9999,9999,9999,9999,9999,9999,9999,9999,9999
MA11,1968/03/07,9999,9999,9999,9999,9999,9999,9999,9999,9999,9999,9999,9999,9999,9999,9999,9999,9999,9999,9999,9999,9999,9999,9999,9999
MA11,1968/03/08,9999,9999,9999,9999,9999,9999,9999,9999,9999,9999,9999,9999,9999,9999,9999,9999,9999,9999,9999,9999,9999,9999,9999,9999
MA11,1968/03/09,9999,9999,9999,9999,9999,9999,9999,9999,9999,9999,9999,9999,9999,9999,9999,9999,9999,9999,9999,9999,9999,9999,9999,9999
MA11,1968/03/10,9999,9999,9999,9999,9999,9999,9999,9999,9999,9999,9999,9999,9999,9999,9999,9999,9999,9999,9999,9999,9999,9999,9999,9999
MA11,1968/03/11,9999,9999,9999,9999,9999,9999,9999,9999,9999,9999,9999,9999,9999,9999,9999,9999,9999,9999,9999,9999,9999,9999,9999,9999
MA11,1968/03/12,9999,9999,9999,9999,9999,9999,9999,9999,9999,9999,9999,9999,9999,9999,9999,9999,9999,9999,9999,9999,9999,9999,9999,9999
MA11,1968/03/13,9999,9999,9999,9999,9999,9999,9999,9999,9999,9999,9999,9999,9999,9999,9999,9999,9999,9999,9999,9999,9999,9999,9999,9999
MA11,1968/03/14,9999,9999,9999,9999,9999,9999,9999,9999,9999,9999,9999,9999,9999,9999,9999,9999,9999,9999,9999,9999,9999,9999,9999,9999
MA11,1968/03/15,9999,9999,9999,9999,9999,9999,9999,9999,9999,9999,9999,9999,9999,9999,9999,9999,9999,9999,9999,9999,9999,9999,9999,9999
MA11,1968/03/16,9999,9999,9999,9999,9999,9999,9999,9999,9999,9999,9999,9999,9999,9999,9999,9999,9999,9999,9999,9999,9999,9999,9999,9999
MA11,1968/03/17,9999,9999,9999,9999,9999,9999,9999,9999,9999,9999,9999,9999,9999,9999,9999,9999,9999,9999,9999,9999,9999,9999,9999,9999
MA11,1968/03/18,9999,9999,9999,9999,9999,9999,9999,9999,9999,9999,9999,9999,9999,9999,9999,9999,9999,9999,9999,9999,9999,9999,9999,9999
MA11,1968/03/19,9999,9999,9999,9999,9999,9999,9999,9999,9999,9999,9999,9999,9999,9999,9999,9999,9999,9999,9999,9999,9999,9999,9999,9999
MA11,1968/03/20,9999,9999,9999,9999,9999,9999,9999,9999,9999,9999,9999,9999,9999,9999,9999,9999,9999,9999,9999,9999,9999,9999,9999,9999
MA11,1968/03/21,9999,9999,9999,9999,9999,9999,9999,9999,9999,9999,9999,9999,9999,9999,9999,9999,9999,9999,9999,9999,9999,9999,9999,9999
MA11,1968/03/22,9999,9999,9999,9999,9999,9999,9999,9999,9999,9999,9999,9999,9999,9999,9999,9999,9999,9999,9999,9999,9999,9999,9999,9999
MA11,1968/03/23,9999,9999,9999,9999,9999,9999,9999,9999,9999,9999,9999,9999,9999,9999,9999,9999,9999,9999,9999,9999,9999,9999,9999,9999
MA11,1968/03/24,9999,9999,9999,9999,9999,9999,9999,9999,9999,9999,9999,9999,9999,9999,9999,9999,9999,9999,9999,9999,9999,9999,9999,9999
MA11,1968/03/25,9999,9999,9999,9999,9999,9999,9999,9999,9999,9999,9999,9999,9999,9999,9999,9999,9999,9999,9999,9999,9999,9999,9999,9999
MA11,1968/03/26,9999,9999,9999,9999,9999,9999,9999,9999,9999,9999,9999,9999,9999,9999,9999,9999,9999,9999,9999,9999,9999,9999,9999,9999
MA11,1968/03/27,9999,9999,9999,9999,9999,9999,9999,9999,9999,9999,9999,9999,9999,9999,9999,9999,9999,9999,9999,9999,9999,9999,9999,9999
MA11,1968/03/28,9999,9999,9999,9999,9999,9999,9999,9999,9999,9999,9999,9999,9999,9999,9999,9999,9999,9999,9999,9999,9999,9999,9999,9999
MA11,1968/03/29,9999,9999,9999,9999,9999,9999,9999,9999,9999,9999,9999,9999,9999,9999,9999,9999,9999,9999,9999,9999,9999,9999,9999,9999
MA11,1968/03/30,9999,9999,9999,9999,9999,9999,9999,9999,9999,9999,9999,9999,9999,9999,9999,9999,9999,9999,9999,9999,9999,9999,9999,9999
MA11,1968/03/31,9999,9999,9999,9999,9999,9999,9999,9999,9999,9999,9999,9999,9999,9999,9999,9999,9999,9999,9999,9999,9999,9999,9999,9999
MA11,1968/04/01,137,152,172,189,201,207,198,179,152,126,107,094,095,108,129,157,180,195,201,195,182,166,153,147
MA11,1968/04/02,148,161,177,192,206,213,210,194,170,143,121,103,096,101,115,138,160,177,187,190,183,171,159,153
MA11,1968/04/03,152,158,170,184,197,206,206,195,174,150,127,107,096,094,103,121,141,160,174,183,182,174,167,161
MA11,1968/04/04,159,164,172,184,9999,9999,9999,9999,9999,9999,9999,9999,9999,9999,9999,9999,9999,9999,9999,9999,9999,9999,9999,9999
MA11,1968/04/05,9999,9999,9999,9999,9999,9999,9999,9999,9999,9999,9999,9999,9999,9999,9999,9999,9999,9999,9999,9999,9999,9999,9999,9999
MA11,1968/04/06,9999,9999,9999,9999,9999,9999,9999,9999,9999,9999,9999,9999,9999,9999,9999,9999,9999,9999,9999,9999,9999,9999,9999,9999
MA11,1968/04/07,9999,9999,9999,9999,9999,9999,9999,9999,9999,9999,9999,9999,9999,9999,9999,9999,9999,9999,9999,9999,9999,9999,9999,9999
MA11,1968/04/08,9999,9999,9999,9999,9999,9999,9999,9999,9999,9999,9999,9999,9999,9999,9999,9999,9999,9999,9999,9999,9999,9999,9999,9999
MA11,1968/04/09,9999,9999,9999,9999,9999,9999,9999,9999,9999,9999,9999,9999,9999,9999,9999,9999,9999,9999,9999,9999,9999,9999,9999,9999
MA11,1968/04/10,9999,9999,9999,9999,9999,9999,9999,9999,9999,9999,9999,9999,9999,9999,9999,9999,9999,9999,9999,9999,9999,9999,9999,9999
MA11,1968/04/11,9999,9999,9999,9999,9999,9999,9999,9999,9999,9999,9999,9999,9999,9999,9999,9999,192,172,149,128,112,108,117,135
MA11,1968/04/12,161,183,199,207,199,184,163,142,123,116,119,133,158,184,202,214,212,195,172,146,126,115,114,128
MA11,1968/04/13,151,173,194,203,200,185,160,131,105,089,085,096,117,144,172,192,201,194,179,157,134,118,109,117
MA11,1968/04/14,134,156,181,197,198,187,162,131,101,074,064,067,081,110,141,170,190,200,190,175,156,136,125,127
MA11,1968/04/15,138,157,182,201,208,201,181,150,114,082,063,056,066,084,111,142,172,187,192,186,171,156,143,138
MA11,1968/04/16,146,161,182,201,210,212,199,172,137,104,077,063,060,071,092,119,149,171,185,187,181,172,159,155
MA11,1968/04/17,157,165,180,197,211,215,210,189,160,128,099,075,065,065,079,099,121,145,162,172,177,172,166,163
MA11,1968/04/18,162,166,179,191,203,214,213,201,180,154,126,100,084,076,9999,9999,9999,9999,144,160,171,171,172,172
MA11,1968/04/19,172,175,182,189,201,211,215,212,201,182,160,9999,9999,9999,096,096,106,120,134,152,164,172,180,182
MA11,1968/04/20,186,186,188,192,198,203,210,210,204,195,181,163,148,130,117,112,110,116,122,134,150,159,170,178
MA11,1968/04/21,182,185,186,185,183,185,187,189,188,187,180,172,160,147,135,122,115,113,111,118,130,141,154,168
MA11,1968/04/22,175,179,179,176,171,168,165,165,167,169,173,175,171,164,154,140,128,118,112,115,122,133,149,163
MA11,1968/04/23,174,186,185,182,174,163,156,151,149,155,167,172,179,179,175,163,149,134,120,117,118,125,139,155
MA11,1968/04/24,172,183,187,183,172,157,144,133,127,133,144,156,171,181,183,179,167,151,134,123,119,123,134,151
MA11,1968/04/25,168,183,193,189,179,160,142,124,111,113,123,138,159,176,186,189,181,166,148,134,122,123,132,147
MA11,1968/04/26,167,183,195,196,186,168,147,126,107,102,108,123,146,169,186,198,197,185,171,152,140,135,137,149
MA11,1968/04/27,167,186,201,206,198,182,159,132,109,096,095,107,128,153,178,194,202,195,182,167,154,144,139,149
MA11,1968/04/28,166,181,200,207,202,190,169,139,110,093,083,089,106,129,158,179,193,197,188,175,160,150,143,149
MA11,1968/04/29,161,177,197,206,208,201,180,152,123,097,083,082,097,117,144,171,192,199,199,191,178,167,157,156
MA11,1968/04/30,167,179,196,208,212,207,194,165,135,108,086,081,086,103,126,152,175,191,195,189,180,168,159,156
MA11,1968/05/01,159,170,186,197,204,204,192,170,141,112,092,077,074,083,104,127,150,169,177,183,177,167,159,154
MA11,1968/05/02,157,166,178,192,200,202,197,178,155,128,104,086,078,083,095,115,136,157,173,178,179,176,168,165
MA11,1968/05/03,164,167,177,187,197,202,202,189,171,148,124,104,092,086,092,107,124,146,160,169,178,177,173,169
MA11,1968/05/04,168,171,177,185,193,201,203,195,184,167,147,128,114,106,106,111,124,142,158,172,179,183,184,183
MA11,1968/05/05,183,182,183,183,191,198,202,199,192,179,165,148,133,120,112,112,116,124,138,152,166,175,178,180
MA11,1968/05/06,182,181,179,178,180,181,185,186,183,179,170,159,148,133,122,113,110,113,118,134,146,157,168,177
MA11,1968/05/07,178,177,176,169,165,164,165,166,166,169,171,168,161,151,139,127,118,114,115,123,137,153,168,181
MA11,1968/05/08,187,189,185,177,169,162,157,155,160,165,171,179,180,176,169,153,139,127,117,121,131,144,161,178
MA11,1968/05/09,189,193,192,180,165,152,141,133,133,140,153,168,179,186,184,172,158,143,125,118,119,128,147,164
MA11,1968/05/10,181,193,191,183,166,144,126,111,105,111,122,140,163,179,188,186,179,163,141,129,122,127,142,160
MA11,1968/05/11,178,192,197,189,171,147,119,098,084,079,090,110,136,162,183,193,193,181,161,147,136,132,142,158
MA11,1968/05/12,176,195,205,201,187,160,128,100,077,064,068,084,108,140,168,189,200,198,183,171,157,150,152,162
MA11,1968/05/13,183,203,216,219,209,190,160,125,095,075,068,076,096,125,158,188,209,217,214,205,192,183,181,184
MA11,1968/05/14,197,214,230,240,237,222,196,161,124,099,081,076,087,108,137,170,196,214,220,217,208,197,190,190
MA11,1968/05/15,197,211,228,239,244,237,213,185,148,113,088,073,070,085,106,132,164,184,197,204,199,195,188,183
MA11,1968/05/16,188,193,207,221,228,228,214,191,160,128,098,076,067,065,074,098,125,149,167,179,181,180,173,170
MA11,1968/05/17,170,173,182,194,205,210,208,197,176,147,119,093,081,071,076,090,107,129,147,162,170,174,174,172
MA11,1968/05/18,171,172,175,183,194,204,207,202,192,173,152,132,113,100,095,100,110,126,143,159,172,180,184,182
MA11,1968/05/19,182,178,176,178,183,190,196,199,197,187,174,158,140,125,116,114,116,125,138,152,165,178,183,185
MA11,1968/05/20,185,181,176,172,171,172,178,182,186,184,180,174,161,149,137,127,124,127,134,145,158,171,181,187
MA11,1968/05/21,188,186,178,168,160,155,157,157,163,170,171,172,171,160,150,141,130,128,128,137,149,162,173,184
MA11,1968/05/22,188,184,178,166,152,145,136,134,140,148,158,168,172,173,170,160,150,142,137,140,150,160,174,186
MA11,1968/05/23,193,196,189,176,159,142,130,122,122,132,145,160,172,178,182,174,164,155,144,141,143,153,166,179
MA11,1968/05/24,191,197,193,182,163,141,121,109,103,107,123,142,161,175,186,186,180,169,160,153,150,157,166,179
MA11,1968/05/25,195,203,203,195,178,157,133,111,097,096,107,125,148,170,187,192,193,186,172,164,158,158,166,178
MA11,1968/05/26,192,205,209,205,190,167,141,116,097,088,092,107,133,156,180,195,199,197,188,177,170,165,165,177
MA11,1968/05/27,190,205,213,212,202,180,155,126,101,084,082,092,112,138,164,185,200,201,194,187,176,170,171,175
MA11,1968/05/28,188,201,211,218,213,196,172,143,113,094,083,085,101,123,152,178,196,205,203,196,185,177,173,174
MA11,1968/05/29,183,197,210,218,218,208,185,158,129,101,084,082,090,107,137,162,184,200,201,199,191,183,177,175
MA11,1968/05/30,181,192,203,216,221,213,199,175,144,116,095,084,083,097,119,144,170,188,198,200,194,188,181,176
MA11,1968/05/31,178,186,198,209,216,218,208,188,164,134,108,092,086,090,102,124,149,172,188,194,193,197,179,172
MA11,1968/06/01,173,175,184,195,203,208,204,193,171,146,119,100,088,084,092,108,128,150,170,180,184,185,176,172
MA11,1968/06/02,170,167,173,182,189,198,199,191,179,157,136,116,098,091,091,098,115,136,155,170,181,182,179,174
MA11,1968/06/03,169,166,166,168,177,185,189,191,184,172,156,138,121,108,103,104,113,129,145,163,178,183,186,182
MA11,1968/06/04,175,171,167,165,168,173,179,185,185,181,173,160,147,134,124,116,118,128,142,159,172,184,191,189
MA11,1968/06/05,184,177,167,160,155,155,161,166,172,176,178,173,165,154,143,131,125,128,135,148,165,182,191,194
MA11,1968/06/06,193,184,172,159,148,140,141,145,152,162,171,177,179,175,166,156,147,139,141,149,163,178,191,199
MA11,1968/06/07,203,195,183,165,146,130,122,118,124,139,153,168,182,186,184,178,169,159,154,155,167,179,194,204
MA11,1968/06/08,212,210,198,177,155,132,115,103,102,112,129,152,173,187,198,197,189,179,168,163,165,176,181,204
MA11,1968/06/09,213,216,207,191,167,137,111,092,079,082,098,117,145,172,191,200,202,194,184,176,171,176,186,199
MA11,1968/06/10,215,223,220,210,187,156,125,097,075,068,073,090,115,147,174,195,205,207,202,193,185,182,188,196
MA11,1968/06/11,213,228,233,232,217,186,156,123,094,075,070,079,100,127,159,182,204,214,214,206,198,192,189,194
MA11,1968/06/12,207,223,232,236,228,208,177,142,107,081,066,065,075,096,125,155,181,198,204,204,198,192,185,185
MA11,1968/06/13,193,208,224,233,234,224,204,174,137,107,082,070,071,086,108,135,163,187,200,204,201,196,188,185
MA11,1968/06/14,188,196,210,222,230,231,216,196,167,132,105,084,072,080,095,116,143,168,184,194,196,192,185,175
MA11,1968/06/15,173,178,185,200,211,219,217,204,184,158,129,106,091,085,095,109,129,152,174,185,194,192,185,178
MA11,1968/06/16,173,171,175,184,195,207,213,211,200,182,159,138,122,112,113,120,135,156,174,188,200,204,199,190
MA11,1968/06/17,183,175,170,173,183,190,201,204,200,190,174,157,141,129,120,124,133,147,165,180,193,199,200,192
MA11,1968/06/18,185,175,166,161,161,169,176,183,188,188,182,172,159,147,139,137,137,148,163,175,188,198,200,196
MA11,1968/06/19,189,179,166,155,148,148,155,161,171,177,178,177,172,165,157,154,150,155,164,174,189,201,205,205
MA11,1968/06/20,199,189,174,160,145,138,139,142,150,160,168,175,178,177,172,167,161,160,164,171,184,195,204,206
MA11,1968/06/21,204,200,183,166,148,134,124,123,128,139,154,167,178,186,186,182,177,173,172,174,181,193,203,208
MA11,1968/06/22,210,208,193,186,156,135,119,109,109,118,132,150,168,180,188,189,185,181,175,170,176,183,192,201
MA11,1968/06/23,209,209,201,186,165,143,121,104,096,099,111,131,152,171,185,193,193,188,180,173,172,177,183,193
MA11,1968/06/24,203,208,204,195,174,152,128,102,087,082,088,106,129,153,175,188,195,194,185,178,173,171,175,183
MA11,1968/06/25,196,204,208,202,190,168,141,111,090,077,078,088,111,136,160,181,194,198,193,185,178,174,174,180
MA11,1968/06/26,192,202,212,211,203,187,158,130,101,082,078,082,098,124,150,173,195,202,200,195,184,178,176,174
MA11,1968/06/27,188,202,210,217,215,201,180,151,117,094,079,074,086,105,134,160,182,198,199,196,187,178,173,169
MA11,1968/06/28,174,190,199,210,215,207,190,165,133,105,086,074,077,094,114,145,170,186,199,199,191,184,175,170
MA11,1968/06/29,172,182,195,209,217,218,210,189,161,133,105,088,084,091,109,137,161,186,199,202,201,194,182,174
MA11,1968/06/30,173,177,190,202,212,219,218,204,183,156,130,110,096,096,116,126,153,177,195,206,206,197,187,177
MA11,1968/07/01,167,168,176,186,199,210,215,208,193,173,149,126,108,101,105,120,141,165,184,196,201,197,189,174
MA11,1968/07/02,165,160,162,166,178,191,201,204,196,184,168,148,132,120,115,126,141,161,183,201,209,212,203,192
MA11,1968/07/03,181,171,165,166,170,181,194,203,204,200,188,176,161,148,140,140,146,160,178,196,209,213,208,196
MA11,1968/07/04,183,170,155,146,144,150,159,171,179,183,184,178,166,156,149,148,148,157,170,182,199,208,207,201
MA11,1968/07/05,190,172,154,139,128,128,131,138,150,161,171,180,180,176,172,164,164,167,171,184,200,213,217,215
MA11,1968/07/06,208,193,175,152,136,127,123,126,137,152,173,192,208,214,213,209,203,198,198,205,213,224,233,234
MA11,1968/07/07,231,219,197,175,152,129,114,110,112,122,142,161,182,195,205,206,204,198,193,194,204,210,220,227
MA11,1968/07/08,229,226,211,191,164,135,114,098,090,097,112,132,159,183,201,213,218,214,207,202,200,206,215,225
MA11,1968/07/09,233,236,230,213,191,162,132,096,091,083,091,109,135,162,189,209,220,222,217,210,202,203,208,216
MA11,1968/07/10,229,240,241,234,216,190,156,126,097,079,076,087,108,135,166,193,210,220,217,211,202,196,196,200
MA11,1968/07/11,215,230,242,244,234,215,186,152,118,094,079,078,092,114,143,172,199,212,217,211,203,196,187,185
MA11,1968/07/12,196,210,226,237,238,231,210,178,145,118,096,085,087,104,129,156,184,204,213,213,207,195,185,180
MA11,1968/07/13,179,191,206,221,235,236,223,202,172,139,113,097,088,099,118,140,170,194,206,210,205,196,182,171
MA11,1968/07/14,167,175,185,202,218,227,226,213,191,166,137,118,108,110,122,142,167,192,206,212,212,205,188,173
MA11,1968/07/15,164,163,168,181,198,212,218,215,202,181,160,139,122,118,124,139,161,182,196,208,212,204,192,176
MA11,1968/07/16,162,153,153,156,170,186,198,203,200,185,174,155,140,134,135,144,161,178,194,207,212,210,199,184
MA11,1968/07/17,170,158,147,147,154,166,179,188,191,191,181,172,160,152,153,155,166,182,196,208,217,216,208,196
MA11,1968/07/18,180,166,153,144,143,149,161,171,180,183,182,177,173,167,166,166,174,182,192,203,212,216,213,202
MA11,1968/07/19,192,176,160,146,139,138,143,150,160,167,174,177,176,176,176,172,173,182,187,196,206,212,213,206
MA11,1968/07/20,196,186,170,153,137,129,126,129,138,148,160,170,177,181,185,185,183,186,189,194,202,210,213,211
MA11,1968/07/21,207,197,181,163,144,129,119,115,119,129,143,158,172,183,189,193,193,192,191,191,195,204,210,212
MA11,1968/07/22,214,208,196,181,158,140,124,111,107,115,129,147,168,181,196,204,202,202,196,192,194,199,206,213
MA11,1968/07/23,218,218,213,200,178,156,134,114,104,103,114,133,156,175,195,206,200,207,201,196,194,195,199,206
MA11,1968/07/24,217,224,222,216,199,174,148,121,104,097,101,118,137,161,186,203,212,212,205,198,195,191,190,198
MA11,1968/07/25,209,220,227,223,212,192,162,134,109,093,091,099,117,140,168,191,206,212,206,200,189,182,181,185
MA11,1968/07/26,198,212,223,227,222,206,181,151,122,101,086,088,104,125,153,180,199,209,208,200,190,179,175,173
MA11,1968/07/27,181,197,211,223,225,216,199,171,138,112,094,087,094,112,140,167,192,208,213,207,194,183,172,168
MA11,1968/07/28,174,187,204,220,229,229,215,195,167,135,114,101,100,112,135,161,190,210,216,214,204,191,187,165
MA11,1968/07/29,166,175,189,207,222,230,229,213,189,162,137,120,111,118,136,162,186,208,221,222,215,200,181,167
MA11,1968/07/30,160,163,177,192,208,223,226,222,208,184,162,141,128,130,140,158,184,205,220,228,220,208,190,171
MA11,1968/07/31,161,156,158,172,188,204,216,219,211,197,180,162,150,145,148,162,182,202,219,229,228,218,199,178
MA11,1968/08/01,165,154,150,153,163,181,197,204,206,205,195,186,172,163,164,169,183,200,216,228,234,227,212,191
MA11,1968/08/02,172,155,145,139,143,156,169,180,191,192,194,190,182,178,175,178,187,200,214,226,232,230,221,203
MA11,1968/08/03,184,165,147,134,130,132,139,151,162,175,182,186,190,188,187,188,190,196,206,216,224,228,223,212
MA11,1968/08/04,195,175,159,137,122,117,114,120,131,144,160,173,183,191,195,196,197,199,203,210,220,226,225,221
MA11,1968/08/05,211,198,181,158,138,122,110,107,111,121,137,158,175,191,204,210,210,209,207,207,212,217,221,226
MA11,1968/08/06,223,218,207,185,161,139,116,101,096,099,113,136,156,177,196,206,212,212,204,201,201,203,211,220
MA11,1968/08/07,225,231,225,210,188,162,132,108,092,088,095,112,135,161,188,207,214,218,211,202,198,195,199,210
MA11,1968/08/08,221,232,237,232,218,194,164,131,105,089,088,098,118,146,174,197,212,214,211,202,189,183,180,187
MA11,1968/08/09,204,221,232,238,232,214,188,155,121,101,089,091,106,130,159,185,202,212,212,199,186,174,164,168
MA11,1968/08/10,179,198,216,230,234,226,208,178,145,117,099,094,100,120,146,176,201,211,213,204,191,174,159,156
MA11,1968/08/11,162,177,196,218,229,232,223,198,169,143,119,106,108,122,146,177,198,214,219,211,200,181,161,152
MA11,1968/08/12,152,160,179,203,219,231,229,213,195,168,144,130,122,133,153,174,199,217,225,222,208,189,167,150
MA11,1968/08/13,142,146,158,176,196,212,218,212,197,175,157,140,131,135,148,169,192,209,219,220,211,192,172,153
MA11,1968/08/14,139,135,139,153,172,191,202,204,199,185,170,156,146,146,156,171,190,207,218,222,217,202,183,163
MA11,1968/08/15,147,136,134,139,153,171,184,194,195,187,179,169,162,160,164,175,191,206,220,225,224,216,197,177
MA11,1968/08/16,161,145,140,138,143,157,171,180,187,188,186,180,176,174,176,184,193,204,212,220,224,217,205,189
MA11,1968/08/17,173,158,147,138,136,142,151,162,172,178,184,185,188,186,189,194,197,205,212,218,223,221,214,204
MA11,1968/08/18,189,174,160,146,138,136,137,145,155,162,173,183,186,192,197,198,203,204,205,212,216,216,215,210
MA11,1968/08/19,199,189,177,160,146,136,130,131,138,147,162,173,184,195,201,204,207,204,203,207,208,211,215,213
MA11,1968/08/20,212,206,194,178,160,141,130,122,122,132,142,160,180,191,206,212,212,208,206,202,202,208,208,218
MA11,1968/08/21,221,217,213,202,180,159,141,123,116,120,132,149,172,193,209,222,224,220,211,204,199,202,207,215
MA11,1968/08/22,226,230,229,221,201,179,155,130,115,109,112,132,153,176,200,214,218,213,204,194,186,183,187,197
MA11,1968/08/23,210,220,226,223,210,186,158,131,108,097,099,114,136,163,188,208,217,213,204,191,178,171,170,178
MA11,1968/08/24,195,214,226,233,228,213,187,157,129,109,102,106,126,155,182,207,226,226,216,204,186,172,168,170
MA11,1968/08/25,185,204,224,240,242,232,213,183,151,126,110,107,122,144,173,202,222,229,223,207,190,168,155,157
MA11,1968/08/26,163,182,206,226,237,241,227,203,175,146,124,118,122,140,168,194,221,232,228,218,195,172,156,146
MA11,1968/08/27,147,161,183,206,224,237,234,218,196,170,147,133,133,143,166,193,217,231,234,223,203,180,156,142
MA11,1968/08/28,136,142,161,184,204,223,227,242,209,186,165,152,144,151,165,187,215,230,235,230,213,186,164,143
MA11,1968/08/29,128,130,141,158,180,200,216,222,212,203,189,174,168,170,180,200,220,239,248,247,235,214,190,169
MA11,1968/08/30,150,140,135,142,157,175,191,202,203,201,193,184,180,179,184,199,214,229,240,242,233,217,194,172
MA11,1968/08/31,151,136,128,131,136,148,165,176,185,195,198,195,193,191,197,203,212,223,230,237,234,214,209,188
MA11,1968/09/01,166,147,134,125,123,130,141,151,162,172,182,189,194,197,200,202,208,213,218,224,228,223,213,201
MA11,1968/09/02,185,167,149,134,123,120,119,124,134,147,162,174,186,196,198,203,206,205,205,210,214,215,214,208
MA11,1968/09/03,198,185,170,151,132,117,108,106,110,120,136,155,173,187,200,202,204,203,196,195,196,201,205,209
MA11,1968/09/04,211,205,194,178,156,134,117,104,099,105,118,138,165,183,196,206,207,203,193,186,183,184,191,202
MA11,1968/09/05,211,216,215,203,183,160,134,112,100,094,104,123,148,172,195,207,211,204,192,182,174,169,176,189
MA11,1968/09/06,204,218,227,223,208,188,158,130,111,100,103,116,139,167,191,209,217,213,197,183,170,159,162,172
MA11,1968/09/07,190,211,227,234,230,210,184,156,128,114,110,117,139,163,188,212,222,217,204,186,165,152,144,154
MA11,1968/09/08,170,191,217,231,234,227,206,178,152,130,119,122,138,161,189,211,226,229,216,197,174,154,144,143
MA11,1968/09/09,156,175,201,223,236,237,226,203,174,154,139,136,146,166,195,216,236,240,232,213,190,164,143,138
MA11,1968/09/10,142,159,185,210,228,238,233,217,195,172,157,150,154,167,190,213,229,238,234,216,193,167,143,130
MA11,1968/09/11,128,137,158,182,203,219,222,212,196,178,163,154,154,162,179,200,217,226,226,214,194,168,142,126
MA11,1968/09/12,118,120,133,153,175,193,204,203,194,184,170,160,158,164,178,194,210,222,224,220,205,182,159,139
MA11,1968/09/13,124,121,127,138,157,175,188,195,193,186,178,171,167,170,178,191,206,216,221,218,209,189,166,150
MA11,1968/09/14,134,122,124,131,142,156,171,181,185,184,182,178,176,177,183,193,206,212,217,218,211,200,181,165
MA11,1968/09/15,149,137,131,130,136,148,161,171,179,184,188,190,191,194,197,204,208,215,220,222,220,211,200,186
MA11,1968/09/16,172,157,146,138,136,141,147,157,165,174,183,188,192,196,200,204,206,209,212,212,214,210,202,195
MA11,1968/09/17,184,172,159,146,135,134,132,138,145,157,170,182,191,198,204,206,207,204,203,205,206,206,206,204
MA11,1968/09/18,199,193,181,165,152,138,130,128,132,143,160,174,190,203,210,212,210,203,198,196,196,198,202,206
MA11,1968/09/19,207,208,198,183,166,146,132,121,119,125,141,160,178,196,199,212,210,202,191,183,180,179,187,197
MA11,1968/09/20,208,215,214,202,184,163,142,124,114,114,128,151,174,197,215,223,222,212,197,184,178,176,181,195
MA11,1968/09/21,211,224,231,228,213,188,160,136,118,110,115,134,157,183,204,215,216,202,188,170,155,145,148,163
MA11,1968/09/22,183,204,219,226,220,203,178,148,123,110,108,123,146,174,203,220,223,215,198,176,155,139,135,158
MA11,1968/09/23,167,193,218,233,238,231,212,184,157,135,128,134,154,182,207,227,238,228,209,184,154,133,122,123
MA11,1968/09/24,139,165,190,214,228,227,215,194,166,142,128,127,140,162,188,214,226,222,207,184,152,124,106,099
MA11,1968/09/25,109,130,159,187,207,220,218,205,184,163,146,142,144,162,186,209,224,227,215,194,164,132,107,093
MA11,1968/09/26,093,106,130,158,183,203,210,206,195,178,163,156,156,166,184,205,221,228,223,206,179,148,119,098
MA11,1968/09/27,088,093,109,130,157,179,194,198,196,188,177,170,167,172,186,205,220,227,230,220,198,171,142,118
MA11,1968/09/28,102,097,102,114,135,156,173,186,191,191,188,183,182,184,192,204,218,225,230,225,212,192,165,140
MA11,1968/09/29,123,111,105,110,120,134,150,163,172,179,182,184,188,188,191,200,208,213,220,220,212,200,184,164
MA11,1968/09/30,147,132,120,113,115,122,130,142,155,164,176,185,188,194,199,202,206,212,214,218,218,214,207,194
MA11,1968/10/01,182,168,151,137,132,127,128,135,145,159,172,185,198,204,207,208,203,200,200,199,202,203,202,202
MA11,1968/10/02,196,184,171,152,136,125,117,116,121,133,148,167,184,194,202,203,195,187,181,177,179,183,189,195
MA11,1968/10/03,197,194,187,171,152,132,118,110,109,118,133,152,172,190,201,203,198,186,172,165,162,166,176,188
MA11,1968/10/04,200,208,205,196,180,158,138,121,113,118,129,148,171,190,206,213,205,192,174,158,151,151,159,175
MA11,1968/10/05,195,209,218,217,204,184,160,138,125,122,130,150,171,193,212,220,216,201,180,158,142,135,141,157
MA11,1968/10/06,180,205,221,228,224,212,188,167,147,136,140,154,172,196,216,228,228,213,191,166,142,128,124,137
MA11,1968/10/07,158,184,209,222,228,222,203,180,159,146,142,151,170,191,214,228,228,220,198,170,142,121,114,117
MA11,1968/10/08,135,164,189,211,225,224,210,193,173,156,149,151,163,183,206,223,228,220,202,173,145,119,103,101
MA11,1968/10/09,111,136,165,191,210,217,213,198,181,165,154,156,163,180,204,220,230,228,212,188,161,132,114,101
MA11,1968/10/10,109,126,149,177,203,216,219,212,199,183,174,169,173,185,202,219,228,229,219,197,170,142,118,104
MA11,1968/10/11,099,109,127,149,173,191,200,202,192,181,173,169,169,177,191,208,218,223,216,201,180,154,129,108
MA11,1968/10/12,100,103,112,130,152,170,185,194,190,184,180,176,175,178,191,205,213,220,220,208,190,169,146,125
MA11,1968/10/13,114,110,112,125,142,159,176,187,191,190,188,184,184,186,194,204,212,217,220,215,202,188,165,145
MA11,1968/10/14,132,123,117,124,136,147,165,177,183,190,192,192,193,193,198,205,207,214,217,213,207,198,182,168
MA11,1968/10/15,154,140,133,129,134,140,150,161,174,181,189,194,193,196,198,198,201,202,201,200,199,194,186,176
MA11,1968/10/16,163,154,141,132,128,127,131,141,153,164,177,187,190,196,198,197,194,192,190,190,189,190,189,183
MA11,1968/10/17,179,174,161,148,135,126,124,129,136,154,167,181,195,200,205,204,196,191,184,182,182,188,194,199
MA11,1968/10/18,201,200,192,180,164,151,139,134,141,152,168,191,202,214,222,216,205,193,181,173,172,177,186,198
MA11,1968/10/19,208,216,212,201,182,164,144,134,132,135,155,176,194,210,220,214,204,188,168,152,145,146,158,175
MA11,1968/10/20,192,207,214,210,198,175,155,135,124,124,138,159,182,200,214,217,203,184,158,134,120,118,127,144
MA11,1968/10/21,167,190,208,214,210,194,171,148,133,126,132,152,172,194,214,218,209,187,161,133,108,098,102,114
MA11,1968/10/22,144,172,197,215,220,212,194,173,151,142,140,152,172,193,213,223,218,198,171,139,110,092,084,092
MA11,1968/10/23,117,146,175,202,218,220,213,193,173,160,153,157,173,194,216,230,231,215,189,157,120,093,080,078
MA11,1968/10/24,094,124,154,186,212,224,226,216,203,189,180,182,192,211,232,246,255,246,227,199,163,132,112,101
MA11,1968/10/25,105,124,148,176,208,230,243,245,236,223,214,210,212,223,240,258,266,262,250,224,193,158,129,110
MA11,1968/10/26,104,111,131,152,179,203,220,227,227,220,214,209,207,216,229,243,254,256,251,234,207,179,148,124
MA11,1968/10/27,111,106,113,127,145,166,184,197,204,202,201,200,198,203,211,220,230,236,233,224,208,187,161,138
MA11,1968/10/28,120,110,106,112,124,139,156,172,183,188,195,197,197,198,202,206,213,218,221,219,211,200,183,164
MA11,1968/10/29,148,134,122,119,122,130,144,157,170,182,192,198,200,201,203,201,202,202,203,206,205,201,194,182
MA11,1968/10/30,169,156,142,131,124,124,132,141,154,165,180,188,194,195,195,191,187,181,180,182,185,190,9999,9999
MA11,1968/10/31,9999,9999,9999,9999,9999,9999,9999,9999,9999,9999,9999,9999,9999,9999,9999,9999,9999,9999,9999,9999,9999,9999,9999,9999
MA11,1968/11/01,9999,9999,9999,9999,9999,9999,9999,9999,9999,9999,9999,9999,9999,9999,9999,9999,9999,9999,9999,9999,9999,9999,9999,9999
MA11,1968/11/02,9999,9999,9999,9999,9999,9999,9999,9999,9999,9999,9999,9999,9999,9999,206,200,185,163,141,126,118,122,135,154
MA11,1968/11/03,173,191,199,199,190,173,159,144,139,142,152,170,186,202,210,206,191,167,141,118,104,102,111,131
MA11,1968/11/04,156,180,199,207,202,192,175,161,152,150,157,172,190,209,221,220,208,185,157,131,108,099,103,117
MA11,1968/11/05,144,172,195,211,215,208,196,180,166,161,164,173,191,209,222,228,221,198,170,141,113,098,093,102
MA11,1968/11/06,126,153,183,206,218,217,210,195,182,172,171,177,190,210,224,232,230,214,188,158,128,105,095,097
MA11,1968/11/07,112,138,166,190,212,218,212,204,189,177,174,175,184,200,215,226,228,215,193,163,134,107,088,084
MA11,1968/11/08,093,113,138,167,190,205,206,201,192,181,175,173,178,192,208,221,226,220,205,181,153,126,104,095
MA11,1968/11/09,096,108,132,159,181,201,212,213,206,196,191,189,189,200,217,228,234,235,225,204,178,154,128,116
MA11,1968/11/10,110,116,132,154,178,199,212,219,216,212,204,201,203,206,216,228,232,234,231,216,193,171,147,125
MA11,1968/11/11,114,112,118,134,152,172,189,199,203,201,193,192,189,189,198,206,211,217,215,207,192,173,150,133
MA11,1968/11/12,120,112,115,123,137,156,173,187,196,197,197,197,194,195,198,203,208,214,212,210,204,189,174,157
MA11,1968/11/13,141,134,127,128,137,146,160,178,187,193,198,195,193,192,192,190,192,193,194,196,193,188,178,166
MA11,1968/11/14,153,142,134,127,129,134,144,161,174,186,192,196,195,194,191,186,182,182,180,182,182,185,183,178
MA11,1968/11/15,168,158,148,138,130,129,133,146,160,172,186,194,196,195,189,180,172,164,158,162,164,170,180,183
MA11,1968/11/16,183,181,173,160,148,141,138,145,156,171,188,201,207,209,202,192,180,165,154,150,154,161,172,187
MA11,1968/11/17,197,200,199,188,173,162,151,150,157,169,187,205,215,218,212,195,179,156,137,124,122,130,144,164
MA11,1968/11/18,183,196,200,195,184,168,152,145,142,150,166,182,196,205,203,193,171,144,120,098,091,095,106,131
MA11,1968/11/19,158,181,199,202,198,186,171,158,151,153,164,182,201,214,217,209,190,161,124,102,084,077,083,104
MA11,1968/11/20,136,166,190,206,213,207,194,180,168,164,169,183,200,215,225,224,207,177,144,109,082,067,065,079
MA11,1968/11/21,104,136,169,193,210,215,209,197,186,176,176,185,200,217,231,233,224,199,165,129,095,068,057,060
MA11,1968/11/22,076,105,135,166,192,207,210,206,198,188,182,184,194,211,226,237,235,218,192,158,120,088,066,058
MA11,1968/11/23,064,082,109,138,166,187,198,202,197,190,184,180,184,198,215,228,236,229,212,184,152,118,091,073
MA11,1968/11/24,068,078,097,120,148,173,188,201,200,198,192,188,187,195,207,220,232,232,223,205,180,152,122,099
MA11,1968/11/25,086,084,094,109,132,155,175,189,195,196,193,190,187,186,194,203,212,220,217,209,194,170,146,124
MA11,1968/11/26,104,097,098,104,121,141,160,177,188,192,193,190,184,182,183,188,196,202,204,207,199,187,172,153
MA11,1968/11/27,136,124,119,118,127,140,157,176,190,200,206,204,203,199,192,194,195,196,196,201,204,202,193,182
MA11,1968/11/28,169,153,143,135,135,141,151,165,179,190,199,198,196,192,182,175,171,164,164,172,176,182,187,182
MA11,1968/11/29,178,170,160,152,146,145,153,162,174,187,197,202,203,198,192,179,163,154,150,152,156,166,176,181
MA11,1968/11/30,186,184,177,167,160,156,156,162,173,185,199,208,210,212,201,186,172,153,139,136,136,151,163,175
MA11,1968/12/01,186,193,193,188,178,169,163,164,170,181,193,205,211,213,209,176,174,152,132,118,116,122,137,156
MA11,1968/12/02,174,190,197,199,194,184,178,173,173,180,191,202,215,220,218,209,188,163,138,117,108,110,120,141
MA11,1968/12/03,163,184,203,210,208,201,193,185,183,187,193,203,216,226,225,216,199,172,141,116,099,091,099,114
MA11,1968/12/04,138,165,187,199,205,202,194,183,175,175,176,185,201,212,219,218,203,178,150,121,095,082,083,094
MA11,1968/12/05,116,146,169,191,205,205,200,191,182,177,178,184,197,212,224,226,216,199,171,143,116,099,092,097
MA11,1968/12/06,114,143,172,196,214,222,218,210,200,191,187,189,199,213,225,232,230,212,188,159,127,101,088,085
MA11,1968/12/07,096,118,145,171,194,207,210,204,197,190,182,182,191,203,216,229,228,219,199,168,140,112,091,084
MA11,1968/12/08,088,105,130,153,180,196,204,203,196,190,180,176,179,189,203,216,220,216,202,177,150,124,099,087
MA11,1968/12/09,086,093,113,136,161,184,195,199,198,191,182,177,178,184,196,210,218,218,211,193,171,146,122,104
MA11,1968/12/10,098,101,112,131,154,176,194,202,204,199,190,186,185,190,198,208,216,223,219,210,193,171,148,126
MA11,1968/12/11,113,109,113,126,142,162,181,194,199,198,192,184,178,178,182,190,196,203,204,199,191,178,158,141
MA11,1968/12/12,126,118,116,125,139,156,174,189,202,205,201,193,185,179,180,184,187,194,198,201,200,195,182,170
MA11,1968/12/13,160,152,148,146,159,173,184,201,212,220,220,211,200,197,187,182,180,179,181,185,186,190,185,176
MA11,1968/12/14,167,154,144,138,138,144,157,172,186,200,205,201,195,186,176,167,160,155,156,162,170,180,187,190
MA11,1968/12/15,191,184,177,170,165,168,174,185,201,215,221,224,220,209,197,181,163,153,145,144,155,166,180,193
MA11,1968/12/16,201,205,202,195,189,185,183,190,200,213,226,230,228,222,208,187,165,143,129,123,126,138,154,174
MA11,1968/12/17,192,202,208,206,200,194,188,184,193,205,215,223,226,221,211,195,164,139,118,100,097,106,119,143
MA11,1968/12/18,168,190,207,212,212,209,200,192,192,197,207,218,228,230,226,210,182,152,120,096,080,077,089,108
MA11,1968/12/19,137,170,195,212,220,222,215,206,200,200,206,217,228,240,242,232,212,182,146,112,087,070,070,084
MA11,1968/12/20,109,142,172,195,213,220,218,209,202,197,197,203,215,232,241,240,227,200,166,130,095,072,061,065
MA11,1968/12/21,083,108,142,172,193,211,220,212,206,202,196,195,206,220,237,246,237,223,199,162,137,095,071,066
MA11,1968/12/22,074,091,122,150,175,201,212,214,215,207,199,198,205,220,237,251,255,249,232,204,172,137,107,089
MA11,1968/12/23,086,095,112,139,163,186,201,206,207,200,190,182,179,188,202,217,227,232,222,205,178,148,119,097
MA11,1968/12/24,086,090,102,122,147,172,192,203,204,202,191,178,172,172,177,192,204,212,213,205,187,165,142,116
MA11,1968/12/25,100,095,097,112,130,150,172,183,190,191,182,172,164,158,159,168,178,191,200,201,196,182,163,146
MA11,1968/12/26,131,122,122,128,142,162,179,194,206,206,201,192,180,170,166,164,167,176,184,188,193,189,175,163
MA11,1968/12/27,155,145,140,140,148,161,176,190,203,207,206,198,185,174,162,154,152,152,158,168,176,178,176,174
MA11,1968/12/28,169,163,158,156,156,166,178,190,202,210,213,206,196,185,168,156,146,139,143,150,158,170,174,177
MA11,1968/12/29,181,180,175,171,171,175,180,190,202,210,215,214,208,197,183,169,153,138,133,134,140,150,160,171
MA11,1968/12/30,182,186,188,188,185,184,188,192,200,211,217,218,218,212,198,184,165,145,132,123,125,137,148,164
MA11,1968/12/31,182,194,203,204,204,203,202,202,210,216,224,230,235,231,224,208,186,163,141,125,120,125,134,150
