MA11,1977/01/01,176,183,186,184,182,179,178,182,186,196,206,209,210,208,198,185,164,143,128,119,116,125,137,153
MA11,1977/01/02,170,183,194,194,192,186,182,180,183,189,198,205,211,212,209,197,174,156,134,113,106,108,113,135
MA11,1977/01/03,157,177,196,202,201,196,189,183,181,184,191,201,212,220,224,219,203,178,152,128,109,103,108,124
MA11,1977/01/04,148,173,194,202,205,202,194,186,178,175,179,186,200,212,220,219,200,180,153,122,102,090,089,105
MA11,1977/01/05,127,154,181,198,209,210,203,192,184,178,176,184,198,217,232,235,227,207,181,151,122,101,094,099
MA11,1977/01/06,115,146,174,193,210,212,210,198,184,176,170,170,180,198,215,227,223,209,186,155,124,098,080,079
MA11,1977/01/07,092,115,143,175,194,207,209,199,186,173,162,162,167,183,204,220,228,221,204,180,148,119,098,086
MA11,1977/01/08,090,111,137,164,191,209,212,204,192,177,162,154,155,166,185,202,214,216,207,186,160,129,102,087
MA11,1977/01/09,084,094,115,143,170,190,204,203,189,175,160,146,142,149,165,184,199,208,207,193,173,150,124,106
MA11,1977/01/10,096,094,115,140,166,192,208,212,207,193,176,160,149,147,159,172,186,201,207,203,190,169,148,128
MA11,1977/01/11,112,111,118,131,154,180,198,207,207,198,180,162,148,142,145,153,164,181,190,194,191,180,167,151
MA11,1977/01/12,139,133,133,141,158,179,197,209,216,210,195,179,163,149,145,147,152,161,175,183,187,190,180,170
MA11,1977/01/13,160,153,150,151,160,178,194,205,218,222,209,197,179,161,149,142,140,145,150,161,171,175,176,174
MA11,1977/01/14,172,167,162,159,162,173,182,194,207,213,209,200,184,166,150,137,127,121,121,127,133,144,154,162
MA11,1977/01/15,168,170,166,162,160,162,170,178,186,201,203,203,194,180,164,147,129,115,107,105,110,124,136,150
MA11,1977/01/16,167,176,181,180,176,174,174,179,185,197,208,210,208,204,191,179,149,126,106,097,095,104,120,135
MA11,1977/01/17,155,177,188,190,189,184,180,175,176,185,198,207,214,217,212,196,177,148,121,100,090,092,101,118
MA11,1977/01/18,144,171,190,203,207,202,194,185,177,180,192,202,211,222,226,219,200,175,144,114,093,084,086,100
MA11,1977/01/19,124,153,180,198,205,208,201,188,178,174,177,189,204,221,234,237,225,202,169,134,106,088,081,089
MA11,1977/01/20,110,136,166,188,204,212,204,190,175,164,161,165,177,196,215,226,224,209,186,151,119,095,082,079
MA11,1977/01/21,093,118,146,175,195,208,209,196,182,167,156,155,163,181,206,222,230,227,208,179,150,123,098,089
MA11,1977/01/22,094,112,141,165,189,207,211,201,185,168,154,147,146,156,180,200,216,220,210,190,164,137,113,098
MA11,1977/01/23,093,108,130,155,180,200,210,206,194,179,160,147,140,146,164,185,203,216,218,206,187,162,138,120
MA11,1977/01/24,114,113,133,158,178,200,214,213,204,190,170,152,138,134,144,163,178,194,200,197,188,168,149,130
MA11,1977/01/25,119,121,130,147,168,188,205,209,205,195,179,159,144,138,142,153,168,184,193,198,195,184,169,155
MA11,1977/01/26,146,142,145,157,174,192,209,219,217,209,196,180,162,149,144,145,154,168,178,184,188,184,176,166
MA11,1977/01/27,157,150,152,158,168,186,202,212,219,217,206,191,172,162,152,145,148,153,160,171,178,180,178,172
MA11,1977/01/28,167,164,164,162,170,182,194,204,211,212,208,198,185,170,158,149,143,142,144,151,160,169,172,172
MA11,1977/01/29,173,173,174,174,175,183,192,198,206,211,211,206,196,182,168,153,142,134,130,132,138,148,159,167
MA11,1977/01/30,174,179,180,180,180,182,185,191,196,200,207,210,204,195,184,167,152,138,125,121,125,132,147,162
MA11,1977/01/31,174,186,192,190,190,188,186,186,189,196,203,208,210,209,200,186,165,145,126,113,108,117,127,145
MA11,1977/02/01,163,180,194,198,196,193,186,178,177,181,186,197,207,212,211,200,182,159,136,115,104,104,112,130
MA11,1977/02/02,153,175,194,202,202,199,192,183,177,177,183,192,205,214,219,216,202,179,163,126,106,098,101,116
MA11,1977/02/03,139,163,187,202,208,206,196,184,174,168,170,181,194,208,219,222,215,195,167,137,111,094,090,097
MA11,1977/02/04,117,147,175,193,205,209,201,187,173,160,158,165,177,195,214,225,226,213,189,159,129,104,094,095
MA11,1977/02/05,111,138,168,193,212,218,214,201,181,167,156,155,167,185,206,225,231,229,209,181,151,122,102,095
MA11,1977/02/06,105,124,156,181,201,217,216,203,185,165,149,144,148,163,185,206,221,224,217,195,167,137,113,100
MA11,1977/02/07,100,116,142,168,191,209,215,206,188,166,148,136,131,138,157,181,200,214,214,203,183,158,131,113
MA11,1977/02/08,109,114,132,160,185,207,216,213,200,178,156,139,128,128,140,158,181,196,204,204,190,171,150,128
MA11,1977/02/09,115,118,130,147,172,196,209,213,205,184,162,142,125,120,125,137,155,174,187,196,194,184,170,155
MA11,1977/02/10,143,139,144,156,176,197,214,224,220,205,187,168,148,132,128,134,145,160,174,186,193,189,182,172
MA11,1977/02/11,161,156,156,161,173,188,204,214,216,209,193,176,154,134,123,119,120,129,140,150,161,170,170,166
MA11,1977/02/12,166,162,162,162,166,178,189,200,206,205,198,186,168,150,136,123,118,116,118,128,140,152,164,168
MA11,1977/02/13,172,177,177,177,178,182,189,199,206,213,214,209,199,184,169,154,138,128,122,121,130,143,158,171
MA11,1977/02/14,184,190,197,199,195,194,195,197,202,207,214,218,212,204,193,175,156,138,122,114,116,121,137,156
MA11,1977/02/15,174,192,203,206,205,201,194,193,193,196,205,216,222,223,216,205,184,161,138,121,111,112,123,141
MA11,1977/02/16,163,186,201,208,211,206,196,187,180,178,184,196,210,221,223,220,203,177,148,121,106,100,102,116
MA11,1977/02/17,142,165,189,205,209,206,195,178,168,162,162,173,188,202,213,218,209,187,161,131,110,094,091,101
MA11,1977/02/18,120,147,176,194,204,205,190,174,157,145,140,148,164,183,203,215,213,200,175,146,118,095,086,088
MA11,1977/02/19,106,131,159,179,196,200,191,174,154,134,125,126,137,160,183,203,211,205,188,163,134,108,093,090
MA11,1977/02/20,100,123,148,176,196,205,200,184,162,143,125,123,131,147,172,196,212,213,205,186,160,134,114,105
MA11,1977/02/21,110,128,154,178,201,216,216,208,189,164,145,137,136,145,167,192,216,224,218,205,186,163,141,128
MA11,1977/02/22,125,135,154,173,193,210,216,207,190,167,144,129,119,122,139,162,182,201,208,203,190,170,152,138
MA11,1977/02/23,131,139,152,168,189,207,214,212,200,179,158,138,123,120,128,144,166,183,194,193,183,168,153,140
MA11,1977/02/24,132,135,145,159,178,195,207,211,203,187,166,146,129,120,119,128,142,158,171,180,182,174,164,153
MA11,1977/02/25,145,144,149,159,172,187,201,207,203,192,177,160,144,130,124,128,136,149,160,171,176,179,176,172
MA11,1977/02/26,167,164,167,174,182,194,206,214,215,209,196,182,166,150,140,135,133,140,147,155,164,170,170,170
MA11,1977/02/27,168,166,168,171,175,180,190,195,199,197,191,183,172,158,147,137,130,128,129,135,147,156,163,166
MA11,1977/02/28,167,168,170,171,172,173,175,182,185,185,186,182,174,166,154,140,128,119,113,116,123,134,145,156
MA11,1977/03/01,166,174,177,179,180,180,180,180,181,188,191,193,193,186,178,167,150,133,120,112,113,125,138,152
MA11,1977/03/02,167,179,186,188,183,177,173,169,168,172,178,188,196,200,196,187,168,150,132,118,114,122,135,154
MA11,1977/03/03,174,193,206,211,208,200,190,180,175,175,184,197,207,216,219,212,197,176,151,128,114,113,119,139
MA11,1977/03/04,163,185,202,211,211,202,188,175,164,159,166,179,196,213,224,224,217,198,169,143,121,108,109,122
MA11,1977/03/05,145,172,195,210,214,207,192,173,157,147,145,156,173,191,210,221,218,204,178,147,122,103,095,105
MA11,1977/03/06,123,150,177,197,205,202,197,165,142,125,117,123,138,160,183,203,212,206,186,158,129,106,092,092
MA11,1977/03/07,107,135,160,185,201,203,192,171,145,121,107,104,116,137,161,188,206,208,203,180,153,128,108,100
MA11,1977/03/08,107,127,153,178,199,208,202,182,157,130,108,099,101,116,141,168,193,207,209,196,177,154,136,123
MA11,1977/03/09,122,136,160,183,205,222,221,207,183,157,132,115,107,115,135,159,184,203,211,208,196,178,160,144
MA11,1977/03/10,138,143,157,177,199,214,223,215,196,172,144,121,108,102,109,127,148,168,184,190,188,180,166,150
MA11,1977/03/11,142,144,151,168,186,204,214,213,201,180,156,133,114,102,100,110,124,140,158,170,177,176,170,163
MA11,1977/03/12,157,155,159,167,183,198,207,212,206,193,175,153,134,117,106,106,113,122,136,149,160,166,167,165
MA11,1977/03/13,163,162,161,164,171,181,191,199,200,196,184,170,153,136,124,116,114,116,123,135,144,157,164,171
MA11,1977/03/14,173,174,175,172,172,176,183,190,194,196,193,187,175,163,148,133,124,117,116,118,127,140,154,166
MA11,1977/03/15,174,181,182,180,178,176,176,178,183,187,190,194,190,183,170,156,140,125,118,114,119,127,141,157
MA11,1977/03/16,170,182,189,186,179,171,164,161,160,165,177,187,192,195,188,176,160,139,120,111,106,111,125,141
MA11,1977/03/17,160,179,187,190,187,176,163,153,147,148,159,171,186,196,199,192,178,158,134,116,108,108,116,135
MA11,1977/03/18,156,177,194,201,198,186,169,152,140,137,144,160,176,194,210,213,200,184,160,136,120,113,116,131
MA11,1977/03/19,152,175,196,208,208,200,180,159,140,131,132,145,165,188,206,218,215,203,181,155,136,121,118,129
MA11,1977/03/20,148,171,194,207,212,205,186,161,137,119,114,120,138,161,184,203,210,202,184,160,138,118,110,114
MA11,1977/03/21,130,155,176,192,203,199,183,160,132,111,102,100,113,136,162,186,201,201,190,171,148,128,114,112
MA11,1977/03/22,124,144,165,185,198,199,190,169,140,118,098,091,098,114,138,165,185,193,192,178,158,139,120,116
MA11,1977/03/23,122,137,159,178,195,202,192,175,151,122,102,091,089,100,120,145,170,185,191,186,173,156,140,134
MA11,1977/03/24,134,145,161,179,197,210,211,201,181,159,137,121,111,114,128,149,168,185,195,198,191,176,161,150
MA11,1977/03/25,145,152,163,178,194,207,214,208,192,171,148,127,112,106,115,131,149,165,178,187,186,177,167,158
MA11,1977/03/26,154,154,159,169,183,196,202,201,190,176,156,138,122,114,110,118,132,147,164,176,181,179,174,167
MA11,1977/03/27,163,161,162,167,180,190,197,200,195,183,170,155,139,129,123,126,133,143,158,169,178,182,180,175
MA11,1977/03/28,170,170,169,169,175,182,190,193,190,184,175,161,148,135,123,119,118,123,130,141,152,159,163,167
MA11,1977/03/29,167,166,164,162,163,166,169,173,173,172,170,163,155,144,130,122,117,112,113,120,130,142,151,162
MA11,1977/03/30,166,166,166,163,159,158,160,160,162,165,167,168,166,160,151,138,126,118,115,118,126,141,155,170
MA11,1977/03/31,181,191,194,188,184,177,173,174,174,180,186,195,200,199,193,182,167,148,134,128,130,140,155,173
MA11,1977/04/01,188,199,205,202,192,181,168,158,155,159,170,181,192,201,202,194,182,155,137,123,116,123,134,153
MA11,1977/04/02,174,192,200,202,192,179,164,146,136,136,142,153,172,190,199,200,189,169,146,125,110,108,115,132
MA11,1977/04/03,155,178,193,199,193,178,161,136,117,112,117,132,156,180,200,214,204,192,173,142,123,114,110,126
MA11,1977/04/04,148,169,194,204,202,193,167,139,116,100,096,108,127,153,180,200,210,204,188,164,141,123,116,122
MA11,1977/04/05,140,165,187,204,210,202,181,152,122,101,090,092,106,132,162,188,206,210,202,186,164,144,128,128
MA11,1977/04/06,140,159,186,204,216,214,199,173,141,114,092,084,090,109,138,165,191,206,205,198,181,162,146,139
MA11,1977/04/07,140,154,181,199,215,220,214,192,163,129,105,088,084,096,116,148,173,191,203,204,194,180,166,156
MA11,1977/04/08,153,161,176,197,214,222,221,206,182,154,124,102,088,090,100,120,146,166,182,190,188,183,172,160
MA11,1977/04/09,156,158,168,179,197,210,216,207,192,166,140,117,099,092,096,107,127,147,164,177,184,183,180,174
MA11,1977/04/10,169,166,168,177,189,202,212,210,204,184,168,146,126,114,107,108,118,131,148,162,172,177,178,176
MA11,1977/04/11,173,170,164,166,172,180,189,194,192,185,174,160,143,128,116,112,112,119,129,142,154,166,170,176
MA11,1977/04/12,178,176,172,168,167,170,174,182,184,184,184,175,167,156,141,132,124,122,125,135,147,159,170,178
MA11,1977/04/13,186,188,183,177,170,166,167,169,172,179,186,186,184,177,168,156,144,136,130,133,142,151,166,179
MA11,1977/04/14,190,195,196,188,176,166,159,155,156,163,176,182,188,192,184,175,165,148,136,130,133,140,154,168
MA11,1977/04/15,183,194,196,190,177,162,150,136,132,138,150,167,181,189,193,191,178,164,159,138,136,142,150,173
MA11,1977/04/16,192,202,212,210,198,184,165,146,138,136,149,169,187,204,214,214,207,190,173,157,148,144,153,171
MA11,1977/04/17,189,203,217,216,206,192,168,146,127,118,126,141,160,182,203,212,210,197,181,164,149,144,146,156
MA11,1977/04/18,182,201,217,226,220,206,184,160,136,122,120,132,151,174,196,214,219,212,199,179,163,150,144,158
MA11,1977/04/19,176,196,212,222,218,210,190,161,133,115,106,109,125,151,178,198,212,212,201,189,173,156,147,151
MA11,1977/04/20,162,180,199,212,216,212,194,170,137,115,102,099,110,130,156,182,202,210,207,196,179,164,152,148
MA11,1977/04/21,156,170,188,204,210,211,197,173,145,117,096,090,092,108,131,157,192,194,197,191,179,163,149,144
MA11,1977/04/22,145,157,173,189,201,204,198,177,152,126,103,090,084,091,111,133,157,177,186,186,180,169,156,149
MA11,1977/04/23,148,155,167,182,195,204,202,190,169,144,124,103,094,095,108,125,150,170,180,188,187,178,168,157
MA11,1977/04/24,150,153,160,173,185,194,196,190,175,156,136,114,101,098,102,114,133,151,166,177,181,180,172,164
MA11,1977/04/25,162,160,164,172,184,198,200,202,192,180,163,146,132,123,121,126,141,157,173,186,198,198,194,190
MA11,1977/04/26,186,180,178,180,186,188,196,197,192,184,172,156,142,130,124,120,125,136,148,164,175,180,182,180
MA11,1977/04/27,180,174,170,167,166,170,176,179,178,176,172,162,151,139,128,120,120,121,130,143,157,170,176,182
MA11,1977/04/28,182,180,176,170,165,166,170,174,178,186,190,192,188,180,169,157,152,148,148,154,164,178,190,196
MA11,1977/04/29,203,200,192,184,171,164,159,157,158,166,174,179,184,180,172,160,147,136,129,130,139,153,166,179
MA11,1977/04/30,190,192,188,180,163,148,137,132,130,136,150,164,176,182,182,176,162,147,132,126,128,137,152,169
MA11,1977/05/01,185,192,194,182,165,147,130,117,112,115,130,148,171,188,198,196,189,171,150,138,134,136,150,169
MA11,1977/05/02,189,205,212,208,193,170,147,128,114,112,124,144,166,194,210,220,220,207,189,172,159,156,161,176
MA11,1977/05/03,195,215,226,224,215,190,161,133,106,096,098,111,135,163,188,206,216,208,194,177,160,148,146,154
MA11,1977/05/04,176,196,214,220,212,194,166,132,101,081,070,079,095,124,157,181,201,208,201,188,172,154,146,151
MA11,1977/05/05,166,185,206,218,220,211,187,156,121,095,078,072,086,108,138,172,196,211,218,210,200,185,174,172
MA11,1977/05/06,178,194,216,229,240,236,218,194,158,125,101,087,084,101,119,150,180,197,210,215,204,194,182,172
MA11,1977/05/07,175,186,196,216,231,234,232,211,180,153,122,102,094,094,112,134,159,182,196,208,206,199,188,178
MA11,1977/05/08,176,176,185,200,214,223,228,216,195,172,144,116,102,098,098,116,135,155,174,189,194,192,185,177
MA11,1977/05/09,172,165,166,176,186,198,206,202,193,176,155,132,114,103,098,104,118,135,152,168,180,183,180,175
MA11,1977/05/10,170,163,160,160,166,175,185,188,187,180,167,152,134,122,114,110,116,126,141,158,169,178,180,180
MA11,1977/05/11,175,169,161,155,153,156,163,169,174,174,170,162,152,142,130,122,120,123,130,144,157,170,180,180
MA11,1977/05/12,180,174,166,155,146,142,145,148,156,162,166,168,166,160,152,141,134,132,134,142,154,168,180,188
MA11,1977/05/13,190,189,180,167,154,142,137,138,142,152,162,171,177,176,172,164,154,146,140,145,152,162,178,190
MA11,1977/05/14,196,200,193,179,165,146,132,128,128,136,150,165,180,188,188,184,177,164,156,152,156,163,176,190
MA11,1977/05/15,202,210,208,198,182,164,143,128,122,124,136,157,176,192,200,200,196,184,171,163,160,165,177,192
MA11,1977/05/16,208,218,222,216,201,183,157,137,124,118,129,146,166,190,206,214,214,205,192,182,172,170,178,190
MA11,1977/05/17,206,224,230,228,217,195,173,145,124,116,118,132,155,180,201,216,221,214,203,189,178,174,174,182
MA11,1977/05/18,199,215,226,232,223,205,183,152,126,108,102,111,132,156,182,202,215,216,207,194,182,172,170,173
MA11,1977/05/19,186,203,218,230,228,216,196,166,139,113,101,102,116,140,165,192,209,219,214,205,192,180,175,174
MA11,1977/05/20,181,197,212,223,228,221,204,179,151,125,107,102,110,129,155,182,204,217,218,211,201,190,178,173
MA11,1977/05/21,178,187,202,217,225,226,215,191,163,137,115,102,102,115,136,161,184,204,210,210,202,189,178,170
MA11,1977/05/22,172,179,189,204,218,220,212,196,173,146,123,106,100,105,119,141,166,187,201,203,199,191,178,170
MA11,1977/05/23,166,170,178,190,201,210,210,198,180,157,135,114,102,100,108,124,145,170,187,196,196,190,181,171
MA11,1977/05/24,164,163,163,176,186,196,200,196,184,163,147,126,113,103,104,117,132,152,172,184,190,192,186,178
MA11,1977/05/25,170,164,162,168,175,184,194,193,189,179,164,148,134,121,116,119,128,145,161,178,188,196,193,185
MA11,1977/05/26,177,170,164,160,162,170,176,182,182,180,174,162,150,138,127,124,129,137,152,167,180,192,196,192
MA11,1977/05/27,186,179,168,161,158,159,164,170,176,180,180,178,172,160,151,142,140,140,148,162,177,191,200,202
MA11,1977/05/28,200,192,178,168,155,148,150,151,159,171,179,186,186,183,176,166,156,152,152,158,170,187,199,208
MA11,1977/05/29,210,203,192,176,158,142,134,132,134,148,159,174,186,190,188,179,168,158,152,152,160,172,190,201
MA11,1977/05/30,209,210,200,184,164,141,123,114,112,118,135,154,174,188,197,196,187,176,164,157,158,166,180,196
MA11,1977/05/31,210,220,214,200,180,152,126,105,094,096,107,129,152,177,197,204,202,193,180,166,160,162,170,187
MA11,1977/06/01,202,216,222,212,194,165,136,108,087,079,082,100,127,155,183,202,210,211,200,183,172,168,168,181
MA11,1977/06/02,198,214,230,228,216,197,163,128,102,081,076,086,105,136,168,194,212,220,216,204,190,182,176,181
MA11,1977/06/03,196,214,230,240,237,222,196,162,125,097,082,080,090,115,144,172,198,210,216,208,196,184,174,170
MA11,1977/06/04,178,194,211,226,232,228,210,182,149,113,090,078,080,095,119,149,175,197,209,208,202,192,177,168
MA11,1977/06/05,170,180,194,210,224,227,221,202,173,139,111,092,085,091,106,131,157,181,199,206,204,197,186,173
MA11,1977/06/06,168,170,178,196,211,220,223,211,190,165,139,114,101,098,104,122,145,167,188,199,200,200,190,176
MA11,1977/06/07,166,163,164,174,187,202,210,208,198,181,159,134,118,108,112,121,139,162,180,195,202,203,195,186
MA11,1977/06/08,176,166,161,166,172,186,197,201,200,191,176,162,143,132,126,130,142,156,174,189,200,206,202,192
MA11,1977/06/09,184,170,160,155,156,163,174,182,186,185,180,171,160,149,140,136,144,152,166,182,192,202,206,200
MA11,1977/06/10,194,182,166,156,150,150,155,164,171,178,181,180,177,170,161,156,154,159,169,179,193,205,212,212
MA11,1977/06/11,208,200,187,172,158,150,148,152,160,171,180,186,188,188,184,177,172,168,171,176,190,203,212,217
MA11,1977/06/12,218,212,198,182,162,146,140,136,142,153,164,180,190,194,196,192,182,179,174,173,182,192,204,214
MA11,1977/06/13,216,214,205,190,172,151,133,120,120,127,141,161,176,188,198,198,194,188,176,172,176,184,193,208
MA11,1977/06/14,216,222,218,204,187,162,142,120,110,113,122,142,164,183,198,200,200,196,183,174,168,172,180,191
MA11,1977/06/15,206,216,216,211,193,170,147,124,105,096,102,119,142,164,189,202,204,200,192,178,170,170,172,182
MA11,1977/06/16,199,211,220,218,207,188,161,133,106,093,094,107,128,153,177,197,206,207,197,185,177,170,170,177
MA11,1977/06/17,191,208,220,225,221,205,182,153,126,105,096,103,120,146,174,195,212,218,213,203,190,180,174,176
MA11,1977/06/18,187,204,217,228,228,219,197,172,140,115,100,094,106,127,154,180,203,216,215,206,193,184,174,170
MA11,1977/06/19,178,192,207,220,230,224,209,185,157,127,106,096,098,116,140,168,192,208,216,211,200,188,176,170
MA11,1977/06/20,172,181,196,211,222,225,216,198,171,142,116,103,098,104,125,150,176,197,207,208,202,191,178,166
MA11,1977/06/21,161,168,181,194,206,216,216,203,183,158,132,115,102,104,119,138,163,185,204,210,208,198,185,172
MA11,1977/06/22,162,162,168,178,190,204,210,203,189,170,148,128,113,106,112,127,147,171,188,201,204,200,187,176
MA11,1977/06/23,164,158,156,163,174,189,198,199,195,181,165,149,134,122,122,127,141,164,182,196,210,208,200,188
MA11,1977/06/24,175,165,158,157,164,172,183,194,194,190,182,170,157,146,136,138,144,159,177,194,205,214,211,200
MA11,1977/06/25,188,177,163,157,154,156,168,177,184,190,190,184,176,169,160,155,156,162,176,189,204,217,220,212
MA11,1977/06/26,204,189,174,160,148,145,149,156,166,176,184,190,188,186,181,170,168,168,170,184,197,211,220,218
MA11,1977/06/27,210,202,184,164,150,136,130,132,138,152,168,179,190,196,194,188,182,177,174,179,190,204,215,222
MA11,1977/06/28,226,216,201,182,159,140,125,116,116,125,143,164,182,198,206,204,199,191,183,180,184,196,210,219
MA11,1977/06/29,228,228,219,201,177,149,126,108,100,103,116,137,163,184,201,210,212,204,195,186,182,186,196,209
MA11,1977/06/30,224,232,230,222,200,173,142,114,094,086,092,110,136,161,187,206,214,212,206,192,184,180,184,196
MA11,1977/07/01,210,226,238,236,222,201,170,136,108,089,086,105,119,145,178,202,220,225,218,207,196,188,185,191
MA11,1977/07/02,207,225,240,246,242,225,196,165,132,105,091,092,107,129,160,189,210,220,222,214,200,188,180,177
MA11,1977/07/03,189,205,225,239,244,239,219,191,155,124,102,094,099,115,142,172,198,216,220,216,208,193,179,170
MA11,1977/07/04,175,186,205,221,234,237,227,206,179,145,118,103,100,109,132,157,183,208,217,217,210,196,180,170
MA11,1977/07/05,163,170,184,200,216,228,228,220,196,169,145,122,112,116,129,150,174,197,213,220,216,205,192,175
MA11,1977/07/06,162,162,167,179,197,212,220,218,206,187,166,145,130,126,132,149,171,191,211,220,222,216,203,187
MA11,1977/07/07,174,164,160,167,180,196,207,213,209,199,183,166,152,142,142,152,166,186,205,214,222,220,208,196
MA11,1977/07/08,181,168,159,156,160,172,185,194,197,197,189,177,166,158,152,157,164,180,196,207,216,220,215,204
MA11,1977/07/09,192,178,162,152,150,154,163,172,181,186,185,182,177,170,166,162,167,175,188,200,212,220,220,214
MA11,1977/07/10,204,192,177,162,152,148,150,158,167,176,184,188,188,190,185,180,181,184,189,200,209,219,224,222
MA11,1977/07/11,217,208,191,175,158,148,142,140,149,160,172,183,190,196,197,194,192,188,188,192,200,210,218,222
MA11,1977/07/12,222,215,203,187,168,151,137,132,133,142,155,171,184,195,201,201,197,192,188,187,191,200,210,218
MA11,1977/07/13,225,224,218,204,185,166,147,132,128,133,148,165,185,200,213,216,214,209,202,195,194,198,206,216
MA11,1977/07/14,225,232,227,218,201,178,155,134,120,117,124,141,163,185,202,212,216,208,202,192,184,185,190,200
MA11,1977/07/15,216,224,228,224,211,190,165,138,116,107,108,122,146,169,192,207,213,214,204,193,184,180,180,189
MA11,1977/07/16,203,216,226,228,220,205,179,150,125,105,102,109,128,155,180,200,215,216,210,200,186,178,174,178
MA11,1977/07/17,191,209,211,230,231,219,196,170,138,115,104,102,118,141,168,195,213,220,216,205,192,181,172,170
MA11,1977/07/18,180,197,211,226,232,216,211,185,155,128,110,100,108,127,155,181,205,218,220,214,198,183,171,166
MA11,1977/07/19,171,183,200,219,230,231,221,202,175,147,122,110,110,124,147,171,199,219,224,219,208,192,176,166
MA11,1977/07/20,162,170,187,205,217,228,224,214,193,164,141,123,112,118,136,160,189,212,220,221,214,198,181,166
MA11,1977/07/21,158,158,167,184,199,214,220,214,201,181,158,140,126,124,133,153,177,200,216,222,219,204,190,173
MA11,1977/07/22,158,154,156,164,179,195,206,212,205,193,177,158,142,136,138,154,170,190,209,220,220,212,194,176
MA11,1977/07/23,161,149,146,151,159,175,188,196,197,193,181,170,158,149,150,154,166,184,199,212,219,214,204,188
MA11,1977/07/24,169,154,144,139,142,152,163,175,182,186,184,180,175,165,160,161,167,178,192,208,216,219,213,200
MA11,1977/07/25,185,167,152,138,132,134,142,149,160,170,176,180,180,177,176,170,171,178,183,196,209,216,218,211
MA11,1977/07/26,200,185,166,148,134,125,123,130,139,151,167,178,186,192,190,186,185,182,184,190,202,214,218,219
MA11,1977/07/27,215,204,186,165,144,126,117,114,119,130,147,167,182,195,202,203,199,194,198,198,194,204,215,222
MA11,1977/07/28,226,221,212,192,167,142,121,109,103,110,124,144,169,189,203,212,208,201,195,186,185,192,202,215
MA11,1977/07/29,228,232,226,215,193,164,139,116,099,098,105,125,152,175,197,214,217,211,202,188,182,182,186,200
MA11,1977/07/30,218,230,236,232,216,192,162,132,108,095,096,108,131,160,188,207,220,219,210,197,184,176,176,184
MA11,1977/07/31,201,220,235,240,234,219,189,157,128,106,098,104,121,147,177,203,220,227,222,208,190,176,168,171
MA11,1977/08/01,185,204,224,238,243,236,216,186,154,127,111,107,119,140,169,197,217,230,228,217,202,183,168,163
MA11,1977/08/02,171,185,206,229,241,242,233,209,180,152,130,117,122,139,160,190,213,228,234,226,208,190,173,158
MA11,1977/08/03,156,169,184,204,225,235,234,202,197,172,147,131,128,137,155,179,204,223,231,230,217,202,183,162
MA11,1977/08/04,156,157,167,187,206,222,228,225,208,188,168,152,142,145,158,178,200,218,231,235,229,214,195,176
MA11,1977/08/05,162,155,159,172,188,205,220,220,216,203,187,170,160,160,165,181,201,217,230,238,234,224,209,190
MA11,1977/08/06,175,164,160,162,177,190,203,212,212,205,198,187,176,174,175,181,197,209,222,235,234,230,218,198
MA11,1977/08/07,183,170,160,156,160,170,182,194,197,200,198,190,186,180,179,184,191,202,215,222,228,228,220,208
MA11,1977/08/08,193,178,165,158,155,157,166,174,183,190,192,194,194,193,192,193,198,205,213,222,230,236,231,225
MA11,1977/08/09,215,201,189,176,163,160,160,162,172,183,188,195,200,200,200,198,198,198,200,207,214,220,222,220
MA11,1977/08/10,217,203,193,174,159,149,140,140,147,156,167,182,192,200,203,202,200,198,194,197,202,209,216,222
MA11,1977/08/11,222,218,209,192,174,157,143,134,136,144,160,179,194,207,214,218,213,206,202,196,198,204,211,224
MA11,1977/08/12,232,231,226,214,194,173,154,134,129,132,144,164,182,202,216,220,220,213,200,195,190,193,202,213
MA11,1977/08/13,224,235,236,227,213,188,164,140,123,121,127,144,169,191,210,221,222,214,204,192,181,177,184,192
MA11,1977/08/14,208,224,230,230,219,198,171,144,121,109,112,124,147,175,196,213,220,214,202,190,174,164,167,174
MA11,1977/08/15,190,211,223,228,227,210,184,158,129,107,104,109,131,159,183,207,219,217,207,182,176,164,157,162
MA11,1977/08/16,176,197,216,230,234,226,209,180,151,126,113,115,127,153,180,205,224,228,221,202,184,167,156,156
MA11,1977/08/17,166,183,205,224,233,236,226,198,174,145,124,120,125,144,174,198,218,230,226,214,195,174,156,148
MA11,1977/08/18,152,164,185,207,224,236,232,212,193,165,142,129,128,137,160,187,209,226,232,224,208,188,165,151
MA11,1977/08/19,146,152,167,189,209,223,232,225,209,189,165,150,144,147,164,185,209,228,239,237,223,203,180,160
MA11,1977/08/20,148,148,155,172,191,210,224,226,216,203,187,171,161,161,167,186,206,225,237,239,231,215,193,170
MA11,1977/08/21,155,143,142,152,166,184,199,206,208,203,193,182,172,168,169,179,194,210,224,232,230,220,203,181
MA11,1977/08/22,162,149,140,140,146,161,175,185,195,198,195,191,187,180,181,186,191,204,217,224,232,230,215,199
MA11,1977/08/23,182,163,152,142,140,143,153,164,174,187,194,195,198,196,194,194,197,202,210,220,228,230,226,217
MA11,1977/08/24,204,188,170,154,142,138,139,145,155,168,184,193,200,205,206,203,202,200,202,209,216,224,226,224
MA11,1977/08/25,218,208,191,172,153,137,129,130,135,146,163,181,196,205,212,210,206,201,192,194,199,206,216,222
MA11,1977/08/26,225,223,210,191,170,149,132,120,116,126,144,164,183,202,214,216,211,204,191,184,186,188,199,214
MA11,1977/08/27,225,230,230,214,195,171,143,126,112,114,128,145,169,191,209,219,220,209,194,181,173,171,180,194
MA11,1977/08/28,213,228,234,232,217,194,166,140,119,110,115,129,153,182,204,219,225,214,201,181,166,160,161,174
MA11,1977/08/29,194,214,231,240,230,216,190,159,135,118,114,124,145,172,198,218,228,224,209,190,171,154,148,154
MA11,1977/08/30,170,194,219,232,237,228,207,183,153,130,119,121,136,160,188,211,226,228,216,199,176,152,139,138
MA11,1977/08/31,150,172,198,218,230,231,218,195,169,145,130,124,132,153,178,204,223,230,223,207,184,161,140,133
MA11,1977/09/01,135,151,177,199,218,228,225,208,185,163,145,136,139,153,177,200,221,229,229,218,197,173,152,136
MA11,1977/09/02,130,139,159,180,202,218,222,214,197,180,162,151,148,155,171,193,215,226,230,226,209,188,165,144
MA11,1977/09/03,132,135,145,163,185,202,214,215,204,192,178,164,160,162,171,191,210,223,234,232,219,204,181,161
MA11,1977/09/04,149,140,144,153,169,188,202,207,204,196,188,178,170,170,176,188,204,217,226,230,223,211,194,175
MA11,1977/09/05,158,146,140,142,154,170,182,192,198,196,190,185,180,177,179,188,198,207,218,223,222,215,201,186
MA11,1977/09/06,172,158,150,145,148,158,167,179,187,192,194,192,191,188,188,192,196,204,210,216,220,216,208,199
MA11,1977/09/07,186,173,161,151,148,149,155,163,174,182,191,194,196,196,196,197,198,200,204,208,214,216,215,214
MA11,1977/09/08,204,192,181,166,156,152,150,156,165,176,189,200,208,211,212,210,207,203,200,204,208,210,216,220
MA11,1977/09/09,216,210,198,184,168,156,148,146,150,161,177,192,203,214,216,216,209,202,196,192,196,200,208,217
MA11,1977/09/10,220,220,215,202,182,165,149,137,136,144,158,178,195,208,217,217,212,200,188,181,180,182,191,203
MA11,1977/09/11,214,221,223,214,194,175,153,135,125,130,142,161,185,203,217,222,218,205,190,178,170,169,176,193
MA11,1977/09/12,208,224,232,228,215,194,169,145,126,122,130,149,173,197,215,224,224,209,191,176,162,156,160,174
MA11,1977/09/13,196,215,230,236,227,212,187,160,137,127,126,136,163,187,211,230,233,224,205,184,166,150,147,156
MA11,1977/09/14,174,199,221,238,240,233,213,185,158,140,130,138,156,182,206,228,241,236,220,197,174,152,142,146
MA11,1977/09/15,160,181,208,232,244,245,232,207,180,157,142,141,152,173,198,224,237,238,226,203,177,149,130,126
MA11,1977/09/16,132,152,178,203,223,234,231,214,193,171,150,144,144,159,185,209,229,240,232,215,190,159,135,123
MA11,1977/09/17,122,134,157,181,206,225,232,224,209,191,172,162,159,164,184,209,230,245,246,234,213,185,161,143
MA11,1977/09/18,132,134,147,168,190,215,228,232,224,211,197,186,178,180,192,211,231,245,249,245,230,206,181,158
MA11,1977/09/19,141,135,142,153,172,192,211,222,223,218,210,203,196,194,200,213,229,244,254,257,250,235,216,194
MA11,1977/09/20,177,166,160,162,173,186,202,214,220,222,218,212,208,204,206,208,217,227,234,243,240,231,217,199
MA11,1977/09/21,179,162,152,146,148,156,166,180,191,202,208,212,216,212,210,212,214,218,224,230,230,226,220,207
MA11,1977/09/22,194,176,160,148,138,136,141,149,158,174,187,196,202,204,202,200,195,192,192,196,202,208,208,207
MA11,1977/09/23,201,191,178,162,146,138,134,134,143,154,170,185,199,205,206,206,196,187,181,180,186,192,202,210
MA11,1977/09/24,216,213,204,189,171,155,142,135,138,146,162,182,198,212,220,220,210,195,182,174,172,177,190,203
MA11,1977/09/25,214,222,221,208,195,174,152,137,128,132,146,165,189,208,218,224,218,201,184,168,158,159,170,184
MA11,1977/09/26,204,221,229,228,216,196,173,150,136,135,141,162,183,205,225,235,230,215,195,174,157,148,152,169
MA11,1977/09/27,192,215,233,240,234,218,197,171,152,142,142,157,176,199,223,237,235,225,201,175,154,135,130,143
MA11,1977/09/28,163,189,216,230,232,226,207,184,159,144,138,146,162,187,210,229,234,225,207,182,156,132,124,127
MA11,1977/09/29,143,170,196,220,232,232,221,201,177,159,150,152,164,184,208,229,239,237,221,198,170,145,129,124
MA11,1977/09/30,131,151,180,203,224,234,228,210,193,173,158,156,162,178,201,220,237,238,228,208,181,154,133,120
MA11,1977/10/01,113,135,157,186,207,222,224,216,198,183,168,160,162,170,189,212,224,232,229,215,188,163,141,121
MA11,1977/10/02,115,123,139,160,185,203,213,212,200,189,174,166,162,166,182,199,216,224,224,215,197,174,149,130
MA11,1977/10/03,120,118,127,145,165,185,200,204,201,190,180,174,168,170,180,193,208,217,222,220,208,187,170,150
MA11,1977/10/04,135,130,130,140,156,174,190,201,203,202,196,187,184,182,184,196,204,213,223,222,216,206,188,170
MA11,1977/10/05,156,146,140,141,152,166,178,194,200,202,202,197,192,190,191,197,202,208,216,220,217,212,202,187
MA11,1977/10/06,175,164,154,148,149,156,166,177,188,196,201,203,200,198,198,198,200,202,204,209,212,212,204,196
MA11,1977/10/07,186,176,164,154,149,148,152,160,171,184,195,202,204,204,203,199,194,190,190,192,195,198,202,200
MA11,1977/10/08,198,192,180,166,155,148,147,152,158,171,187,198,207,210,208,204,195,186,180,179,182,188,198,204
MA11,1977/10/09,209,207,198,187,170,157,148,145,150,162,175,193,208,215,218,210,199,187,175,168,167,174,184,197
MA11,1977/10/10,207,214,214,204,190,169,153,140,140,147,161,181,200,214,222,219,205,189,169,154,149,152,163,178
MA11,1977/10/11,194,210,218,212,201,181,157,139,131,131,143,165,185,205,217,219,209,188,166,146,132,128,137,156
MA11,1977/10/12,177,199,217,224,219,203,180,158,140,133,142,158,180,202,221,228,221,202,177,152,130,119,120,133
MA11,1977/10/13,159,187,210,226,230,221,203,178,154,142,140,151,172,194,217,231,228,215,187,159,131,110,101,109
MA11,1977/10/14,129,157,188,210,224,226,212,194,173,153,144,148,161,185,209,226,233,224,203,175,141,115,100,098
MA11,1977/10/15,109,135,163,194,218,228,226,215,195,176,164,162,170,186,208,232,244,240,227,200,169,139,116,104
MA11,1977/10/16,108,122,148,176,203,222,228,226,213,196,178,170,170,180,199,217,232,236,226,208,179,151,119,099
MA11,1977/10/17,094,100,117,140,165,190,202,206,202,191,178,168,166,168,180,199,213,223,224,213,194,168,140,115
MA11,1977/10/18,101,102,107,121,145,165,184,196,200,196,190,183,176,176,182,192,204,217,222,219,208,191,169,145
MA11,1977/10/19,126,116,116,122,136,152,169,185,194,198,198,194,188,184,184,188,196,203,210,211,208,199,184,166
MA11,1977/10/20,148,135,124,120,129,137,150,165,179,190,194,196,194,188,186,184,183,188,194,198,200,198,192,183
MA11,1977/10/21,170,155,142,134,128,131,141,151,164,177,187,192,197,194,188,184,178,170,172,177,180,186,190,187
MA11,1977/10/22,182,175,160,146,138,130,129,136,145,159,172,184,193,192,190,184,171,160,154,152,157,167,178,184
MA11,1977/10/23,188,190,182,170,156,142,136,136,142,154,170,187,199,206,208,199,185,170,152,146,146,153,168,185
MA11,1977/10/24,198,207,206,198,187,171,158,152,149,157,172,188,206,217,222,217,202,180,159,142,134,138,150,168
MA11,1977/10/25,190,205,212,210,203,186,166,153,148,146,156,178,194,208,219,218,204,182,157,135,117,114,123,141
MA11,1977/10/26,166,191,205,211,207,196,176,159,146,142,148,164,181,199,216,218,210,189,163,135,114,102,104,118
MA11,1977/10/27,141,170,193,206,212,205,189,170,154,144,146,155,172,192,212,220,217,201,175,147,116,098,090,100
MA11,1977/10/28,121,147,175,196,208,210,198,182,166,152,146,152,164,185,207,222,222,213,192,161,133,110,095,096
MA11,1977/10/29,112,134,162,189,208,214,209,197,179,166,156,156,164,182,201,219,226,219,203,177,147,121,102,094
MA11,1977/10/30,102,121,147,174,199,212,214,207,194,175,166,160,164,178,197,212,222,223,210,190,161,135,113,096
MA11,1977/10/31,098,112,132,158,184,202,210,208,197,184,173,169,168,175,191,206,218,222,216,199,178,154,126,112
MA11,1977/11/01,106,108,123,145,169,189,203,208,202,194,183,178,172,176,188,202,213,222,222,210,194,173,148,130
MA11,1977/11/02,120,118,124,142,161,178,194,206,209,203,194,188,182,181,185,195,202,212,215,208,199,183,161,152
MA11,1977/11/03,129,118,120,128,140,157,174,186,196,192,190,183,173,170,172,174,183,189,192,192,186,178,161,146
MA11,1977/11/04,134,122,118,118,124,138,152,168,178,182,184,180,172,170,168,166,170,172,176,180,180,176,172,160
MA11,1977/11/05,148,138,128,124,126,130,141,156,167,176,184,186,184,180,176,170,166,165,164,168,172,176,176,174
MA11,1977/11/06,168,160,151,142,136,135,140,151,163,175,189,197,197,195,188,179,170,163,160,162,164,174,180,186
MA11,1977/11/07,190,185,176,165,154,144,142,148,156,171,186,198,204,204,199,188,176,159,149,144,146,157,168,181
MA11,1977/11/08,198,203,198,188,174,164,156,154,156,168,184,201,212,220,220,209,190,173,154,142,140,146,160,179
MA11,1977/11/09,198,212,222,211,198,184,163,155,152,153,173,189,204,221,222,211,197,171,145,126,114,114,128,146
MA11,1977/11/10,172,195,208,215,208,194,179,163,152,152,162,179,197,218,227,222,206,181,149,122,104,094,099,116
MA11,1977/11/11,147,177,203,214,216,206,188,171,159,150,155,166,184,205,221,224,214,190,160,124,094,079,073,085
MA11,1977/11/12,110,138,169,194,210,209,202,194,177,154,150,158,170,192,214,224,223,206,177,141,106,081,067,066
MA11,1977/11/13,084,111,142,170,193,205,204,193,178,164,152,152,163,180,202,217,223,215,193,163,126,097,075,066
MA11,1977/11/14,073,092,122,151,178,198,206,206,193,179,169,164,167,178,197,216,228,225,213,189,159,129,099,081
MA11,1977/11/15,076,086,105,131,159,183,198,204,199,190,178,172,168,173,186,201,216,222,217,203,179,152,121,098
MA11,1977/11/16,086,086,096,115,137,162,184,194,196,194,184,176,170,168,174,186,198,207,214,207,193,175,153,130
MA11,1977/11/17,116,108,112,123,140,162,184,199,211,216,214,206,198,192,194,198,202,213,220,222,218,206,190,172
MA11,1977/11/18,154,142,134,134,147,163,179,194,209,212,214,212,202,194,189,184,196,188,194,201,202,202,197,184
MA11,1977/11/19,170,162,150,146,148,154,167,180,197,209,214,216,210,202,193,184,178,176,178,184,188,195,196,193
MA11,1977/11/20,189,179,170,163,154,157,162,170,182,194,203,208,204,201,191,178,166,154,150,153,161,169,179,189
MA11,1977/11/21,194,194,188,178,168,164,165,171,179,194,209,218,224,222,214,199,181,164,151,146,151,162,178,191
MA11,1977/11/22,204,212,212,204,194,184,180,178,182,193,206,223,232,236,232,216,195,174,152,141,137,142,156,175
MA11,1977/11/23,193,209,219,215,206,198,184,176,176,182,195,209,224,231,232,223,203,177,152,128,115,118,125,146
MA11,1977/11/24,171,189,207,212,206,197,186,173,167,166,172,187,204,218,226,220,206,182,153,128,109,101,108,126
MA11,1977/11/25,148,173,198,211,214,208,195,181,170,167,169,179,195,211,223,224,211,190,164,130,108,092,090,102
MA11,1977/11/26,124,150,181,200,210,211,199,186,176,170,169,176,187,204,222,229,224,206,182,152,124,102,092,099
MA11,1977/11/27,118,146,174,199,218,224,224,211,198,186,181,183,194,211,229,241,242,232,207,179,149,123,106,104
MA11,1977/11/28,112,136,164,192,212,225,226,216,202,189,182,179,184,186,213,227,232,227,210,184,154,125,105,095
MA11,1977/11/29,099,115,137,166,192,210,219,214,204,191,182,175,176,187,204,220,231,236,227,203,176,151,129,114
MA11,1977/11/30,111,121,140,165,189,212,225,226,219,209,197,187,181,187,196,208,220,226,223,208,185,161,140,120
MA11,1977/12/01,111,113,124,144,166,187,205,211,209,203,191,179,174,174,181,195,206,214,216,209,195,175,156,139
MA11,1977/12/02,127,122,129,142,164,186,205,216,221,220,210,200,192,188,191,194,200,207,210,209,201,188,173,156
MA11,1977/12/03,140,133,131,136,150,168,183,200,208,208,205,196,184,180,175,175,180,183,190,195,193,188,178,164
MA11,1977/12/04,152,141,136,136,142,155,172,186,199,206,207,200,191,184,176,172,170,172,177,183,186,186,185,179
MA11,1977/12/05,170,162,155,147,146,153,164,179,194,207,214,210,205,198,187,176,166,161,161,163,168,178,183,187
MA11,1977/12/06,185,180,174,162,154,157,161,170,186,198,208,214,211,203,191,175,161,146,140,142,148,159,174,184
MA11,1977/12/07,191,194,192,181,173,166,163,167,177,192,206,213,217,216,202,188,167,146,132,125,127,139,153,175
MA11,1977/12/08,192,204,209,206,196,186,178,174,180,192,207,221,230,233,226,212,190,163,140,122,114,122,136,157
MA11,1977/12/09,182,204,218,224,220,210,197,186,182,189,202,217,232,240,242,230,206,176,146,120,102,097,106,125
MA11,1977/12/10,152,180,205,218,224,218,205,191,181,178,183,196,212,227,235,232,218,189,155,121,094,086,083,092
MA11,1977/12/11,119,152,182,204,218,220,211,199,184,176,176,184,200,219,232,238,230,206,177,140,104,083,074,075
MA11,1977/12/12,096,125,154,186,206,217,219,207,194,184,176,176,187,205,223,236,237,226,204,171,136,105,082,072
MA11,1977/12/13,078,099,127,159,186,210,219,219,209,196,183,175,178,191,209,226,236,235,222,198,166,132,106,086
MA11,1977/12/14,080,094,115,140,166,194,208,213,208,196,184,172,168,174,186,205,220,226,221,204,181,151,119,100
MA11,1977/12/15,087,098,104,126,150,177,196,205,206,197,187,174,163,162,170,183,199,210,213,208,193,171,146,124
MA11,1977/12/16,107,100,108,124,142,166,188,202,207,208,198,184,174,167,166,174,185,198,210,211,207,198,181,161
MA11,1977/12/17,145,136,133,142,158,176,196,216,226,228,225,211,198,188,180,178,182,188,198,204,206,202,192,177
MA11,1977/12/18,166,152,147,148,153,165,182,197,208,218,217,208,198,185,175,168,163,166,171,178,188,192,191,188
MA11,1977/12/19,179,171,168,162,162,170,180,190,204,213,216,216,208,196,184,169,157,152,149,153,163,171,179,183
MA11,1977/12/20,183,182,180,173,170,172,176,184,195,206,214,218,214,208,197,184,166,150,142,140,144,155,168,179
MA11,1977/12/21,187,193,194,190,183,178,178,182,189,201,211,216,218,215,206,191,171,151,135,127,127,134,150,166
MA11,1977/12/22,181,193,200,202,194,189,184,181,184,191,201,213,220,220,217,204,185,161,138,122,114,116,127,145
MA11,1977/12/23,165,182,198,203,200,195,187,179,176,180,189,202,213,220,222,214,195,171,143,118,104,099,106,122
MA11,1977/12/24,144,169,188,200,206,202,194,185,180,177,183,194,207,220,229,227,213,191,163,135,115,102,103,118
MA11,1977/12/25,140,165,192,211,222,222,213,204,192,187,188,196,210,226,238,244,236,216,190,160,131,115,106,111
MA11,1977/12/26,132,156,182,205,220,224,219,204,191,184,180,180,192,208,222,233,230,218,195,166,137,112,098,096
MA11,1977/12/27,108,136,163,189,209,219,219,210,196,184,176,175,181,195,212,226,230,223,206,180,150,122,102,091
MA11,1977/12/28,098,116,140,171,194,209,214,208,194,180,169,164,167,178,194,211,220,218,205,183,156,130,106,091
MA11,1977/12/29,090,105,127,153,178,198,207,204,195,184,170,160,158,164,180,200,214,217,212,198,177,151,126,109
MA11,1977/12/30,103,109,125,149,176,200,214,216,211,200,185,170,162,166,176,191,205,212,212,204,187,166,143,122
MA11,1977/12/31,108,109,118,137,160,183,203,213,210,203,190,175,166,164,170,179,197,210,217,219,210,199,179,158
