MA11,1973/01/01,162,177,188,191,192,190,188,187,190,198,206,212,214,212,204,191,172,149,128,114,106,109,122,139
MA11,1973/01/02,158,180,198,208,210,210,206,203,203,208,216,223,230,236,231,220,202,178,155,133,117,112,117,132
MA11,1973/01/03,154,178,197,209,216,214,207,198,190,189,193,200,210,222,222,217,201,178,150,122,101,090,091,100
MA11,1973/01/04,120,142,170,190,200,202,197,188,180,176,175,181,191,204,214,218,205,184,159,125,101,085,072,077
MA11,1973/01/05,094,117,149,171,185,196,195,182,173,165,162,166,176,192,210,214,210,196,171,140,111,088,074,073
MA11,1973/01/06,086,107,135,161,182,194,196,190,179,169,160,156,166,179,195,209,212,204,184,155,124,098,078,068
MA11,1973/01/07,076,096,122,149,170,190,198,193,183,169,158,153,154,170,191,208,218,220,208,188,162,134,112,098
MA11,1973/01/08,100,112,136,164,190,212,222,218,210,199,187,176,171,179,195,212,226,232,226,210,188,158,135,116
MA11,1973/01/09,106,114,130,153,175,197,212,214,206,195,178,162,152,152,162,180,196,206,212,203,186,164,142,120
MA11,1973/01/10,112,111,122,140,161,186,206,212,210,202,184,167,154,150,154,167,179,192,206,207,200,186,167,148
MA11,1973/01/11,138,134,139,150,169,190,208,220,222,216,202,182,164,154,150,155,166,177,187,196,197,192,181,166
MA11,1973/01/12,156,150,150,157,168,187,204,216,224,221,208,191,173,156,143,140,138,146,158,168,175,178,176,167
MA11,1973/01/13,162,157,156,157,164,176,192,204,214,216,209,194,179,162,144,131,124,123,130,138,150,162,166,172
MA11,1973/01/14,175,174,172,171,172,180,190,200,212,216,215,208,194,177,157,141,124,111,107,112,122,135,149,160
MA11,1973/01/15,170,178,182,184,184,186,190,196,204,210,217,214,207,196,178,158,136,113,099,093,097,109,124,142
MA11,1973/01/16,162,180,189,194,194,194,192,194,197,205,212,214,215,211,199,180,157,127,102,084,076,080,092,115
MA11,1973/01/17,140,164,184,193,198,197,192,190,190,193,202,210,218,224,218,208,188,158,123,097,078,070,076,092
MA11,1973/01/18,124,152,177,196,206,206,202,194,190,189,197,208,221,233,242,240,226,201,171,138,111,092,089,096
MA11,1973/01/19,118,150,182,206,218,224,219,208,194,188,188,193,206,223,237,244,238,222,193,156,123,096,078,078
MA11,1973/01/20,092,120,152,178,201,212,209,200,186,173,166,167,176,193,212,228,234,226,204,175,141,110,086,074
MA11,1973/01/21,082,102,132,162,187,204,207,200,185,169,154,148,152,167,188,206,222,222,211,190,158,128,104,085
MA11,1973/01/22,084,097,121,148,179,198,206,200,187,166,150,137,133,140,158,179,196,208,207,195,174,150,122,103
MA11,1973/01/23,094,098,117,142,168,192,204,204,193,174,156,138,124,127,138,157,179,192,200,196,183,164,142,123
MA11,1973/01/24,114,114,125,146,170,192,209,215,206,193,175,153,139,134,137,151,169,183,197,202,198,189,174,159
MA11,1973/01/25,150,150,154,168,190,207,224,232,229,222,203,180,161,148,142,151,162,173,187,194,196,193,184,174
MA11,1973/01/26,168,164,165,174,187,205,220,229,230,227,210,193,173,156,148,145,146,154,161,171,178,180,178,174
MA11,1973/01/27,171,169,169,172,182,194,204,215,219,216,208,192,176,161,146,136,132,134,138,144,150,157,162,163
MA11,1973/01/28,166,169,170,171,175,181,190,199,205,206,203,194,182,167,154,138,126,118,118,118,125,135,143,152
MA11,1973/01/29,160,168,173,174,176,179,184,188,195,199,201,197,190,179,167,153,140,127,117,118,120,127,139,152
MA11,1973/01/30,166,179,188,191,192,192,188,190,193,195,200,202,196,191,184,167,150,130,113,102,098,102,114,128
MA11,1973/01/31,144,163,178,182,183,184,179,176,176,178,186,192,194,198,193,182,162,142,121,104,096,096,105,121
MA11,1973/02/01,143,164,181,194,198,196,192,188,182,180,188,196,205,211,210,202,9999,9999,9999,9999,9999,9999,9999,9999
MA11,1973/02/02,9999,9999,9999,9999,9999,9999,9999,9999,9999,9999,9999,9999,9999,9999,9999,9999,9999,9999,9999,9999,9999,9999,9999,9999
MA11,1973/02/03,9999,9999,9999,9999,9999,9999,9999,9999,9999,9999,9999,9999,9999,9999,9999,9999,9999,9999,9999,9999,9999,9999,9999,9999
MA11,1973/02/04,9999,9999,9999,9999,9999,9999,9999,9999,9999,9999,9999,9999,9999,9999,9999,9999,9999,9999,9999,9999,9999,9999,9999,9999
MA11,1973/02/05,9999,9999,9999,9999,9999,9999,9999,9999,9999,9999,9999,9999,9999,9999,9999,9999,9999,9999,9999,9999,9999,9999,9999,9999
MA11,1973/02/06,9999,9999,9999,9999,9999,9999,9999,9999,9999,9999,9999,9999,144,156,178,202,221,230,224,210,187,161,137,124
MA11,1973/02/07,120,129,147,174,198,216,223,216,200,178,155,137,128,132,152,172,189,207,211,202,186,168,145,128
MA11,1973/02/08,124,129,147,167,188,208,219,217,206,186,161,140,126,120,129,148,168,186,198,199,193,179,162,146
MA11,1973/02/09,140,140,150,166,186,206,218,220,212,195,174,151,132,118,120,128,142,162,178,187,190,183,174,163
MA11,1973/02/10,154,154,160,169,185,201,214,220,218,203,187,166,143,126,115,114,123,136,149,163,170,173,172,165
MA11,1973/02/11,162,162,165,172,183,196,211,218,218,214,200,184,164,145,128,121,119,120,128,141,152,162,170,174
MA11,1973/02/12,176,179,180,184,191,199,208,216,218,216,210,9999,9999,9999,9999,9999,9999,9999,9999,9999,9999,9999,9999,9999
MA11,1973/02/13,9999,9999,9999,9999,9999,9999,9999,9999,9999,9999,9999,9999,9999,9999,9999,9999,9999,9999,9999,9999,9999,9999,9999,9999
MA11,1973/02/14,9999,9999,9999,9999,9999,9999,9999,9999,9999,9999,9999,9999,9999,9999,9999,9999,9999,9999,9999,9999,9999,9999,9999,9999
MA11,1973/02/15,9999,9999,9999,9999,9999,9999,9999,9999,9999,9999,9999,9999,9999,9999,9999,9999,9999,9999,9999,9999,9999,9999,9999,9999
MA11,1973/02/16,9999,9999,9999,9999,9999,9999,9999,9999,9999,9999,9999,9999,9999,9999,9999,9999,9999,9999,9999,9999,9999,9999,9999,9999
MA11,1973/02/17,9999,9999,9999,9999,9999,9999,9999,9999,9999,9999,9999,9999,9999,9999,9999,9999,9999,9999,9999,9999,9999,9999,9999,9999
MA11,1973/02/18,9999,9999,9999,9999,9999,9999,9999,9999,9999,9999,9999,9999,9999,9999,9999,9999,9999,9999,9999,9999,9999,9999,9999,9999
MA11,1973/02/19,9999,9999,9999,9999,9999,9999,9999,9999,9999,9999,9999,9999,9999,9999,9999,9999,214,220,208,188,163,136,117,112
MA11,1973/02/20,118,140,168,192,216,227,222,208,188,164,146,138,138,152,177,202,223,230,226,213,192,167,145,128
MA11,1973/02/21,127,142,163,184,206,220,220,207,186,159,136,122,114,119,138,162,181,196,200,194,181,163,143,130
MA11,1973/02/22,126,136,152,170,196,212,216,210,192,166,146,129,117,116,128,148,171,188,198,200,194,183,170,160
MA11,1973/02/23,156,164,174,187,210,226,234,234,217,198,178,157,138,128,131,144,158,176,188,194,193,188,179,167
MA11,1973/02/24,164,166,172,184,202,217,228,228,219,204,186,168,152,139,136,140,147,159,169,180,184,182,180,174
MA11,1973/02/25,168,170,173,179,190,200,208,214,210,200,186,169,152,138,129,128,130,136,144,152,162,168,170,172
MA11,1973/02/26,174,176,178,184,190,198,205,212,214,207,198,186,172,156,146,137,132,132,134,139,149,157,162,169
MA11,1973/02/27,174,178,183,186,188,193,197,200,202,200,200,194,183,172,160,149,140,131,128,128,133,143,154,166
MA11,1973/02/28,180,190,194,196,198,199,200,202,203,204,205,206,204,195,188,176,158,146,133,124,126,133,146,161
MA11,1973/03/01,176,190,200,204,203,199,194,190,187,190,196,204,206,205,202,190,174,154,137,123,118,120,129,147
MA11,1973/03/02,166,185,200,206,204,200,191,183,177,175,184,197,204,208,211,204,188,167,144,123,110,106,113,129
MA11,1973/03/03,151,174,192,202,204,198,187,173,163,160,164,177,192,205,215,213,200,182,157,132,113,104,105,117
MA11,1973/03/04,138,164,186,200,208,204,190,173,157,146,149,161,177,196,214,223,219,204,183,156,131,115,109,118
MA11,1973/03/05,138,164,197,210,221,221,206,187,166,149,142,150,167,189,212,230,234,224,203,177,149,126,116,116
MA11,1973/03/06,130,152,178,199,214,216,204,183,158,134,123,120,131,153,176,203,221,218,207,186,158,137,120,112
MA11,1973/03/07,125,144,167,192,209,214,210,192,164,136,116,108,114,130,155,186,205,216,214,199,177,156,136,128
MA11,1973/03/08,131,146,170,195,213,226,224,209,186,154,129,114,110,117,141,169,197,217,224,217,203,184,165,153
MA11,1973/03/09,148,157,175,195,215,226,228,218,194,164,135,111,100,098,110,134,158,180,195,197,192,182,168,155
MA11,1973/03/10,153,157,170,187,204,218,223,220,203,179,154,128,108,098,100,116,135,155,175,186,188,187,178,170
MA11,1973/03/11,167,168,176,186,200,215,224,222,212,194,172,149,127,110,103,104,116,129,145,162,172,176,178,176
MA11,1973/03/12,172,174,178,186,200,209,216,223,218,205,191,173,153,133,120,114,112,118,132,144,156,167,176,179
MA11,1973/03/13,183,186,189,193,199,207,214,218,222,218,211,198,182,164,151,136,125,123,124,131,142,155,168,179
MA11,1973/03/14,188,194,196,196,196,200,202,206,208,210,208,204,196,183,168,153,136,122,112,112,118,128,142,157
MA11,1973/03/15,173,185,188,188,186,181,178,177,180,185,191,198,200,196,187,172,153,134,116,105,104,109,125,147
MA11,1973/03/16,166,182,192,194,189,182,172,164,162,165,175,187,199,206,206,200,184,161,138,118,106,109,119,140
MA11,1973/03/17,164,185,202,206,201,192,178,163,154,153,161,176,193,208,219,219,207,188,163,137,119,112,115,132
MA11,1973/03/18,154,180,198,206,207,196,177,160,142,133,135,149,168,192,206,217,216,201,177,152,128,114,112,123
MA11,1973/03/19,147,172,194,209,214,204,186,158,137,120,116,123,141,162,186,204,212,205,187,165,142,122,113,118
MA11,1973/03/20,134,160,182,199,208,203,184,160,133,110,098,100,115,140,168,192,206,210,200,182,160,140,129,130
MA11,1973/03/21,143,164,190,211,224,225,212,188,162,135,118,114,120,135,160,188,208,216,216,204,184,167,150,144
MA11,1973/03/22,152,166,190,210,222,226,218,196,170,142,118,105,104,116,138,163,186,199,207,200,185,170,156,146
MA11,1973/03/23,148,160,178,196,213,222,218,202,178,152,126,108,102,108,124,150,173,190,202,203,196,186,174,166
MA11,1973/03/24,166,172,185,200,216,228,230,220,197,168,146,127,112,112,120,139,162,178,190,197,194,188,180,174
MA11,1973/03/25,171,172,180,193,207,217,222,215,200,180,156,136,122,113,113,124,138,152,167,177,182,182,176,173
MA11,1973/03/26,170,170,176,185,194,205,210,210,201,185,168,150,132,122,117,117,124,134,148,158,165,168,168,168
MA11,1973/03/27,168,169,171,175,180,188,194,194,189,180,168,153,138,126,116,114,114,118,126,136,145,150,159,163
MA11,1973/03/28,167,170,172,174,176,181,189,192,191,190,185,176,166,156,146,140,135,132,133,138,146,156,164,172
MA11,1973/03/29,180,184,185,185,181,180,180,182,182,184,186,186,180,171,161,150,140,130,126,126,134,144,158,171
MA11,1973/03/30,183,192,197,193,187,182,176,174,172,176,181,190,188,186,179,167,152,136,124,119,121,129,142,159
MA11,1973/03/31,176,190,196,195,186,176,166,159,154,158,168,180,192,200,199,191,176,159,142,129,122,127,138,156
MA11,1973/04/01,179,196,206,210,202,186,172,156,147,148,157,172,188,203,210,210,197,178,157,135,124,122,129,147
MA11,1973/04/02,170,189,205,212,205,190,172,150,132,128,134,149,170,192,210,218,214,199,178,155,137,127,128,141
MA11,1973/04/03,162,184,201,212,209,194,174,144,120,106,104,117,139,166,192,212,214,206,188,170,147,133,130,136
MA11,1973/04/04,157,180,200,217,216,206,186,159,129,104,095,100,120,150,178,204,218,220,211,195,175,154,140,144
MA11,1973/04/05,158,176,197,215,218,212,194,163,130,100,082,078,084,108,142,170,196,206,202,190,174,155,142,140
MA11,1973/04/06,148,164,184,202,214,214,200,174,140,106,080,064,064,080,105,137,166,184,192,189,178,165,152,145
MA11,1973/04/07,149,159,178,196,210,215,207,189,159,126,098,075,066,070,087,112,141,166,180,186,185,174,162,156
MA11,1973/04/08,156,162,175,190,206,214,214,203,182,154,123,098,082,073,080,096,116,140,158,174,180,178,172,168
MA11,1973/04/09,167,168,178,188,201,214,218,212,199,179,155,130,108,096,090,094,110,125,142,158,170,174,174,174
MA11,1973/04/10,171,171,174,180,191,198,206,210,204,193,179,160,138,122,111,108,112,122,136,153,165,178,184,188
MA11,1973/04/11,188,188,189,190,190,196,202,206,208,206,197,186,174,159,140,129,122,120,128,136,152,166,176,185
MA11,1973/04/12,190,193,192,188,186,188,189,191,195,199,203,200,192,186,173,156,144,134,128,132,142,154,166,178
MA11,1973/04/13,190,194,192,186,175,165,159,156,158,163,171,180,185,184,177,164,148,133,121,114,120,132,146,165
MA11,1973/04/14,179,187,189,182,170,158,145,138,136,142,155,170,183,192,194,185,173,154,134,123,120,125,138,156
MA11,1973/04/15,174,185,190,187,174,156,138,122,112,116,126,142,162,180,191,194,185,167,149,134,126,124,133,150
MA11,1973/04/16,170,188,198,200,186,166,145,124,105,100,107,123,145,170,187,198,197,185,168,151,138,133,135,152
MA11,1973/04/17,174,194,208,213,205,190,170,146,124,112,114,129,151,177,200,217,224,217,203,188,169,158,152,159
MA11,1973/04/18,178,197,212,220,214,199,176,149,120,100,094,098,113,140,166,190,207,208,200,187,173,158,150,151
MA11,1973/04/19,164,184,203,216,216,208,186,156,128,104,090,088,098,121,149,176,197,208,205,198,185,171,160,160
MA11,1973/04/20,169,184,202,218,224,220,206,179,148,122,105,096,100,116,138,164,189,206,208,204,196,182,170,164
MA11,1973/04/21,167,176,182,207,217,218,206,184,156,126,101,091,086,094,114,136,160,182,190,194,192,180,170,164
MA11,1973/04/22,165,172,189,205,218,224,220,205,182,157,134,118,106,107,120,138,159,179,192,198,196,190,178,173
MA11,1973/04/23,172,173,182,193,206,213,212,202,184,162,142,120,106,104,106,120,138,154,171,180,184,184,178,172
MA11,1973/04/24,170,168,172,181,189,196,202,198,184,166,148,127,110,100,100,108,120,134,150,165,177,182,181,179
MA11,1973/04/25,177,176,178,182,189,196,200,202,198,187,174,157,142,130,124,121,127,137,149,161,174,180,184,186
MA11,1973/04/26,185,184,183,180,182,186,190,194,194,191,184,177,162,151,142,137,138,140,146,158,171,181,189,196
MA11,1973/04/27,200,199,194,190,185,183,184,186,191,194,192,189,184,172,162,153,144,138,140,145,156,168,180,189
MA11,1973/04/28,193,194,190,182,172,163,158,159,163,169,176,182,182,179,172,159,150,140,134,138,144,156,170,183
MA11,1973/04/29,192,198,194,184,172,157,148,142,142,152,164,177,188,194,191,182,170,156,144,139,142,151,166,183
MA11,1973/04/30,198,204,203,192,174,156,138,124,120,126,141,160,180,191,196,195,184,168,152,140,138,144,155,170
MA11,1973/05/01,192,200,203,196,180,156,135,111,098,102,111,134,160,181,198,204,198,185,170,156,146,148,156,172
MA11,1973/05/02,190,206,216,215,200,176,148,120,098,090,095,114,142,173,196,216,223,213,202,189,176,170,173,180
MA11,1973/05/03,201,223,233,237,227,203,176,142,110,093,088,098,122,149,183,207,219,222,215,201,185,173,167,172
MA11,1973/05/04,188,204,221,230,223,207,180,144,111,083,066,067,084,107,141,171,195,207,206,197,188,176,166,168
MA11,1973/05/05,178,192,209,221,227,218,199,168,132,097,072,062,063,082,111,140,170,190,200,199,192,182,172,166
MA11,1973/05/06,171,184,197,212,222,220,209,186,154,120,092,068,059,068,084,110,139,163,178,188,187,180,172,164
MA11,1973/05/07,164,172,182,196,209,214,210,197,173,144,116,088,072,068,075,092,115,140,159,174,180,178,174,167
MA11,1973/05/08,164,166,172,184,197,207,212,207,192,172,150,125,104,092,089,096,112,132,150,169,180,183,182,179
MA11,1973/05/09,173,169,170,176,184,192,200,203,198,188,174,156,135,120,109,107,115,128,143,162,177,186,189,188
MA11,1973/05/10,184,178,174,172,175,180,184,192,194,193,188,178,164,149,136,130,128,131,141,154,172,187,190,190
MA11,1973/05/11,190,188,180,171,166,164,165,168,174,181,185,185,182,172,159,148,140,135,139,151,163,178,190,194
MA11,1973/05/12,193,190,179,166,154,144,141,140,146,157,167,175,178,178,170,160,148,141,137,139,152,165,180,192
MA11,1973/05/13,197,194,184,168,153,138,127,122,123,132,146,162,174,182,184,179,168,158,150,148,153,166,178,192
MA11,1973/05/14,200,204,198,188,168,147,131,116,113,119,133,151,170,185,193,194,190,177,166,158,154,160,172,188
MA11,1973/05/15,200,208,205,196,178,156,133,110,100,100,108,129,152,171,190,200,198,191,179,166,160,159,166,184
MA11,1973/05/16,202,212,216,208,194,172,147,122,100,092,098,112,136,161,184,200,203,201,194,182,172,168,170,179
MA11,1973/05/17,194,210,219,220,210,190,166,137,112,097,093,104,123,149,176,198,210,214,206,196,184,176,175,182
MA11,1973/05/18,196,210,222,227,224,208,186,154,126,104,094,098,112,134,164,192,208,214,212,205,198,186,180,184
MA11,1973/05/19,196,211,223,231,230,220,202,176,144,117,098,094,102,122,149,175,200,212,212,206,198,189,180,179
MA11,1973/05/20,184,195,206,222,230,226,212,188,158,133,112,100,100,111,132,154,182,200,209,211,205,196,188,178
MA11,1973/05/21,180,189,198,212,223,224,214,196,169,143,119,101,095,101,114,136,160,182,196,200,198,192,183,174
MA11,1973/05/22,174,177,185,196,205,210,209,196,175,150,127,109,098,098,106,112,142,163,178,187,190,186,178,171
MA11,1973/05/23,166,165,170,178,187,196,199,192,179,159,138,119,105,098,102,110,126,147,163,177,184,183,180,172
MA11,1973/05/24,164,161,162,164,172,181,188,189,180,167,151,134,119,108,106,111,122,136,150,166,177,184,182,178
MA11,1973/05/25,170,165,160,156,161,168,175,178,179,173,163,154,140,129,122,121,125,136,149,164,176,186,190,187
MA11,1973/05/26,182,174,165,157,156,156,162,168,174,178,176,172,163,152,144,139,136,140,150,161,174,186,194,195
MA11,1973/05/27,193,184,172,159,150,146,146,150,158,167,175,178,176,170,162,154,147,146,151,159,171,186,194,201
MA11,1973/05/28,201,194,182,164,150,136,129,128,137,148,162,175,182,184,184,175,164,160,158,162,171,183,195,205
MA11,1973/05/29,209,207,197,178,160,139,124,116,120,132,150,169,185,198,203,200,194,184,178,174,176,188,201,212
MA11,1973/05/30,223,224,216,200,176,152,128,111,104,108,122,146,170,193,206,210,205,197,188,179,178,183,192,206
MA11,1973/05/31,217,228,225,211,190,161,131,104,088,081,096,117,143,174,198,213,219,214,206,196,188,188,192,202
MA11,1973/06/01,218,229,234,230,212,185,153,116,088,074,073,088,109,120,173,198,212,216,209,198,189,183,184,191
MA11,1973/06/02,205,220,232,234,227,208,176,139,102,076,062,065,082,107,140,172,195,208,208,203,194,184,179,182
MA11,1973/06/03,192,208,224,232,232,221,200,165,129,095,071,062,065,084,112,143,172,192,200,199,193,185,176,174
MA11,1973/06/04,178,190,204,218,228,226,214,192,160,123,095,075,070,076,095,124,154,178,194,200,195,188,179,170
MA11,1973/06/05,168,176,186,202,213,220,218,204,182,152,122,098,084,079,097,112,138,166,186,194,199,192,181,172
MA11,1973/06/06,166,166,171,183,198,210,214,208,195,174,151,124,108,100,100,111,132,154,176,192,199,198,191,179
MA11,1973/06/07,168,162,161,168,179,191,200,202,200,189,174,155,138,125,119,124,137,153,176,192,200,204,200,191
MA11,1973/06/08,180,170,162,162,163,171,183,192,195,192,186,176,162,151,143,140,144,158,172,187,201,208,208,202
MA11,1973/06/09,193,177,162,154,150,152,158,167,174,180,181,180,172,166,157,150,149,155,164,178,194,205,206,204
MA11,1973/06/10,197,184,169,152,141,135,136,142,148,158,168,176,178,177,171,164,158,158,164,174,185,196,204,205
MA11,1973/06/11,202,192,175,158,140,126,120,119,127,136,149,162,170,176,180,176,170,166,163,167,175,187,198,202
MA11,1973/06/12,204,199,186,168,148,129,113,106,105,112,126,143,159,173,182,184,180,174,168,164,168,178,186,196
MA11,1973/06/13,204,202,194,180,161,137,116,100,094,096,110,128,148,169,184,192,194,189,182,176,174,178,188,197
MA11,1973/06/14,209,214,210,201,184,159,133,113,098,094,102,116,139,164,182,198,206,200,192,184,179,179,184,194
MA11,1973/06/15,207,216,220,216,203,182,154,127,106,096,096,110,129,152,180,198,208,212,206,196,190,184,184,192
MA11,1973/06/16,204,216,226,224,217,198,172,144,118,098,091,100,115,140,167,190,206,214,212,204,192,186,182,184
MA11,1973/06/17,196,212,220,228,226,212,192,164,134,110,096,094,106,126,152,177,197,210,214,209,201,190,182,180
MA11,1973/06/18,189,200,214,227,230,222,206,181,151,124,103,096,101,118,141,166,188,207,214,210,204,195,184,178
MA11,1973/06/19,182,191,204,217,227,226,215,199,170,144,119,106,101,111,132,154,168,197,208,212,208,198,188,178
MA11,1973/06/20,174,181,192,207,220,225,222,210,185,160,138,118,110,114,128,147,170,190,206,214,212,204,192,181
MA11,1973/06/21,175,174,181,192,205,216,220,213,197,173,153,131,119,118,123,138,159,178,198,208,212,208,196,183
MA11,1973/06/22,174,167,168,178,190,200,211,211,203,188,172,153,139,134,136,146,162,182,200,212,220,218,211,198
MA11,1973/06/23,186,177,171,173,180,192,202,209,209,202,190,176,161,152,150,156,165,181,198,211,220,224,219,205
MA11,1973/06/24,195,183,171,164,166,170,180,191,197,199,194,186,176,167,161,159,164,174,186,198,209,216,216,206
MA11,1973/06/25,196,183,166,151,146,144,150,158,170,180,184,186,184,178,172,170,169,173,182,194,206,216,218,214
MA11,1973/06/26,206,192,174,155,139,130,128,134,144,156,171,182,189,190,189,186,182,181,186,194,204,214,224,225
MA11,1973/06/27,220,210,194,172,150,130,120,116,122,136,154,173,188,200,205,202,199,196,192,195,201,210,219,226
MA11,1973/06/28,228,222,210,188,161,136,114,101,096,102,121,142,166,186,200,204,206,203,196,192,192,199,208,215
MA11,1973/06/29,224,226,220,206,180,150,120,096,080,077,088,110,137,164,187,201,207,208,202,194,191,192,197,207
MA11,1973/06/30,219,229,231,223,205,180,144,111,086,070,072,084,109,138,168,193,208,210,206,196,188,184,184,194
MA11,1973/07/01,206,221,234,232,221,202,174,136,101,076,066,072,087,114,149,176,198,210,208,200,190,181,178,180
MA11,1973/07/02,192,210,223,234,233,224,201,168,130,099,078,070,077,100,132,160,188,204,208,202,194,182,172,168
MA11,1973/07/03,174,190,207,222,234,232,218,194,160,128,100,084,082,092,116,143,172,193,204,204,195,182,171,157
MA11,1973/07/04,156,168,180,200,215,223,222,207,183,158,127,105,097,097,116,142,165,190,208,210,207,194,177,162
MA11,1973/07/05,155,155,166,180,198,212,218,212,200,180,156,135,118,114,122,138,162,186,203,212,211,200,185,167
MA11,1973/07/06,153,146,146,157,171,186,198,203,198,186,170,153,137,130,130,142,158,180,198,212,214,206,194,176
MA11,1973/07/07,160,146,140,143,152,164,176,185,188,186,177,167,156,148,146,152,164,182,198,210,216,216,206,191
MA11,1973/07/08,176,160,146,140,143,151,160,170,180,182,182,180,176,170,166,168,176,186,198,208,218,223,218,206
MA11,1973/07/09,192,176,160,146,139,140,146,153,160,168,176,180,182,181,180,178,180,185,194,203,214,221,220,216
MA11,1973/07/10,206,191,175,157,144,135,132,136,144,154,164,175,182,186,189,186,184,185,187,194,202,209,216,215
MA11,1973/07/11,210,201,186,168,152,134,124,122,123,132,147,163,178,189,197,198,196,195,194,194,200,208,214,218
MA11,1973/07/12,220,214,202,188,166,146,128,116,111,117,130,148,166,183,195,200,200,198,191,186,188,194,204,212
MA11,1973/07/13,217,221,214,200,180,157,136,117,104,104,114,130,151,174,190,200,206,202,196,188,184,186,193,201
MA11,1973/07/14,212,221,220,212,198,172,150,124,104,098,100,112,134,160,181,198,208,206,200,192,184,180,182,192
MA11,1973/07/15,206,217,225,222,212,192,166,138,115,100,096,104,124,147,173,194,208,212,206,196,187,178,174,180
MA11,1973/07/16,193,207,220,224,220,206,182,156,126,106,096,099,111,137,163,186,206,212,209,202,189,177,174,174
MA11,1973/07/17,184,199,213,226,228,222,202,176,149,122,107,104,115,135,161,187,208,221,223,216,204,190,178,173
MA11,1973/07/18,179,193,209,226,234,235,223,200,175,147,125,116,116,130,154,177,202,218,223,220,208,193,178,168
MA11,1973/07/19,168,177,192,211,224,230,224,210,185,158,134,119,116,124,143,166,189,210,218,218,210,196,176,161
MA11,1973/07/20,156,160,171,189,205,217,221,212,195,172,150,133,124,128,142,162,186,206,217,220,214,200,184,167
MA11,1973/07/21,155,153,158,172,190,206,216,216,206,190,173,156,144,142,150,166,186,206,222,228,226,217,201,181
MA11,1973/07/22,163,155,152,159,175,189,203,210,207,198,185,172,160,156,159,168,185,199,214,224,224,218,204,184
MA11,1973/07/23,166,151,141,138,146,160,172,183,189,190,186,179,170,166,165,172,182,196,208,218,224,221,212,197
MA11,1973/07/24,178,158,144,134,134,140,150,163,174,182,186,186,184,182,180,183,188,196,206,218,225,227,223,211
MA11,1973/07/25,197,178,158,141,131,127,128,138,152,166,179,188,193,196,196,196,198,200,206,212,220,226,226,222
MA11,1973/07/26,213,199,180,158,138,123,116,117,126,138,155,174,189,198,206,207,205,204,204,206,213,221,226,228
MA11,1973/07/27,226,218,204,181,156,134,114,104,104,112,128,151,172,193,207,211,210,209,203,200,202,209,216,224
MA11,1973/07/28,230,230,223,206,182,155,126,104,092,091,102,124,150,176,198,212,215,214,207,198,194,196,202,212
MA11,1973/07/29,224,236,237,228,211,183,152,122,097,086,087,102,130,158,186,207,218,218,211,199,189,186,186,197
MA11,1973/07/30,214,228,238,242,234,214,187,151,120,099,089,096,117,146,176,202,220,225,217,206,192,180,172,180
MA11,1973/07/31,192,211,232,242,242,236,215,183,148,118,102,100,110,134,165,196,216,226,224,212,192,178,164,162
MA11,1973/08/01,171,188,208,229,239,240,229,205,174,144,120,108,112,130,155,186,209,224,227,219,202,181,164,154
MA11,1973/08/02,154,167,189,208,226,236,236,219,196,168,145,129,123,134,153,180,206,224,230,224,209,190,170,153
MA11,1973/08/03,144,152,165,184,206,221,226,219,206,184,164,146,137,140,154,176,203,221,230,232,220,200,180,158
MA11,1973/08/04,145,141,146,161,180,197,209,210,200,186,170,156,150,146,155,174,193,214,226,228,224,9999,9999,9999
MA11,1973/08/05,9999,9999,9999,9999,9999,9999,9999,9999,9999,9999,9999,9999,9999,9999,160,170,186,202,216,223,222,214,194,177
MA11,1973/08/06,158,143,136,135,140,154,165,176,182,183,183,180,174,170,172,178,188,200,211,222,228,220,210,194
MA11,1973/08/07,176,163,149,140,139,144,151,159,168,174,182,183,183,186,186,188,194,199,208,218,222,224,219,208
MA11,1973/08/08,195,180,164,152,140,138,140,145,153,162,172,180,189,190,194,197,198,200,206,210,217,221,220,216
MA11,1973/08/09,207,197,182,168,151,140,136,136,140,149,150,173,186,195,202,203,203,201,200,202,207,213,217,220
MA11,1973/08/10,218,211,200,185,167,149,138,130,128,138,148,164,183,196,208,212,210,206,202,200,200,206,212,217
MA11,1973/08/11,223,223,217,203,184,164,144,129,122,123,134,151,170,190,206,215,216,212,203,195,192,196,199,210
MA11,1973/08/12,220,227,227,219,203,184,159,137,121,116,124,140,160,183,203,216,222,216,207,197,188,186,188,199
MA11,1973/08/13,213,225,233,230,217,199,173,145,125,114,113,126,147,170,196,215,221,220,211,197,185,178,178,187
MA11,1973/08/14,203,219,233,237,230,217,192,165,138,119,114,120,138,163,191,211,226,226,217,205,187,173,168,171
MA11,1973/08/15,184,204,222,232,233,221,200,175,143,122,113,114,129,157,184,9999,9999,9999,9999,9999,9999,9999,9999,9999
MA11,1973/08/16,9999,9999,9999,9999,9999,9999,9999,9999,9999,9999,9999,9999,9999,9999,9999,9999,9999,9999,9999,9999,9999,9999,9999,9999
MA11,1973/08/17,9999,9999,9999,9999,9999,9999,9999,9999,9999,9999,9999,9999,9999,9999,182,205,227,240,240,234,216,193,172,157
MA11,1973/08/18,153,163,181,203,225,238,243,236,218,196,177,163,162,169,186,210,232,248,253,248,233,210,186,167
MA11,1973/08/19,156,157,167,185,207,226,238,237,227,211,195,181,174,177,190,207,227,241,252,250,237,219,193,171
MA11,1973/08/20,155,146,149,160,177,199,213,222,220,210,199,189,181,181,190,203,220,235,244,248,242,227,205,183
MA11,1973/08/21,163,150,143,147,157,173,190,203,210,210,206,201,196,194,196,205,217,228,238,246,243,233,218,198
MA11,1973/08/22,178,161,148,142,144,151,165,178,190,200,204,205,206,206,208,212,218,226,236,242,244,241,231,218
MA11,1973/08/23,200,181,163,148,139,138,144,152,164,178,190,199,206,210,214,216,217,221,225,230,237,238,237,231
MA11,1973/08/24,220,206,189,168,150,140,133,136,145,159,177,193,207,216,224,226,226,223,222,225,229,234,238,240
MA11,1973/08/25,238,231,218,200,175,155,138,130,130,139,158,178,197,215,227,230,230,223,215,214,214,218,226,235
MA11,1973/08/26,241,244,240,225,202,176,151,131,121,122,136,156,183,204,222,232,231,224,212,201,196,198,206,218
MA11,1973/08/27,234,244,249,244,227,202,172,146,125,116,123,141,165,191,217,231,234,226,211,198,184,178,180,195
MA11,1973/08/28,212,232,247,252,244,227,200,168,141,126,122,132,155,183,213,232,239,235,220,201,182,169,164,173
MA11,1973/08/29,191,214,237,249,253,246,223,194,165,140,130,134,152,180,209,230,245,244,230,213,190,167,158,159
MA11,1973/08/30,172,197,221,242,254,253,243,221,192,154,140,134,145,168,195,219,236,240,229,211,185,160,141,134
MA11,1973/08/31,138,155,181,206,223,232,229,212,191,167,148,140,142,159,183,206,226,234,228,213,191,163,140,127
MA11,1973/09/01,124,134,156,180,201,218,222,216,202,184,166,156,152,162,183,205,226,240,241,229,212,185,160,142
MA11,1973/09/02,132,133,146,164,184,204,216,217,210,198,184,172,168,170,184,202,220,234,238,234,218,197,174,152
MA11,1973/09/03,137,132,137,150,166,184,199,206,204,200,193,184,181,182,189,200,219,231,238,242,229,209,190,169
MA11,1973/09/04,151,141,136,140,152,164,179,189,192,193,192,187,186,185,187,196,207,217,225,229,223,212,196,177
MA11,1973/09/05,161,147,139,138,140,150,162,172,180,185,188,190,190,192,195,199,206,212,219,224,225,219,209,197
MA11,1973/09/06,182,169,157,148,144,147,155,162,171,180,186,194,197,200,203,205,208,210,213,219,222,221,217,210
MA11,1973/09/07,199,190,178,163,154,149,148,152,159,167,181,190,200,207,210,213,212,209,206,212,215,216,218,218
MA11,1973/09/08,215,208,197,181,166,152,143,140,144,153,165,180,194,205,211,213,209,203,196,195,196,200,206,211
MA11,1973/09/09,215,213,206,195,175,158,146,133,130,136,149,167,184,200,210,215,213,203,193,185,184,188,194,204
MA11,1973/09/10,215,222,220,213,199,178,159,142,133,136,144,162,186,204,218,228,226,216,202,190,183,180,186,201
MA11,1973/09/11,216,227,234,232,219,200,175,152,135,128,134,150,171,194,212,223,223,215,197,181,166,156,161,176
MA11,1973/09/12,194,216,228,233,229,213,189,164,140,129,130,141,163,187,209,225,228,222,204,180,161,146,142,153
MA11,1973/09/13,171,196,217,229,232,222,202,178,152,134,130,137,154,180,204,221,231,226,209,189,165,142,133,138
MA11,1973/09/14,155,180,208,229,240,240,228,206,180,158,147,146,160,182,205,226,240,237,224,203,175,149,131,128
MA11,1973/09/15,136,157,185,210,227,234,229,212,188,168,154,148,157,174,196,219,234,237,227,208,182,152,129,117
MA11,1973/09/16,120,133,157,184,208,225,228,219,206,186,170,162,162,177,196,217,234,242,237,224,199,168,142,122
MA11,1973/09/17,114,121,137,160,189,208,220,220,210,199,185,176,175,181,195,215,232,240,242,231,211,186,158,136
MA11,1973/09/18,121,118,126,143,164,186,204,213,212,206,199,191,187,188,197,212,227,237,241,239,224,206,182,157
MA11,1973/09/19,138,128,125,134,149,166,184,198,204,207,204,200,198,198,201,211,222,232,238,237,231,218,198,179
MA11,1973/09/20,158,141,132,125,133,144,157,173,186,191,197,199,199,199,201,205,213,219,224,228,228,220,211,197
MA11,1973/09/21,180,164,145,134,130,130,138,148,161,174,186,194,200,201,202,203,203,205,208,212,215,217,215,209
MA11,1973/09/22,201,188,169,154,139,130,128,129,140,156,172,188,200,205,209,209,205,200,196,196,201,206,214,217
MA11,1973/09/23,218,215,204,186,164,148,138,132,135,149,164,186,201,211,218,218,212,200,191,186,186,192,202,214
MA11,1973/09/24,220,228,225,213,193,172,150,135,130,137,152,174,195,212,222,224,216,201,184,171,167,168,180,194
MA11,1973/09/25,210,229,234,230,217,194,169,148,134,133,146,164,188,211,224,229,224,205,184,165,151,146,153,170
MA11,1973/09/26,195,215,232,236,231,214,192,167,148,139,144,160,183,207,228,237,237,222,199,175,156,144,148,160
MA11,1973/09/27,183,210,233,247,252,245,223,200,177,160,158,168,187,211,232,246,249,234,211,186,157,138,131,134
MA11,1973/09/28,153,180,206,228,239,240,227,207,186,167,158,162,176,198,220,238,244,238,219,192,162,136,121,118
MA11,1973/09/29,130,152,178,204,224,232,229,214,197,179,166,164,172,190,212,233,243,240,227,203,174,148,126,116
MA11,1973/09/30,120,138,161,186,209,224,227,223,210,193,181,176,178,190,211,228,242,248,240,220,195,167,143,130
MA11,1973/10/01,126,137,153,176,200,218,226,228,217,205,194,187,186,194,208,224,238,245,240,227,204,179,154,134
MA11,1973/10/02,126,126,138,157,175,196,209,215,212,206,197,190,186,194,200,213,226,234,234,227,211,188,166,146
MA11,1973/10/03,132,129,130,149,168,184,195,199,203,202,198,194,190,194,200,212,216,224,228,224,215,199,180,163
MA11,1973/10/04,147,138,135,138,147,159,172,184,191,196,198,196,194,196,199,203,210,216,220,221,218,208,195,180
MA11,1973/10/05,164,154,146,140,144,150,160,170,178,187,194,196,196,197,198,199,200,201,204,206,206,204,197,187
MA11,1973/10/06,178,166,154,148,143,142,146,154,164,174,186,194,200,200,200,198,194,192,193,194,195,198,200,197
MA11,1973/10/07,191,184,173,161,151,144,142,145,154,166,178,192,200,205,208,204,198,189,183,182,185,192,198,204
MA11,1973/10/08,206,206,196,182,167,155,146,143,144,156,170,187,200,208,212,209,200,184,173,164,163,170,180,191
MA11,1973/10/09,202,207,205,196,178,162,147,136,134,141,155,174,190,204,211,210,198,181,164,149,142,145,157,174
MA11,1973/10/10,191,204,209,204,193,174,155,139,131,132,143,162,182,198,210,211,201,182,158,139,126,120,132,150
MA11,1973/10/11,173,196,210,214,207,190,171,152,137,134,140,158,178,198,214,220,210,192,168,140,121,111,112,130
MA11,1973/10/12,155,185,207,220,220,210,194,173,156,144,144,157,178,199,218,228,224,208,182,152,125,108,102,113
MA11,1973/10/13,139,168,197,218,230,230,214,198,180,166,163,172,186,206,229,245,247,234,211,182,148,122,110,107
MA11,1973/10/14,124,150,178,208,230,232,228,216,198,181,172,174,184,201,220,236,243,236,217,186,154,125,101,094
MA11,1973/10/15,098,118,148,179,207,222,223,216,203,188,177,173,176,190,206,223,234,232,220,198,166,134,108,088
MA11,1973/10/16,086,094,114,143,168,192,205,206,199,188,178,172,172,181,196,213,226,232,224,211,186,157,128,104
MA11,1973/10/17,094,094,102,123,148,171,191,200,200,196,192,186,183,187,194,206,217,225,226,216,202,180,154,130
MA11,1973/10/18,112,102,104,114,131,152,169,183,193,194,192,188,184,184,190,198,207,215,218,215,206,194,177,156
MA11,1973/10/19,138,122,113,110,119,133,148,164,178,185,191,196,196,190,190,192,196,201,206,209,208,204,196,180
MA11,1973/10/20,165,149,136,125,124,126,136,152,167,180,188,194,196,192,190,188,186,185,188,193,196,199,201,194
MA11,1973/10/21,188,178,162,150,142,133,135,143,156,170,186,196,202,202,198,193,183,174,171,171,177,188,195,202
MA11,1973/10/22,206,202,193,180,165,152,146,146,155,171,186,203,211,213,213,204,190,175,164,160,161,170,183,196
MA11,1973/10/23,208,214,212,202,186,169,155,149,150,161,179,197,210,218,220,210,194,174,154,140,136,143,156,174
MA11,1973/10/24,194,208,216,213,201,185,168,154,149,152,167,187,206,218,224,218,202,180,154,132,122,122,134,153
MA11,1973/10/25,178,201,216,224,220,208,190,172,162,159,168,186,205,221,230,230,216,192,164,138,116,109,114,130
MA11,1973/10/26,154,180,206,219,222,214,200,183,166,158,160,172,190,208,222,226,218,197,168,140,110,096,092,100
MA11,1973/10/27,126,154,182,204,216,214,204,190,174,160,158,166,180,201,216,228,227,210,186,156,126,104,094,096
MA11,1973/10/28,113,141,170,196,217,222,222,211,198,185,178,180,194,212,232,246,251,242,223,196,165,140,122,117
MA11,1973/10/29,126,144,168,188,210,222,226,220,206,193,185,180,184,196,212,225,234,229,214,191,161,132,111,098
MA11,1973/10/30,100,111,132,156,181,198,206,207,201,190,183,178,179,186,202,216,226,229,219,203,177,150,128,111
MA11,1973/10/31,105,112,126,145,171,191,204,212,208,202,195,188,186,190,200,212,224,226,226,215,195,174,151,131
MA11,1973/11/01,120,120,127,142,160,182,196,205,209,205,199,194,189,188,196,204,214,220,222,216,202,186,164,146
MA11,1973/11/02,132,124,124,131,146,163,178,192,201,202,200,196,191,190,192,195,200,206,210,208,200,189,175,159
MA11,1973/11/03,146,135,132,135,144,154,168,180,192,197,198,198,195,191,188,186,188,190,194,196,196,190,183,174
MA11,1973/11/04,160,150,142,136,139,146,152,164,178,186,192,196,194,192,188,182,181,180,180,184,187,189,190,186
MA11,1973/11/05,178,172,161,152,149,149,152,160,172,182,194,202,203,200,194,186,178,170,166,167,172,179,185,189
MA11,1973/11/06,189,186,178,168,160,154,154,157,166,180,194,206,213,212,208,198,184,168,159,156,160,170,182,193
MA11,1973/11/07,202,206,202,194,181,170,162,162,167,177,190,205,214,218,215,202,183,163,143,133,134,142,156,173
MA11,1973/11/08,189,202,205,201,190,176,164,158,158,163,178,194,208,217,217,206,189,163,136,118,109,114,128,151
MA11,1973/11/09,174,195,208,212,206,193,180,168,160,162,174,192,206,220,226,221,202,176,144,118,100,098,108,130
MA11,1973/11/10,160,188,209,223,222,214,202,190,180,176,181,193,214,233,245,239,225,198,164,136,114,100,096,110
MA11,1973/11/11,138,169,201,221,231,232,223,211,198,190,191,200,212,228,244,246,239,220,186,150,117,094,086,088
MA11,1973/11/12,109,138,171,201,218,228,228,216,204,194,188,190,202,217,234,246,244,234,208,176,138,106,090,082
MA11,1973/11/13,088,111,140,172,201,216,222,220,210,197,186,186,194,207,224,238,246,239,220,192,159,125,096,078
MA11,1973/11/14,077,092,115,144,174,197,210,214,210,200,192,186,188,200,214,230,242,242,234,213,186,156,125,101
MA11,1973/11/15,089,090,103,126,152,176,194,206,208,202,194,188,186,185,196,209,221,230,229,220,202,180,154,128
MA11,1973/11/16,112,105,107,120,142,164,184,202,210,210,206,197,192,190,192,200,211,218,224,222,214,202,182,162
MA11,1973/11/17,144,130,124,130,143,159,182,201,216,220,217,210,204,198,196,194,197,204,210,214,216,211,201,188
MA11,1973/11/18,175,162,154,148,150,162,176,190,207,218,221,214,207,198,190,182,180,180,183,188,196,200,202,198
MA11,1973/11/19,190,184,172,161,158,160,168,182,197,212,222,226,222,214,204,193,182,176,174,176,184,194,202,206
MA11,1973/11/20,208,204,198,186,174,168,169,175,188,202,210,218,218,212,202,186,170,153,144,141,144,154,168,181
MA11,1973/11/21,195,203,204,199,189,181,176,176,181,190,202,214,218,220,213,197,176,154,138,128,127,134,149,170
MA11,1973/11/22,187,202,212,212,204,196,185,179,180,186,200,214,224,227,225,213,192,166,143,123,113,116,130,150
MA11,1973/11/23,172,192,208,216,214,204,194,185,180,180,190,202,216,225,225,219,202,174,149,121,102,098,102,118
MA11,1973/11/24,144,170,192,208,212,210,200,188,180,177,180,191,206,222,232,230,218,196,165,136,113,100,097,116
MA11,1973/11/25,138,165,195,215,225,231,225,216,202,188,188,197,206,222,232,235,230,210,180,152,121,100,092,095
MA11,1973/11/26,112,137,164,188,209,219,218,208,197,188,184,184,196,212,225,235,235,220,199,171,140,116,100,096
MA11,1973/11/27,108,132,158,184,204,221,225,220,210,200,194,191,197,211,226,241,246,240,222,200,170,140,120,111
MA11,1973/11/28,110,125,148,173,195,212,219,218,210,197,188,184,182,192,204,218,227,229,217,194,168,142,119,102
MA11,1973/11/29,098,107,124,148,170,192,205,209,206,198,188,180,176,182,193,204,216,221,216,202,182,157,135,118
MA11,1973/11/30,108,112,125,143,164,187,204,212,214,208,200,194,186,188,194,204,214,223,223,216,202,181,160,140
MA11,1973/12/01,126,124,127,138,156,174,191,205,209,206,198,189,181,177,178,186,194,200,204,202,194,181,162,144
MA11,1973/12/02,130,122,123,130,141,157,176,194,202,202,200,193,186,180,177,178,182,188,197,204,203,196,186,174
MA11,1973/12/03,160,152,151,151,154,168,183,196,209,214,218,213,205,196,186,180,178,183,188,194,200,201,197,190
MA11,1973/12/04,180,170,164,162,162,169,179,190,204,214,216,216,210,200,188,178,169,164,163,165,172,181,184,186
MA11,1973/12/05,182,178,173,168,162,163,168,178,189,200,208,210,206,199,9999,9999,9999,9999,9999,9999,9999,9999,9999,9999
MA11,1973/12/06,9999,9999,9999,9999,9999,9999,9999,9999,9999,9999,9999,9999,9999,9999,9999,9999,9999,9999,9999,9999,9999,9999,9999,9999
MA11,1973/12/07,9999,9999,9999,9999,9999,9999,9999,9999,9999,9999,9999,9999,9999,9999,9999,9999,9999,9999,9999,9999,9999,9999,9999,9999
MA11,1973/12/08,9999,9999,9999,9999,9999,9999,9999,9999,9999,9999,9999,9999,9999,9999,9999,9999,9999,9999,9999,9999,9999,9999,9999,9999
MA11,1973/12/09,9999,9999,9999,9999,9999,9999,9999,9999,9999,9999,9999,9999,9999,9999,9999,9999,9999,9999,9999,9999,9999,9999,9999,9999
MA11,1973/12/10,9999,9999,9999,9999,9999,9999,9999,9999,9999,9999,9999,9999,9999,9999,9999,9999,9999,9999,9999,9999,9999,9999,9999,9999
MA11,1973/12/11,9999,9999,9999,9999,9999,9999,9999,9999,9999,9999,9999,9999,9999,9999,9999,9999,9999,9999,9999,9999,9999,9999,9999,9999
MA11,1973/12/12,9999,9999,9999,9999,9999,9999,9999,9999,9999,9999,9999,9999,9999,9999,9999,9999,9999,9999,9999,9999,9999,9999,9999,9999
MA11,1973/12/13,9999,9999,9999,9999,9999,9999,9999,9999,9999,9999,9999,9999,9999,9999,9999,9999,9999,9999,9999,9999,9999,9999,9999,9999
MA11,1973/12/14,9999,9999,9999,9999,9999,9999,9999,9999,9999,9999,9999,9999,9999,9999,9999,9999,9999,9999,9999,9999,9999,9999,9999,9999
MA11,1973/12/15,9999,9999,9999,9999,9999,9999,9999,9999,9999,9999,9999,9999,9999,9999,9999,9999,9999,9999,9999,9999,9999,9999,9999,9999
MA11,1973/12/16,9999,9999,9999,9999,9999,9999,9999,9999,9999,9999,9999,9999,9999,9999,9999,9999,9999,9999,9999,9999,9999,9999,9999,9999
MA11,1973/12/17,9999,9999,9999,9999,9999,9999,9999,9999,9999,9999,9999,9999,9999,9999,9999,9999,9999,9999,9999,9999,9999,9999,9999,9999
MA11,1973/12/18,9999,9999,9999,9999,9999,9999,9999,9999,9999,9999,9999,9999,9999,9999,172,164,161,165,173,180,189,192,192,187
MA11,1973/12/19,179,170,162,158,160,168,182,198,211,9999,9999,9999,9999,9999,9999,9999,9999,9999,9999,9999,9999,9999,9999,9999
MA11,1973/12/20,9999,9999,9999,9999,9999,9999,9999,9999,9999,9999,9999,9999,9999,9999,9999,9999,9999,9999,9999,9999,9999,9999,9999,9999
MA11,1973/12/21,9999,9999,9999,9999,9999,9999,9999,9999,9999,9999,9999,9999,9999,9999,9999,9999,9999,9999,9999,9999,9999,9999,9999,9999
MA11,1973/12/22,9999,9999,9999,9999,9999,9999,9999,9999,9999,9999,9999,9999,9999,9999,9999,9999,9999,9999,9999,9999,9999,9999,9999,9999
MA11,1973/12/23,9999,9999,9999,9999,9999,9999,9999,9999,9999,9999,9999,9999,9999,9999,9999,9999,9999,9999,9999,9999,9999,9999,9999,9999
MA11,1973/12/24,9999,9999,9999,9999,9999,9999,9999,9999,9999,9999,9999,9999,9999,9999,9999,9999,9999,9999,9999,9999,9999,9999,9999,9999
MA11,1973/12/25,9999,9999,9999,9999,9999,9999,9999,9999,9999,9999,9999,9999,9999,9999,224,232,227,211,185,158,128,102,092,090
MA11,1973/12/26,102,127,154,177,197,208,207,200,187,180,173,172,180,194,208,222,222,212,194,166,136,108,090,084
MA11,1973/12/27,092,110,135,160,184,198,203,200,192,182,169,164,170,181,198,213,220,218,204,182,156,129,104,094
MA11,1973/12/28,096,108,132,158,184,203,214,216,208,200,190,180,181,191,203,221,233,233,229,214,190,165,142,124
MA11,1973/12/29,119,123,138,161,182,204,220,220,215,204,192,180,172,172,183,197,211,219,219,210,191,170,148,127
MA11,1973/12/30,118,120,132,150,172,194,210,217,217,210,197,182,174,170,172,186,198,206,212,210,197,180,162,142
MA11,1973/12/31,129,127,134,147,166,186,203,213,218,212,200,185,172,164,164,172,180,193,202,203,200,192,178,161
