MA11,2000/01/01,190,188,184,179,174,175,179,188,200,211,220,221,217,208,196,181,165,152,145,144,148,157,168,179
MA11,2000/01/02,188,194,195,191,185,181,181,185,194,205,215,221,223,219,210,196,178,160,145,137,136,145,157,172
MA11,2000/01/03,188,201,208,209,205,201,198,197,202,211,222,233,240,239,233,221,201,177,156,140,132,134,145,163
MA11,2000/01/04,183,202,215,220,219,213,205,198,196,199,209,220,228,233,232,222,203,178,153,130,115,112,119,135
MA11,2000/01/05,156,179,199,211,214,210,202,193,186,185,190,200,213,224,228,224,211,188,159,132,112,102,104,117
MA11,2000/01/06,138,163,187,205,214,216,209,198,188,183,185,195,207,221,233,236,228,209,182,153,128,111,106,115
MA11,2000/01/07,133,160,188,211,226,233,229,219,208,199,195,199,210,224,238,247,242,227,203,172,143,121,108,108
MA11,2000/01/08,121,144,171,197,216,227,227,219,208,197,189,189,196,210,227,241,242,233,214,186,157,130,111,104
MA11,2000/01/09,110,128,154,180,202,218,224,219,208,196,186,180,183,195,211,227,236,233,219,196,168,140,118,106
MA11,2000/01/10,107,121,144,171,198,219,231,231,223,212,201,192,191,198,212,229,241,243,235,217,190,161,135,117
MA11,2000/01/11,111,116,132,155,180,202,217,221,216,205,191,179,172,173,181,196,210,218,219,209,190,166,143,122
MA11,2000/01/12,111,111,121,139,160,182,200,209,209,203,192,179,168,165,169,180,193,205,210,208,198,182,161,142
MA11,2000/01/13,130,126,131,145,163,184,204,218,224,223,215,202,192,185,183,187,196,206,216,222,219,211,197,180
MA11,2000/01/14,166,159,157,162,174,188,205,220,228,230,225,212,198,184,174,171,172,178,187,195,198,196,190,180
MA11,2000/01/15,170,161,155,156,162,173,188,202,211,217,216,209,197,182,169,159,153,153,158,165,174,181,185,184
MA11,2000/01/16,179,174,169,165,165,171,180,192,203,211,216,213,204,191,176,160,148,139,138,143,153,166,177,186
MA11,2000/01/17,191,193,190,188,185,185,189,197,206,217,225,228,225,217,202,183,163,144,132,129,134,146,163,180
MA11,2000/01/18,194,205,210,208,204,201,199,201,206,216,226,233,236,234,223,204,180,153,131,118,115,122,137,158
MA11,2000/01/19,181,200,213,218,216,211,205,200,200,205,214,225,234,238,235,223,199,170,141,116,103,102,113,134
MA11,2000/01/20,161,190,213,227,231,227,220,211,206,206,212,223,236,247,251,246,229,201,167,135,109,095,095,108
MA11,2000/01/21,133,163,192,213,226,229,224,213,201,195,196,203,215,231,244,248,240,219,187,151,117,092,081,085
MA11,2000/01/22,102,131,163,190,209,218,216,206,193,182,177,180,190,207,226,239,240,227,203,170,135,104,083,075
MA11,2000/01/23,084,107,138,169,194,211,216,209,196,183,174,170,176,192,213,232,242,241,228,203,171,138,111,095
MA11,2000/01/24,095,109,134,163,190,210,219,217,206,192,178,169,169,178,195,215,231,237,233,218,194,164,135,114
MA11,2000/01/25,105,111,130,154,180,203,220,224,217,203,188,174,166,168,179,196,213,225,227,220,204,183,158,135
MA11,2000/01/26,121,120,130,149,173,197,216,223,219,209,195,178,166,161,166,178,193,206,214,214,207,194,175,155
MA11,2000/01/27,140,134,137,149,167,187,205,218,219,211,199,183,167,157,154,160,170,182,192,197,197,191,180,168
MA11,2000/01/28,156,148,147,152,164,181,198,211,216,214,205,190,174,160,152,149,152,158,166,174,179,180,177,170
MA11,2000/01/29,163,157,154,155,161,172,185,197,205,208,203,192,178,164,153,144,141,141,145,152,160,166,170,172
MA11,2000/01/30,171,170,169,168,169,175,185,195,205,212,213,209,199,186,174,162,152,145,143,144,150,159,168,175
MA11,2000/01/31,180,183,184,183,182,183,187,192,200,207,211,210,204,195,184,170,156,143,133,129,133,141,151,163
MA11,2000/02/01,175,184,189,191,190,188,187,187,191,198,205,210,210,205,196,184,167,148,133,122,119,125,136,151
MA11,2000/02/02,169,185,197,202,201,198,194,191,190,195,202,211,218,219,216,206,189,167,145,126,117,117,124,140
MA11,2000/02/03,160,181,198,207,209,207,201,193,187,188,194,203,213,221,223,218,204,181,156,133,117,111,114,127
MA11,2000/02/04,148,172,194,209,216,215,208,198,188,184,186,195,207,219,228,227,216,197,169,140,118,104,100,109
MA11,2000/02/05,128,154,179,198,210,213,207,195,183,174,171,177,189,205,218,224,220,204,178,148,121,100,092,096
MA11,2000/02/06,112,138,166,190,207,216,213,202,189,176,170,173,183,201,221,236,239,231,211,183,155,131,116,113
MA11,2000/02/07,124,146,173,199,221,234,235,226,211,194,183,180,185,200,220,237,246,244,228,203,174,146,125,116
MA11,2000/02/08,120,137,162,189,213,231,238,232,218,203,190,181,182,193,213,235,251,258,252,233,208,181,158,143
MA11,2000/02/09,142,153,172,196,220,240,249,247,235,216,198,184,178,181,194,213,231,241,240,229,209,184,158,139
MA11,2000/02/10,130,134,148,168,191,213,227,229,220,204,186,169,157,154,162,178,196,212,220,218,206,188,167,149
MA11,2000/02/11,137,136,145,161,181,203,220,226,223,212,195,177,161,152,154,164,178,195,207,212,209,199,184,169
MA11,2000/02/12,157,152,154,163,178,197,213,224,224,218,205,189,171,157,150,152,161,173,188,198,203,202,195,185
MA11,2000/02/13,177,170,169,173,182,197,211,221,225,222,213,199,181,164,151,144,144,149,158,170,181,187,189,188
MA11,2000/02/14,184,182,180,180,185,194,205,215,222,224,221,214,200,184,169,156,148,145,149,157,170,182,192,200
MA11,2000/02/15,205,208,209,208,209,213,219,227,234,238,240,238,230,216,199,179,161,148,140,139,147,160,175,190
MA11,2000/02/16,203,212,217,217,215,213,212,214,218,224,230,233,231,224,213,195,172,149,130,120,119,127,142,162
MA11,2000/02/17,183,201,213,217,217,212,206,202,201,204,211,221,227,229,227,214,191,164,138,116,105,105,116,136
MA11,2000/02/18,161,185,205,216,219,215,207,198,192,192,199,210,223,233,238,234,218,192,161,129,108,098,099,114
MA11,2000/02/19,139,168,194,212,220,219,209,196,184,177,180,191,206,223,236,241,235,216,186,152,124,104,097,105
MA11,2000/02/20,126,155,186,210,225,229,223,209,193,181,179,185,199,218,238,253,256,246,224,193,160,133,117,115
MA11,2000/02/21,129,154,182,210,230,238,233,220,200,183,172,171,180,197,220,240,251,250,236,210,180,150,127,117
MA11,2000/02/22,122,140,167,195,219,233,234,223,203,182,165,157,159,171,193,217,234,242,236,220,196,168,142,124
MA11,2000/02/23,122,133,154,180,206,223,229,221,203,181,161,147,141,148,165,187,209,223,227,220,204,183,161,144
MA11,2000/02/24,138,142,156,178,203,223,232,230,217,197,176,159,147,146,156,174,193,209,219,219,210,195,178,162
MA11,2000/02/25,152,151,159,175,196,215,228,231,222,206,186,167,152,144,146,158,173,188,200,206,204,197,186,174
MA11,2000/02/26,165,162,166,176,192,209,222,228,224,212,195,178,161,149,145,149,159,171,183,192,197,196,191,186
MA11,2000/02/27,181,178,179,185,195,210,221,228,229,222,209,194,178,164,156,153,155,161,169,179,187,191,191,190
MA11,2000/02/28,188,186,186,187,194,203,212,220,222,220,215,206,194,181,169,160,156,156,160,167,174,181,188,192
MA11,2000/02/29,194,197,198,199,202,204,206,211,214,215,214,209,199,188,177,165,154,148,144,145,150,158,168,178
MA11,2000/03/01,187,195,198,198,196,196,195,195,198,200,202,203,201,193,184,172,156,142,132,127,129,137,148,162
MA11,2000/03/02,178,191,200,202,201,198,194,190,189,192,197,204,207,206,201,191,175,156,139,127,122,125,136,151
MA11,2000/03/03,170,188,200,205,205,200,192,183,178,179,185,195,203,209,209,203,189,169,148,129,117,114,121,138
MA11,2000/03/04,160,182,199,210,214,210,200,188,179,176,181,193,207,219,227,227,216,197,174,150,132,124,127,140
MA11,2000/03/05,161,187,209,223,229,226,213,197,183,174,174,184,199,215,229,235,230,213,188,161,137,120,115,123
MA11,2000/03/06,142,167,192,212,223,224,213,196,179,164,159,165,179,198,219,233,236,226,205,178,150,129,118,119
MA11,2000/03/07,135,160,186,210,226,232,226,210,190,170,157,156,166,185,210,231,241,240,226,202,175,149,131,126
MA11,2000/03/08,134,153,178,204,224,233,229,214,192,169,152,145,149,165,189,214,230,235,228,209,184,160,139,128
MA11,2000/03/09,131,145,167,191,213,226,227,215,194,169,148,135,133,142,161,186,207,220,222,211,192,171,150,135
MA11,2000/03/10,133,141,156,179,201,216,222,215,197,174,151,132,122,123,137,160,183,203,213,211,201,184,166,150
MA11,2000/03/11,143,146,159,177,198,215,223,222,209,189,165,144,127,120,126,142,163,184,200,208,207,199,187,174
MA11,2000/03/12,167,167,173,185,203,220,231,233,226,210,190,169,150,136,132,138,151,167,183,194,200,200,195,188
MA11,2000/03/13,182,179,180,187,199,212,224,229,228,219,205,188,167,146,133,128,131,140,154,169,181,189,192,191
MA11,2000/03/14,190,188,188,190,196,204,213,219,221,217,208,194,179,161,144,133,126,126,132,142,155,168,178,186
MA11,2000/03/15,191,193,194,194,195,199,204,207,210,210,207,201,193,179,162,146,131,120,117,121,131,145,160,176
MA11,2000/03/16,189,198,202,202,201,200,200,201,204,209,214,219,220,216,207,194,178,161,147,142,145,155,172,192
MA11,2000/03/17,210,224,232,233,229,222,214,208,207,209,216,225,232,234,229,215,195,170,146,128,120,121,132,152
MA11,2000/03/18,174,195,210,215,212,204,192,180,172,172,178,190,205,217,222,220,208,184,157,133,116,111,118,135
MA11,2000/03/19,160,186,206,218,219,211,198,181,167,162,166,179,199,218,234,242,238,220,195,168,144,130,129,140
MA11,2000/03/20,163,192,217,233,240,234,218,197,177,163,158,167,185,207,229,244,247,236,214,186,157,135,125,129
MA11,2000/03/21,145,170,196,217,229,227,212,190,164,144,134,136,149,171,197,220,233,232,219,198,171,147,131,128
MA11,2000/03/22,141,164,191,215,231,234,224,203,176,151,133,127,134,152,177,202,221,229,224,208,185,161,142,134
MA11,2000/03/23,138,154,178,201,220,229,223,206,180,154,133,121,122,135,158,185,209,223,225,219,204,185,169,159
MA11,2000/03/24,159,172,193,216,237,250,251,240,219,192,169,150,142,148,163,184,206,222,229,229,219,203,188,176
MA11,2000/03/25,171,176,189,206,224,237,240,233,215,192,168,149,136,133,140,157,177,196,209,214,211,203,193,183
MA11,2000/03/26,178,177,184,197,212,224,231,228,215,197,177,158,144,136,136,147,161,175,189,200,203,202,196,189
MA11,2000/03/27,184,182,185,192,203,214,222,223,215,201,185,166,149,138,133,135,144,154,165,177,184,188,187,185
MA11,2000/03/28,182,181,182,185,191,200,207,209,206,199,188,174,160,147,139,136,137,142,151,160,171,179,185,190
MA11,2000/03/29,192,194,197,200,204,209,215,218,217,213,207,198,188,178,168,161,157,155,159,166,176,187,196,204
MA11,2000/03/30,211,214,215,213,210,207,206,207,208,208,208,206,199,191,182,170,160,152,148,149,155,164,175,187
MA11,2000/03/31,198,207,211,209,204,199,194,191,192,194,200,204,206,204,198,187,175,161,149,144,145,153,165,183
MA11,2000/04/01,200,213,219,219,211,202,193,185,181,181,189,198,206,209,206,197,182,164,146,133,129,131,140,156
MA11,2000/04/02,176,194,206,211,206,195,182,167,159,158,165,177,191,203,208,205,193,174,152,133,121,119,126,141
MA11,2000/04/03,164,186,202,210,208,197,181,163,148,142,147,161,180,199,213,217,211,193,170,147,129,118,120,133
MA11,2000/04/04,156,180,201,213,215,205,187,165,143,130,129,141,160,183,205,218,219,208,188,163,141,125,120,130
MA11,2000/04/05,150,175,200,217,224,218,201,177,152,132,125,130,147,175,203,225,238,237,223,203,181,160,150,152
MA11,2000/04/06,165,187,211,229,237,234,218,192,161,134,117,113,124,147,175,202,221,226,219,202,179,158,141,137
MA11,2000/04/07,145,162,185,207,222,225,216,194,165,136,112,100,103,119,146,177,203,219,223,215,199,181,165,157
MA11,2000/04/08,160,172,192,214,230,238,233,212,184,156,128,108,100,106,125,152,177,198,209,209,201,186,170,159
MA11,2000/04/09,156,162,176,194,210,222,222,210,189,162,134,110,095,092,101,120,144,168,186,196,197,190,180,169
MA11,2000/04/10,163,166,175,189,204,217,223,219,205,185,162,139,120,109,109,120,138,159,179,195,204,206,202,198
MA11,2000/04/11,196,197,201,207,214,224,233,233,225,212,194,174,154,137,128,127,133,145,161,177,191,200,202,202
MA11,2000/04/12,201,200,201,205,210,216,221,225,223,217,208,193,175,159,144,135,134,136,144,157,171,183,193,200
MA11,2000/04/13,204,206,204,202,201,202,205,207,208,209,208,203,195,183,168,154,141,134,133,139,151,166,180,193
MA11,2000/04/14,204,209,209,206,201,197,195,194,197,202,207,211,211,206,196,181,164,148,137,133,138,150,166,184
MA11,2000/04/15,199,209,212,209,201,190,180,174,172,177,186,196,205,210,208,199,183,164,146,135,133,140,155,175
MA11,2000/04/16,196,211,218,217,209,195,180,168,160,162,172,187,204,217,222,219,206,187,165,147,137,136,146,165
MA11,2000/04/17,187,206,217,219,211,196,176,156,143,139,145,160,181,201,215,221,216,201,179,157,140,134,137,152
MA11,2000/04/18,173,196,213,220,215,200,178,153,132,121,122,135,156,180,202,217,220,211,194,172,153,140,137,147
MA11,2000/04/19,167,191,211,224,224,212,190,164,138,120,113,119,137,162,187,208,220,220,208,190,170,153,144,147
MA11,2000/04/20,162,183,205,221,226,219,200,174,146,122,108,107,119,141,167,193,212,219,215,202,184,167,156,153
MA11,2000/04/21,161,178,198,216,227,225,210,187,158,131,113,105,110,127,153,181,204,219,222,216,204,191,179,174
MA11,2000/04/22,179,193,212,231,244,246,237,217,190,161,139,125,122,131,150,174,198,215,225,225,217,204,191,182
MA11,2000/04/23,181,189,203,220,235,242,240,226,203,178,154,134,125,128,142,161,183,203,216,221,218,211,201,192
MA11,2000/04/24,188,190,200,213,225,234,235,225,207,184,161,142,129,126,132,145,163,182,197,207,210,206,200,194
MA11,2000/04/25,190,189,193,201,210,219,224,220,208,190,171,153,139,130,130,137,150,165,180,192,199,201,199,196
MA11,2000/04/26,193,190,191,195,201,208,214,214,208,196,181,166,152,141,136,136,143,154,166,179,191,199,203,204
MA11,2000/04/27,204,203,203,203,205,209,213,216,215,210,203,193,180,169,161,156,155,159,166,176,188,199,207,212
MA11,2000/04/28,214,215,213,209,206,205,205,207,208,208,207,202,195,185,174,164,158,155,155,160,169,180,191,201
MA11,2000/04/29,208,209,207,202,194,187,183,181,181,186,190,192,190,186,178,167,156,146,140,141,148,160,175,190
MA11,2000/04/30,202,208,209,203,192,181,172,166,166,171,181,191,198,200,195,186,172,158,147,142,144,155,170,187
MA11,2000/05/01,203,214,218,214,202,188,172,161,156,159,171,187,201,211,214,209,196,180,163,151,148,152,164,181
MA11,2000/05/02,200,216,224,223,210,191,170,152,139,139,150,167,188,206,218,221,213,198,179,162,151,149,157,174
MA11,2000/05/03,195,214,227,229,220,201,177,152,132,123,128,144,168,194,215,227,227,215,197,178,163,155,157,169
MA11,2000/05/04,188,210,227,235,231,215,189,159,131,113,110,121,144,173,201,222,232,230,216,197,180,166,162,169
MA11,2000/05/05,184,205,224,235,236,223,199,167,134,107,095,096,112,139,171,199,220,227,221,207,190,175,165,166
MA11,2000/05/06,176,194,213,229,235,229,210,181,146,113,091,083,089,110,139,170,197,214,218,213,201,186,175,171
MA11,2000/05/07,175,189,207,224,234,235,223,200,168,135,107,090,085,095,118,146,175,199,213,216,210,200,189,181
MA11,2000/05/08,181,189,203,219,232,238,234,218,192,162,132,108,9999,9999,9999,9999,9999,9999,9999,9999,9999,9999,9999,9999
MA11,2000/05/09,9999,9999,9999,9999,9999,9999,9999,9999,9999,9999,9999,9999,9999,9999,9999,9999,9999,9999,9999,9999,9999,9999,9999,9999
MA11,2000/05/10,9999,9999,9999,9999,9999,9999,9999,9999,9999,9999,9999,9999,9999,9999,9999,9999,9999,9999,9999,9999,9999,9999,9999,9999
MA11,2000/05/11,9999,9999,9999,9999,9999,9999,9999,9999,9999,9999,9999,9999,9999,9999,9999,9999,9999,9999,9999,9999,9999,9999,9999,9999
MA11,2000/05/12,9999,9999,9999,9999,9999,9999,9999,9999,9999,9999,9999,201,192,179,165,153,144,142,145,155,170,184,197,206
MA11,2000/05/13,210,208,202,193,185,179,177,178,182,188,194,198,198,194,183,169,156,147,142,146,158,173,189,202
MA11,2000/05/14,210,213,208,198,184,172,163,159,161,168,179,192,201,205,203,194,180,166,155,151,156,168,184,200
MA11,2000/05/15,213,220,219,208,193,175,159,148,145,150,162,179,195,208,214,212,203,188,172,162,160,166,180,198
MA11,2000/05/16,215,227,230,223,207,185,163,145,134,134,144,162,183,203,217,224,219,205,189,175,166,166,175,190
MA11,2000/05/17,208,224,232,229,217,195,170,145,127,119,124,139,161,186,207,220,224,216,202,186,174,169,172,183
MA11,2000/05/18,201,220,233,236,228,209,183,155,131,116,113,124,145,171,196,215,226,226,216,200,185,175,173,179
MA11,2000/05/19,193,212,229,236,233,218,194,164,136,114,104,108,124,148,175,200,217,223,219,208,194,182,175,176
MA11,2000/05/20,187,204,221,233,236,227,207,180,150,123,107,103,113,133,159,185,207,220,222,216,204,192,183,179
MA11,2000/05/21,185,198,215,228,236,233,218,195,165,137,116,104,107,121,142,169,193,209,217,216,208,197,186,180
MA11,2000/05/22,180,188,202,216,226,228,220,201,176,148,124,110,106,113,129,152,175,196,209,213,211,204,194,187
MA11,2000/05/23,185,189,200,212,224,230,228,215,194,169,146,127,118,118,128,146,167,188,203,212,214,211,204,196
MA11,2000/05/24,192,193,199,208,218,226,230,224,210,190,168,150,136,130,133,145,160,179,195,207,214,215,210,204
MA11,2000/05/25,198,195,195,199,207,214,219,217,208,194,176,159,144,135,132,137,147,161,176,190,201,207,207,202
MA11,2000/05/26,198,194,190,190,193,199,205,208,205,197,186,174,161,149,141,139,144,153,166,179,192,203,208,209
MA11,2000/05/27,207,202,195,190,188,189,193,197,199,198,194,188,178,168,159,153,152,155,164,177,190,203,213,218
MA11,2000/05/28,218,215,209,200,193,189,189,192,197,204,208,209,205,198,189,179,171,168,170,177,189,203,216,224
MA11,2000/05/29,228,226,217,205,190,178,171,169,173,181,190,198,203,202,196,186,175,165,161,162,171,184,198,210
MA11,2000/05/30,219,222,215,202,184,166,152,145,146,154,169,185,199,207,207,201,190,177,167,162,165,175,190,205
MA11,2000/05/31,219,227,226,214,195,172,150,135,129,134,148,169,190,209,219,220,213,201,187,177,174,178,191,207
MA11,2000/06/01,224,236,239,231,213,187,159,134,118,115,125,146,172,198,217,228,228,218,203,189,179,177,183,196
MA11,2000/06/02,213,228,236,234,219,195,164,133,106,092,094,110,137,168,196,217,226,224,213,199,187,179,179,189
MA11,2000/06/03,205,223,237,241,235,217,188,153,120,096,087,094,114,145,179,208,228,236,232,222,210,199,194,197
MA11,2000/06/04,210,227,243,254,255,243,220,187,150,119,099,093,103,126,156,187,213,230,234,230,220,208,199,195
MA11,2000/06/05,201,214,231,245,251,247,232,205,170,136,108,091,089,102,126,155,184,207,220,223,217,208,198,191
MA11,2000/06/06,192,200,214,229,241,245,238,221,194,163,133,110,098,100,114,138,166,191,211,220,222,217,209,200
MA11,2000/06/07,197,200,208,220,234,243,243,235,218,194,166,141,122,114,118,132,153,176,197,211,219,220,214,205
MA11,2000/06/08,198,195,198,204,214,225,232,231,223,208,189,168,148,134,130,133,146,165,185,202,215,221,220,214
MA11,2000/06/09,207,200,195,195,202,209,217,222,221,216,209,195,178,161,150,147,150,161,177,193,207,218,220,215
MA11,2000/06/10,209,198,188,181,178,180,186,192,196,198,197,192,183,172,160,150,147,151,161,175,190,204,212,213
MA11,2000/06/11,210,201,189,177,168,164,165,169,176,183,190,194,194,189,182,171,163,160,163,172,187,201,212,219
MA11,2000/06/12,219,214,203,187,172,160,154,154,159,167,179,191,199,203,200,193,184,176,172,175,184,198,211,222
MA11,2000/06/13,228,227,218,203,185,166,152,144,145,153,167,183,198,210,215,213,205,195,187,183,186,196,209,222
MA11,2000/06/14,234,238,233,221,202,180,159,144,136,139,152,170,189,207,219,224,220,211,199,189,186,190,199,213
MA11,2000/06/15,227,235,235,225,207,184,159,136,121,117,125,143,165,189,208,218,221,217,206,195,188,187,193,205
MA11,2000/06/16,220,234,239,235,222,200,172,146,124,112,114,127,149,173,196,214,223,222,214,202,192,187,187,196
MA11,2000/06/17,211,226,236,238,229,211,186,158,131,112,106,113,131,156,182,205,220,227,223,213,201,192,188,192
MA11,2000/06/18,204,220,233,240,238,226,204,175,146,123,110,111,123,143,170,195,215,227,228,221,211,200,192,191
MA11,2000/06/19,199,214,228,239,243,236,219,193,164,137,118,112,117,134,158,184,206,223,229,225,217,206,196,191
MA11,2000/06/20,194,204,217,230,238,237,225,203,176,148,126,114,112,123,142,167,191,210,221,224,219,210,200,193
MA11,2000/06/21,192,197,209,222,233,237,232,216,192,165,141,125,118,122,136,156,179,201,216,223,222,215,205,197
MA11,2000/06/22,192,193,200,210,222,229,229,220,202,179,156,137,125,122,130,146,166,187,205,216,219,217,208,199
MA11,2000/06/23,192,188,190,197,207,217,223,221,210,193,174,156,141,134,135,144,159,177,195,209,217,219,215,206
MA11,2000/06/24,197,190,187,188,194,203,211,214,211,202,188,172,158,147,142,145,155,169,186,201,213,219,217,210
MA11,2000/06/25,201,193,185,179,180,185,193,200,202,199,192,182,171,159,151,148,152,161,174,187,201,211,215,212
MA11,2000/06/26,205,195,183,172,166,166,171,177,184,190,191,189,183,175,166,160,158,161,169,181,195,208,214,216
MA11,2000/06/27,213,203,190,175,162,154,152,156,166,177,186,194,197,194,188,181,175,173,175,183,195,209,221,229
MA11,2000/06/28,230,223,211,193,174,158,148,147,153,165,182,196,208,214,213,208,202,195,189,190,197,208,221,231
MA11,2000/06/29,237,235,224,205,182,159,139,127,125,134,151,172,192,208,215,216,211,202,193,188,190,198,209,223
MA11,2000/06/30,234,238,233,218,195,168,140,118,107,108,121,145,172,196,214,224,224,218,208,198,193,196,204,217
MA11,2000/07/01,232,241,244,236,216,188,157,125,102,093,098,116,143,173,200,219,228,227,219,208,198,194,197,208
MA11,2000/07/02,224,239,248,247,236,213,182,146,114,093,086,094,117,147,179,206,224,231,228,220,209,200,197,202
MA11,2000/07/03,216,232,246,253,250,236,210,175,139,108,090,087,099,123,154,186,212,227,231,225,215,204,196,194
MA11,2000/07/04,202,216,232,247,252,247,230,203,167,132,105,091,091,106,132,162,191,213,224,224,217,206,193,186
MA11,2000/07/05,189,199,213,230,242,247,240,222,195,163,133,111,101,105,123,148,176,202,217,224,221,212,200,189
MA11,2000/07/06,183,187,198,212,226,237,239,231,213,188,160,136,120,115,123,141,164,188,208,219,222,216,204,190
MA11,2000/07/07,180,177,181,190,204,218,226,227,219,203,184,164,145,134,135,145,163,184,205,221,229,228,220,207
MA11,2000/07/08,196,187,185,188,197,210,224,233,236,233,225,214,200,187,180,180,189,202,218,232,242,244,238,226
MA11,2000/07/09,213,199,188,182,183,190,198,207,213,214,212,206,196,185,178,174,177,186,199,214,227,234,233,225
MA11,2000/07/10,214,199,184,171,164,163,168,175,183,190,195,197,195,191,185,180,178,181,189,200,213,224,229,227
MA11,2000/07/11,219,207,192,176,162,154,152,155,162,172,182,192,198,200,199,196,191,190,192,198,208,220,229,232
MA11,2000/07/12,230,224,210,192,175,160,150,147,150,159,173,188,201,210,215,214,211,206,201,203,210,219,230,237
MA11,2000/07/13,240,239,229,214,194,174,157,146,142,148,161,178,195,210,221,225,222,215,209,204,204,210,220,229
MA11,2000/07/14,238,240,235,223,203,180,157,139,128,127,137,155,176,196,213,223,224,220,212,203,199,201,208,219
MA11,2000/07/15,231,240,240,232,216,194,168,144,126,118,123,138,159,184,206,221,229,227,219,210,202,199,201,210
MA11,2000/07/16,224,237,243,241,230,210,185,158,133,118,116,125,144,169,194,214,227,230,225,215,205,198,196,201
MA11,2000/07/17,213,228,241,245,241,226,203,175,147,127,117,119,135,158,185,209,227,234,233,225,214,204,198,199
MA11,2000/07/18,210,225,239,250,252,243,224,197,168,142,125,122,131,150,175,201,222,235,238,232,221,208,198,194
MA11,2000/07/19,199,212,228,242,249,247,234,211,181,153,133,123,124,138,161,186,209,226,233,231,222,209,197,189
MA11,2000/07/20,189,198,213,229,241,246,239,221,196,169,145,129,125,132,151,174,198,218,230,232,226,215,201,190
MA11,2000/07/21,185,189,200,214,229,239,239,229,210,185,162,144,135,136,148,168,191,211,226,233,232,223,210,196
MA11,2000/07/22,187,186,193,205,219,232,238,236,225,207,187,168,155,152,158,172,191,210,227,237,239,233,221,206
MA11,2000/07/23,193,186,185,191,202,215,226,231,227,217,201,184,171,163,163,171,186,203,219,232,239,237,227,214
MA11,2000/07/24,200,189,182,181,187,199,210,219,222,219,211,199,187,178,174,177,186,200,214,227,236,238,234,223
MA11,2000/07/25,209,194,182,174,173,179,189,200,209,214,215,212,205,200,196,194,198,205,214,226,237,243,243,236
MA11,2000/07/26,223,208,191,175,165,163,166,175,186,198,207,212,212,210,206,202,201,202,209,218,228,237,240,238
MA11,2000/07/27,231,218,200,180,162,149,145,147,156,171,187,200,211,217,217,214,210,207,207,211,219,229,236,240
MA11,2000/07/28,239,231,216,195,170,150,135,128,131,143,162,182,202,216,225,228,225,218,213,212,215,222,232,241
MA11,2000/07/29,247,247,237,219,195,168,142,123,114,119,135,157,182,206,222,232,233,227,219,212,209,212,219,231
MA11,2000/07/30,242,249,248,237,216,187,156,127,107,100,107,127,154,183,209,228,237,235,226,216,208,204,208,218
MA11,2000/07/31,232,247,254,252,239,216,184,148,118,099,095,105,128,158,188,214,231,235,230,219,206,197,195,201
MA11,2000/08/01,216,234,249,257,255,240,213,178,143,115,098,098,112,137,169,200,222,234,233,223,211,196,186,187
MA11,2000/08/02,197,214,234,249,256,252,235,206,172,139,115,104,109,127,155,186,213,229,233,227,214,197,183,175
MA11,2000/08/03,178,191,210,229,244,250,243,225,197,165,137,119,114,124,145,173,200,221,231,230,219,202,184,171
MA11,2000/08/04,166,173,187,205,223,236,239,231,212,187,162,141,129,131,144,165,191,213,228,232,225,210,192,175
MA11,2000/08/05,164,162,170,184,202,218,227,227,218,202,182,163,149,144,151,166,187,209,225,234,232,222,205,187
MA11,2000/08/06,171,163,162,170,182,197,210,217,216,209,197,183,170,163,163,172,188,205,221,232,235,229,216,198
MA11,2000/08/07,181,167,160,160,166,177,189,198,204,206,201,193,185,179,176,180,189,201,215,227,233,233,225,211
MA11,2000/08/08,195,179,167,159,158,162,171,180,188,196,199,198,196,193,190,190,192,199,209,219,228,232,228,220
MA11,2000/08/09,208,193,178,165,157,155,157,162,172,182,191,198,201,203,203,201,201,202,206,215,223,229,231,227
MA11,2000/08/10,220,210,196,179,165,155,151,152,158,167,180,193,204,211,215,215,212,209,209,212,217,225,230,232
MA11,2000/08/11,231,225,213,197,179,163,152,145,146,154,167,184,201,215,224,227,224,219,213,210,212,218,225,232
MA11,2000/08/12,236,236,229,215,197,177,158,144,138,141,152,170,189,208,223,230,231,225,216,210,208,210,216,227
MA11,2000/08/13,237,243,243,234,217,195,172,151,137,133,139,156,177,200,220,234,238,234,225,215,207,205,209,219
MA11,2000/08/14,232,244,250,247,236,217,192,166,146,135,137,150,171,195,218,236,245,245,236,223,211,202,202,210
MA11,2000/08/15,224,239,251,255,248,232,207,179,153,136,130,137,154,178,204,226,240,243,237,223,208,197,191,195
MA11,2000/08/16,209,227,243,254,254,243,223,195,166,143,130,131,143,165,191,216,235,243,238,226,210,194,184,184
MA11,2000/08/17,193,210,229,245,253,250,235,211,183,157,140,133,141,160,185,211,234,246,247,238,223,205,191,184
MA11,2000/08/18,187,200,220,239,253,258,250,230,205,178,157,145,146,158,181,207,230,246,252,245,231,213,195,183
MA11,2000/08/19,180,188,205,224,242,252,252,240,220,196,173,158,153,159,176,200,222,239,249,247,236,218,198,181
MA11,2000/08/20,172,173,183,201,220,236,243,239,225,205,185,168,159,160,171,190,212,230,242,244,236,221,201,182
MA11,2000/08/21,168,162,165,178,195,214,228,231,225,213,197,182,172,168,173,186,204,221,234,240,238,226,207,188
MA11,2000/08/22,171,159,155,159,171,188,203,214,217,213,205,194,184,179,180,187,200,214,227,236,238,231,217,200
MA11,2000/08/23,182,166,155,152,156,166,180,194,203,208,208,204,199,195,194,197,205,213,224,234,239,238,230,217
MA11,2000/08/24,200,183,166,153,148,151,159,172,185,196,205,210,212,212,212,211,214,218,224,233,240,242,240,233
MA11,2000/08/25,221,205,187,168,153,145,144,150,162,176,191,205,215,220,223,223,221,221,221,226,232,238,242,243
MA11,2000/08/26,239,229,214,193,171,154,142,137,142,154,172,192,209,222,230,232,230,223,217,216,218,223,230,237
MA11,2000/08/27,241,240,230,212,188,162,139,123,117,123,139,161,185,207,224,232,231,223,214,206,202,205,212,224
MA11,2000/08/28,236,244,244,234,214,186,157,131,113,109,117,138,165,192,216,231,236,231,219,207,197,194,198,211
MA11,2000/08/29,229,245,255,255,243,221,190,158,131,115,114,127,151,182,210,231,242,239,227,211,196,185,183,192
MA11,2000/08/30,210,231,249,258,257,243,218,185,152,127,116,119,137,164,195,222,238,240,231,215,195,178,168,171
MA11,2000/08/31,185,206,229,247,255,252,236,208,176,147,128,124,134,156,185,214,236,245,240,225,205,182,165,161
MA11,2000/09/01,169,186,210,233,249,256,249,230,204,176,153,141,144,159,185,213,238,251,252,242,222,198,178,165
MA11,2000/09/02,165,177,197,220,241,254,258,249,231,208,186,170,165,174,193,219,242,258,264,259,243,220,196,177
MA11,2000/09/03,168,170,183,202,223,241,251,250,241,225,207,191,181,183,194,214,236,254,264,263,251,231,208,187
MA11,2000/09/04,173,168,173,186,203,221,234,240,237,228,216,203,194,191,197,211,228,244,255,258,252,237,217,197
MA11,2000/09/05,181,170,167,173,184,199,214,223,227,225,220,213,207,204,205,213,225,238,249,256,254,244,231,214
MA11,2000/09/06,197,183,175,172,175,184,195,206,215,219,220,219,217,215,214,217,223,230,238,245,248,243,233,220
MA11,2000/09/07,205,192,180,171,166,169,176,184,193,201,208,213,216,216,217,218,218,220,225,230,234,234,230,222
MA11,2000/09/08,212,201,188,175,164,159,159,163,171,181,192,202,210,216,219,219,218,214,213,216,220,224,226,225
MA11,2000/09/09,220,214,204,189,174,163,155,154,158,167,181,196,210,220,227,230,226,220,216,214,215,220,226,232
MA11,2000/09/10,234,233,226,213,196,179,164,154,152,159,173,191,208,223,233,237,234,226,217,210,206,208,215,225
MA11,2000/09/11,234,239,236,226,210,189,168,151,142,142,154,172,193,214,230,239,238,229,217,206,199,197,203,216
MA11,2000/09/12,230,240,245,241,228,209,185,162,145,140,144,159,182,206,226,239,242,234,220,205,192,186,188,200
MA11,2000/09/13,217,234,246,249,241,223,198,172,151,139,138,149,170,195,217,235,242,237,223,205,187,174,172,180
MA11,2000/09/14,197,218,236,247,245,232,211,185,160,142,136,142,159,184,211,233,244,243,230,212,192,175,165,167
MA11,2000/09/15,182,204,228,245,252,248,231,206,180,157,145,144,156,178,203,227,242,245,235,218,195,173,158,155
MA11,2000/09/16,165,185,210,233,248,251,243,223,197,174,158,152,158,176,199,224,243,250,245,229,207,183,162,152
MA11,2000/09/17,155,169,192,216,236,247,246,233,212,191,173,163,164,176,196,219,239,249,249,237,218,194,171,156
MA11,2000/09/18,151,157,174,197,220,237,244,238,225,209,191,179,174,180,195,215,233,245,248,241,223,199,175,154
MA11,2000/09/19,141,140,149,167,189,210,224,230,225,213,201,189,183,184,194,209,225,238,244,243,231,210,187,164
MA11,2000/09/20,146,138,138,148,165,184,201,213,216,212,205,197,192,190,195,204,217,227,235,238,231,216,198,177
MA11,2000/09/21,157,143,136,136,145,159,175,190,201,206,207,206,204,202,204,209,217,225,232,236,235,228,215,199
MA11,2000/09/22,181,164,150,142,141,147,158,172,185,197,205,210,213,214,215,217,219,223,227,231,233,231,226,218
MA11,2000/09/23,205,191,175,160,149,144,145,154,166,180,195,208,217,223,225,226,224,221,220,223,226,230,233,232
MA11,2000/09/24,229,221,206,187,169,155,146,145,152,166,184,203,220,233,239,239,235,226,220,217,218,223,230,237
MA11,2000/09/25,242,242,235,220,198,175,156,144,142,150,167,189,211,228,240,243,238,226,213,203,198,200,209,222
MA11,2000/09/26,236,245,248,240,222,197,171,149,137,137,149,170,196,219,236,243,239,227,209,193,182,179,185,200
MA11,2000/09/27,220,239,250,252,242,222,195,167,147,138,142,159,184,211,234,248,249,237,218,196,178,168,169,182
MA11,2000/09/28,203,228,248,259,259,247,225,197,170,152,148,158,179,206,232,249,255,247,228,202,178,159,152,158
MA11,2000/09/29,176,201,227,246,255,252,236,212,185,163,153,155,170,194,221,242,253,250,234,209,182,157,142,140
MA11,2000/09/30,152,175,201,226,243,248,241,225,201,179,163,159,167,186,211,235,250,251,240,219,192,166,146,136
MA11,2000/10/01,140,158,183,209,231,244,245,235,219,200,183,174,175,188,209,231,248,255,249,231,206,178,154,138
MA11,2000/10/02,135,144,163,186,209,228,236,234,224,209,194,184,182,187,203,223,240,250,250,238,219,194,169,151
MA11,2000/10/03,141,143,155,174,196,216,229,235,232,222,212,203,197,199,209,223,236,246,249,243,228,206,183,161
MA11,2000/10/04,147,142,145,156,173,190,204,214,217,214,208,201,196,195,200,209,220,228,233,231,222,207,188,169
MA11,2000/10/05,154,144,139,143,154,167,181,193,200,203,203,202,200,198,199,204,211,217,223,225,221,212,198,183
MA11,2000/10/06,169,158,150,147,150,158,169,179,189,196,202,205,206,206,207,207,209,212,215,217,217,213,204,194
MA11,2000/10/07,184,172,162,153,148,149,153,161,172,182,191,200,205,207,208,207,204,201,201,202,204,205,203,200
MA11,2000/10/08,194,186,176,165,155,148,145,148,157,168,182,195,205,212,216,214,208,201,196,194,195,200,204,208
MA11,2000/10/09,209,206,199,187,173,161,152,149,153,163,177,193,209,221,228,228,220,208,198,190,189,194,201,211
MA11,2000/10/10,219,222,219,209,194,176,160,149,147,152,165,184,204,219,229,230,222,208,193,180,173,174,182,196
MA11,2000/10/11,210,221,224,219,205,186,166,150,140,141,152,171,192,212,226,233,227,211,193,176,164,162,170,185
MA11,2000/10/12,205,224,235,236,227,210,187,167,152,146,151,167,188,211,229,238,235,220,198,175,156,147,149,162
MA11,2000/10/13,183,207,226,236,234,221,200,176,156,144,145,157,177,201,223,238,239,227,205,179,154,136,133,143
MA11,2000/10/14,164,192,218,236,243,237,219,195,172,153,147,154,170,193,216,234,239,231,211,183,155,132,120,121
MA11,2000/10/15,137,162,191,216,232,235,225,207,185,166,156,156,167,186,210,230,239,235,219,193,162,134,116,109
MA11,2000/10/16,117,138,164,192,215,227,226,215,197,179,166,162,168,182,204,225,237,238,228,206,176,146,121,106
MA11,2000/10/17,106,120,144,172,199,219,227,224,214,200,187,181,181,190,208,227,242,247,242,227,203,175,148,128
MA11,2000/10/18,119,121,135,158,184,208,223,228,223,214,202,194,190,194,206,220,232,238,238,228,210,186,159,135
MA11,2000/10/19,119,113,117,130,150,172,191,203,208,206,201,197,193,194,201,211,221,230,235,232,221,204,182,160
MA11,2000/10/20,142,130,124,126,139,157,174,191,203,208,211,210,207,206,209,213,220,226,230,231,226,217,204,188
MA11,2000/10/21,173,159,146,138,140,148,160,175,189,201,209,213,214,214,213,213,212,212,213,217,217,215,209,200
MA11,2000/10/22,188,175,159,146,137,134,138,149,163,179,194,204,210,213,211,208,202,197,195,196,198,204,208,207
MA11,2000/10/23,205,198,184,169,154,142,137,141,151,167,186,203,215,222,224,219,209,197,189,186,188,195,205,213
MA11,2000/10/24,220,222,215,200,183,165,149,142,145,157,175,195,212,224,229,224,211,195,179,169,166,170,182,198
MA11,2000/10/25,213,225,228,220,206,187,166,152,148,153,168,190,212,230,239,238,226,206,185,167,156,156,167,184
MA11,2000/10/26,206,227,239,242,233,214,192,171,159,156,164,182,203,223,238,241,230,211,184,158,140,133,138,154
MA11,2000/10/27,177,202,222,232,232,221,201,180,162,152,154,168,188,211,231,239,233,215,188,159,135,120,118,128
MA11,2000/10/28,151,179,205,225,235,231,217,198,179,165,161,169,185,208,232,246,246,233,209,178,150,130,120,123
MA11,2000/10/29,141,167,196,222,240,245,239,225,207,190,181,183,195,215,237,253,259,252,230,202,171,143,126,122
MA11,2000/10/30,132,154,181,208,231,243,244,234,218,202,191,188,192,206,225,243,251,248,232,207,177,147,124,112
MA11,2000/10/31,114,128,149,174,197,214,221,219,209,196,186,181,181,190,207,223,235,238,229,210,185,157,132,116
MA11,2000/11/01,111,118,134,156,181,201,212,218,214,205,197,191,189,195,207,221,234,240,236,225,204,181,158,139
MA11,2000/11/02,129,129,137,153,174,193,209,219,220,216,210,204,201,202,209,219,229,236,237,230,216,198,176,157
MA11,2000/11/03,144,138,139,147,161,177,193,204,211,211,209,205,201,200,202,207,212,218,220,217,209,197,181,165
MA11,2000/11/04,150,140,136,137,145,156,169,182,192,198,201,202,200,198,198,199,201,203,205,206,204,198,189,178
MA11,2000/11/05,167,157,149,146,147,153,164,177,189,199,208,213,215,215,214,210,207,205,204,204,205,204,201,195
MA11,2000/11/06,188,178,169,161,156,155,158,166,176,188,200,208,213,215,213,207,199,192,187,185,186,190,194,195
MA11,2000/11/07,194,190,181,170,161,153,151,155,164,176,192,206,216,221,221,214,202,190,179,174,176,182,192,202
MA11,2000/11/08,209,211,206,196,183,170,160,157,159,169,185,201,214,222,223,216,201,184,168,157,153,159,170,184
MA11,2000/11/09,198,206,208,202,189,173,159,149,147,154,168,186,203,217,222,217,203,181,159,141,132,134,147,166
MA11,2000/11/10,188,205,214,214,206,190,173,159,152,154,165,182,203,221,232,231,218,195,169,146,130,126,135,154
MA11,2000/11/11,181,207,226,236,234,221,201,181,166,162,168,181,201,221,235,239,229,206,176,145,120,107,108,122
MA11,2000/11/12,147,176,202,221,228,223,208,191,175,165,165,175,192,213,232,240,236,219,192,159,128,107,099,106
MA11,2000/11/13,127,156,185,210,225,228,220,205,188,173,166,171,184,202,221,233,234,222,197,164,129,100,083,081
MA11,2000/11/14,094,118,150,180,204,218,220,212,199,185,176,176,183,198,217,232,239,233,215,187,153,121,095,083
MA11,2000/11/15,086,102,129,161,190,212,223,223,215,203,194,190,191,201,218,234,243,243,232,211,182,149,120,099
MA11,2000/11/16,090,096,114,137,164,189,205,213,212,205,196,190,187,192,204,216,228,234,231,218,196,169,142,119
MA11,2000/11/17,104,100,107,122,145,171,192,207,214,214,210,205,201,202,209,218,227,234,236,233,222,204,183,160
MA11,2000/11/18,142,131,128,134,147,165,184,200,210,216,215,211,208,203,202,204,206,211,217,216,210,201,186,168
MA11,2000/11/19,152,136,124,121,124,135,152,169,185,196,201,201,198,194,190,186,185,186,189,192,196,195,190,183
MA11,2000/11/20,172,160,148,136,133,137,146,160,177,192,204,211,211,209,205,198,191,186,184,188,194,200,206,210
MA11,2000/11/21,208,203,193,180,166,159,158,164,176,191,206,217,222,220,213,202,189,177,168,164,167,175,184,194
MA11,2000/11/22,200,201,196,185,169,157,149,147,155,168,184,199,208,212,208,197,179,160,144,135,134,141,154,171
MA11,2000/11/23,188,200,204,199,188,175,163,156,158,168,184,202,217,226,227,218,200,176,153,136,129,132,144,163
MA11,2000/11/24,186,205,218,221,214,201,186,174,167,170,181,198,214,227,232,225,209,184,156,132,116,112,120,137
MA11,2000/11/25,162,187,208,218,219,210,195,181,170,167,174,187,204,221,232,231,219,194,165,136,113,101,103,117
MA11,2000/11/26,141,169,196,215,225,223,213,200,186,178,180,189,205,224,239,244,237,216,188,156,127,109,103,109
MA11,2000/11/27,129,156,184,209,225,231,227,215,201,191,187,190,203,220,236,246,245,231,205,174,143,119,104,103
MA11,2000/11/28,116,139,167,194,214,226,227,219,207,194,187,187,194,207,222,234,238,230,210,183,152,124,104,096
MA11,2000/11/29,101,117,141,168,191,208,215,213,204,193,184,180,183,194,209,224,232,231,217,196,169,142,120,107
MA11,2000/11/30,106,116,135,157,180,201,213,216,211,203,195,188,187,193,204,218,229,231,224,209,186,160,136,118
MA11,2000/12/01,111,114,126,145,166,187,203,212,213,208,200,193,188,189,197,208,217,222,221,211,194,173,150,131
MA11,2000/12/02,119,116,122,134,152,172,188,200,206,206,201,195,190,188,191,198,205,211,213,209,201,187,168,151
MA11,2000/12/03,138,130,131,138,151,168,186,200,210,215,214,211,206,202,201,203,206,210,214,215,210,201,189,176
MA11,2000/12/04,162,152,147,147,153,165,179,193,205,213,216,214,209,204,198,194,192,192,194,196,198,197,192,183
MA11,2000/12/05,174,166,159,154,156,163,174,188,202,214,223,225,224,219,211,203,196,190,187,190,195,198,199,198
MA11,2000/12/06,194,186,178,171,166,165,171,180,193,207,219,224,223,219,212,200,186,172,165,164,168,176,185,191
MA11,2000/12/07,193,192,187,178,171,166,164,169,178,191,205,213,218,219,212,198,182,164,151,146,148,158,172,186
MA11,2000/12/08,198,205,205,199,191,182,176,173,177,189,204,216,225,228,224,212,192,169,147,134,131,138,152,172
MA11,2000/12/09,192,207,215,215,209,198,187,179,178,185,197,211,224,234,234,224,203,176,147,125,114,115,128,151
MA11,2000/12/10,177,201,220,229,228,220,208,196,191,193,201,214,230,245,253,248,231,204,172,143,121,112,117,136
MA11,2000/12/11,162,191,217,233,239,235,224,210,200,197,199,209,225,242,254,254,241,215,181,146,116,096,090,101
MA11,2000/12/12,125,155,188,214,230,236,231,219,207,199,196,201,215,231,246,253,248,229,200,164,129,101,085,085
MA11,2000/12/13,101,128,160,191,215,229,231,224,214,204,195,195,202,217,235,248,249,239,217,185,150,115,090,078
MA11,2000/12/14,080,098,125,157,187,210,220,219,213,204,194,188,191,205,221,237,248,247,233,209,179,146,116,095
MA11,2000/12/15,087,094,113,140,168,194,211,216,215,208,198,190,188,194,207,223,235,240,237,223,202,174,144,119
MA11,2000/12/16,104,100,107,125,150,179,203,217,222,220,211,200,191,190,194,203,215,223,224,218,206,186,164,141
MA11,2000/12/17,122,112,111,119,135,158,180,196,206,209,204,194,185,180,179,183,190,197,204,207,204,195,180,163
MA11,2000/12/18,147,134,127,127,135,151,170,186,201,209,208,201,191,183,177,174,175,179,184,191,196,196,192,184
MA11,2000/12/19,175,166,157,151,155,166,180,197,214,228,233,230,224,214,200,187,179,173,170,174,182,188,191,193
MA11,2000/12/20,190,183,175,165,160,162,168,179,194,208,218,219,215,207,196,183,171,160,155,157,163,173,184,196
MA11,2000/12/21,205,208,205,198,192,190,191,196,206,217,226,232,233,228,216,200,180,162,149,142,145,152,164,179
MA11,2000/12/22,192,201,204,199,192,185,179,177,183,194,205,215,222,223,217,202,182,159,139,126,122,127,140,158
MA11,2000/12/23,178,197,207,209,206,200,192,187,188,196,207,220,232,238,237,227,208,182,156,135,125,125,134,152
MA11,2000/12/24,175,199,217,226,226,220,209,198,193,194,200,212,223,232,236,231,214,188,159,133,114,105,108,122
MA11,2000/12/25,147,175,199,214,222,221,213,202,194,190,193,203,218,234,246,248,239,218,190,158,130,114,110,117
MA11,2000/12/26,135,162,189,210,225,231,226,215,206,199,197,202,213,227,239,245,241,224,196,165,136,112,100,102
MA11,2000/12/27,117,141,169,194,215,226,226,218,207,197,192,191,199,213,228,239,239,228,206,178,148,122,104,099
MA11,2000/12/28,108,127,152,178,202,218,224,220,210,200,190,186,190,202,216,230,237,232,216,192,163,135,112,099
MA11,2000/12/29,101,114,134,158,182,202,212,212,206,197,187,180,179,187,201,216,226,227,218,200,175,147,123,106
MA11,2000/12/30,101,107,125,146,170,192,207,212,209,201,191,181,178,181,191,205,217,224,222,211,193,170,146,127
MA11,2000/12/31,117,119,129,147,171,194,210,220,223,219,211,201,194,194,200,212,225,233,235,232,220,202,181,161
