MA11,1988/01/01,162,178,189,194,194,191,190,189,192,201,207,213,219,219,213,200,176,152,129,110,101,103,116,133
MA11,1988/01/02,156,179,195,204,209,206,202,198,196,198,206,213,221,226,225,215,197,169,144,114,094,092,097,109
MA11,1988/01/03,135,161,182,198,206,205,200,194,188,185,188,197,210,220,224,218,205,180,150,121,097,081,080,091
MA11,1988/01/04,110,138,164,185,200,208,206,199,192,188,190,195,207,220,233,238,229,212,185,154,123,099,090,091
MA11,1988/01/05,107,129,158,185,203,214,218,207,200,192,186,189,194,208,225,232,232,223,197,170,139,110,092,087
MA11,1988/01/06,094,116,143,170,192,207,214,209,198,189,182,177,184,196,210,223,228,221,203,179,151,121,098,087
MA11,1988/01/07,088,103,126,151,174,193,205,202,194,183,173,167,167,179,195,210,221,224,214,195,168,143,120,101
MA11,1988/01/08,100,108,128,154,177,200,216,216,211,202,190,178,173,181,194,209,224,232,229,217,197,173,149,131
MA11,1988/01/09,118,120,135,154,175,198,217,223,220,209,197,186,176,172,182,193,204,215,217,209,197,179,159,138
MA11,1988/01/10,124,117,125,139,160,181,199,211,209,201,191,177,164,160,161,170,182,192,200,201,193,183,168,150
MA11,1988/01/11,136,129,134,144,159,179,197,209,213,210,200,185,172,162,157,157,165,173,182,187,187,184,173,161
MA11,1988/01/12,152,145,141,147,157,171,189,201,208,209,200,186,171,158,149,144,147,151,158,167,172,175,174,168
MA11,1988/01/13,162,158,155,154,161,172,185,197,206,209,206,194,180,166,153,143,136,136,139,145,153,161,167,169
MA11,1988/01/14,171,169,167,166,167,173,182,192,201,208,207,201,189,177,162,146,133,126,122,125,135,146,157,168
MA11,1988/01/15,177,184,187,187,187,189,192,198,207,212,217,218,210,198,181,162,145,127,115,110,113,126,140,156
MA11,1988/01/16,174,188,198,201,201,200,200,200,200,209,220,222,220,215,202,182,162,140,118,105,098,106,121,139
MA11,1988/01/17,161,183,199,210,213,212,208,205,204,207,214,220,226,227,220,207,184,157,128,105,090,088,096,116
MA11,1988/01/18,141,169,194,210,220,224,221,214,209,208,210,220,227,234,237,228,207,179,145,110,086,071,068,082
MA11,1988/01/19,105,132,161,186,204,214,210,202,193,186,188,193,203,217,229,230,221,196,166,130,099,076,061,062
MA11,1988/01/20,082,107,139,170,193,208,209,202,193,183,176,181,189,203,221,236,234,223,197,165,130,097,075,062
MA11,1988/01/21,073,092,121,150,179,197,205,204,194,180,170,166,170,186,207,226,237,237,223,201,167,135,108,089
MA11,1988/01/22,094,104,129,158,184,210,224,223,216,206,189,181,176,184,205,224,242,255,248,231,213,184,154,138
MA11,1988/01/23,127,128,150,172,196,224,241,245,242,223,206,191,172,175,190,205,223,241,247,244,229,204,181,159
MA11,1988/01/24,144,144,153,167,191,211,227,237,234,218,203,183,165,157,157,166,183,198,211,216,211,201,183,165
MA11,1988/01/25,153,146,152,163,180,198,217,227,228,218,204,185,165,150,143,147,158,170,184,195,200,199,187,177
MA11,1988/01/26,168,162,163,171,183,199,212,225,229,223,211,194,172,154,140,133,135,143,153,162,171,175,172,169
MA11,1988/01/27,165,163,164,167,175,189,201,212,219,217,211,200,182,163,150,139,132,131,136,143,154,164,173,176
MA11,1988/01/28,176,179,184,190,196,203,209,217,223,222,219,210,197,183,166,151,137,124,119,124,130,140,152,163
MA11,1988/01/29,174,183,188,193,197,200,204,208,214,220,224,222,218,207,196,179,159,141,127,121,122,128,139,154
MA11,1988/01/30,171,183,196,200,201,201,200,200,203,206,211,213,212,208,201,186,167,147,125,110,104,108,120,137
MA11,1988/01/31,158,177,194,204,207,208,205,200,198,200,204,211,216,219,216,209,191,166,140,120,105,100,105,120
MA11,1988/02/01,142,164,185,198,205,205,200,194,188,185,191,198,207,217,221,218,204,180,154,128,105,094,095,104
MA11,1988/02/02,128,156,179,199,209,212,210,202,194,188,188,199,213,226,238,244,237,220,193,163,138,115,105,111
MA11,1988/02/03,128,152,179,202,218,225,220,212,199,186,182,186,195,210,225,234,234,222,199,171,142,114,101,097
MA11,1988/02/04,108,133,160,184,202,210,209,202,188,172,166,167,172,187,206,220,227,223,206,179,151,125,105,097
MA11,1988/02/05,102,121,147,173,193,208,213,205,192,178,167,161,166,179,200,217,230,234,227,208,182,156,135,119
MA11,1988/02/06,117,132,154,178,201,218,226,223,208,191,174,163,164,172,190,210,228,235,233,219,199,176,152,138
MA11,1988/02/07,131,140,158,180,203,223,229,228,217,196,178,163,152,156,170,185,204,218,219,214,200,180,161,144
MA11,1988/02/08,132,138,150,167,191,209,219,225,213,197,178,159,147,144,151,166,182,196,205,205,197,184,168,152
MA11,1988/02/09,144,142,152,166,184,205,217,222,217,201,182,164,148,140,141,149,162,175,187,194,194,186,177,166
MA11,1988/02/10,158,156,161,172,187,203,218,223,219,209,192,174,157,142,135,138,147,154,166,176,180,182,180,173
MA11,1988/02/11,167,166,168,172,183,197,209,217,216,210,198,181,161,144,132,128,128,134,142,150,158,166,171,174
MA11,1988/02/12,176,174,177,181,186,198,208,213,217,215,206,196,179,163,149,138,132,129,130,138,148,158,169,178
MA11,1988/02/13,187,195,198,200,203,207,211,215,218,219,217,209,198,182,165,152,137,125,116,114,122,134,146,161
MA11,1988/02/14,177,188,199,203,202,203,204,207,210,212,214,216,211,202,191,172,151,132,115,103,102,107,122,141
MA11,1988/02/15,163,183,200,211,215,215,210,208,207,208,213,218,221,221,213,200,177,150,126,105,093,090,100,117
MA11,1988/02/16,143,170,192,208,215,217,210,202,194,190,196,206,216,222,224,219,201,174,145,112,092,081,080,093
MA11,1988/02/17,116,146,174,195,209,212,205,195,182,172,174,184,198,216,228,233,223,203,173,138,109,089,078,082
MA11,1988/02/18,100,130,161,187,208,216,212,198,182,169,163,168,185,204,224,240,243,233,208,175,141,113,094,090
MA11,1988/02/19,102,125,154,183,206,217,214,202,181,159,147,143,149,166,194,216,230,230,216,193,160,132,109,097
MA11,1988/02/20,100,120,146,174,199,218,219,206,187,162,142,130,129,144,168,192,215,227,223,208,186,159,133,117
MA11,1988/02/21,115,128,149,172,197,215,220,213,194,168,143,124,115,118,138,162,184,204,211,205,189,169,149,133
MA11,1988/02/22,126,131,147,168,189,208,217,210,195,171,145,123,107,102,108,129,151,170,186,191,185,174,159,146
MA11,1988/02/23,141,142,155,173,192,210,222,223,213,193,169,148,127,117,118,128,144,160,176,186,187,183,176,164
MA11,1988/02/24,159,160,168,180,195,211,223,226,218,203,184,163,142,125,116,116,122,136,147,156,166,168,166,164
MA11,1988/02/25,163,162,166,175,187,199,209,214,212,203,189,172,155,139,127,118,115,121,128,136,146,154,160,164
MA11,1988/02/26,167,170,175,180,185,193,202,205,206,204,197,185,173,160,147,134,123,119,119,121,130,140,150,162
MA11,1988/02/27,170,177,183,186,188,192,196,200,201,201,200,198,190,180,168,154,139,128,119,114,118,128,140,154
MA11,1988/02/28,167,179,188,193,194,194,193,192,194,196,198,202,201,196,190,176,160,142,124,111,108,112,122,140
MA11,1988/02/29,156,174,188,193,195,193,186,181,178,177,184,190,196,200,198,188,175,153,129,112,102,100,109,124
MA11,1988/03/01,145,168,187,196,198,196,187,178,173,170,176,185,195,205,212,210,197,177,154,131,114,104,109,124
MA11,1988/03/02,144,168,190,204,209,209,199,186,175,166,170,180,194,210,222,225,221,201,176,151,127,113,113,121
MA11,1988/03/03,142,166,190,209,220,215,203,189,173,163,161,167,183,201,218,229,229,216,194,166,139,120,108,112
MA11,1988/03/04,130,154,180,200,210,211,202,183,163,148,139,143,154,174,195,210,219,212,193,170,144,118,105,102
MA11,1988/03/05,116,140,165,187,203,210,203,184,163,145,134,130,139,158,180,203,218,219,209,188,163,140,123,114
MA11,1988/03/06,123,143,166,189,209,216,213,196,171,149,132,124,127,142,165,188,207,215,212,198,177,156,138,129
MA11,1988/03/07,131,145,167,188,209,222,222,207,185,161,139,123,120,130,150,172,193,207,210,206,192,170,152,138
MA11,1988/03/08,136,146,162,181,202,216,217,208,186,161,140,123,113,117,131,152,174,192,205,206,198,183,169,157
MA11,1988/03/09,153,156,168,185,203,218,222,216,200,177,151,131,117,110,116,132,150,168,182,188,189,184,173,165
MA11,1988/03/10,163,163,171,183,197,210,216,214,201,180,156,136,118,104,105,111,123,139,152,162,170,170,167,165
MA11,1988/03/11,163,166,170,178,191,203,211,213,205,190,173,154,136,121,112,112,118,128,140,152,162,172,178,182
MA11,1988/03/12,186,191,195,200,208,218,226,229,228,222,210,197,180,163,150,140,134,134,137,143,151,163,173,182
MA11,1988/03/13,190,195,200,204,206,208,212,216,216,213,206,197,185,170,154,140,126,116,114,115,123,135,148,163
MA11,1988/03/14,178,191,201,204,204,204,202,202,203,204,204,204,202,195,183,167,149,132,120,110,111,122,136,157
MA11,1988/03/15,178,200,216,221,222,218,209,204,200,199,206,214,220,220,211,197,176,148,127,108,096,099,107,124
MA11,1988/03/16,149,172,190,204,204,192,182,171,161,160,170,183,197,206,210,206,189,164,139,110,092,087,090,106
MA11,1988/03/17,131,158,179,196,199,192,179,161,143,137,143,157,176,196,213,221,213,196,169,137,114,099,095,107
MA11,1988/03/18,130,156,183,202,212,209,193,173,151,134,130,141,159,182,208,226,230,219,198,171,144,122,110,115
MA11,1988/03/19,132,155,182,204,215,214,199,174,147,120,109,110,125,150,181,206,220,220,206,185,159,134,119,115
MA11,1988/03/20,128,152,174,195,212,212,200,177,147,117,096,088,095,112,141,172,195,205,202,190,169,148,131,122
MA11,1988/03/21,132,151,172,194,211,216,210,191,163,128,104,088,083,096,118,146,174,190,199,196,183,166,150,143
MA11,1988/03/22,145,157,174,197,215,224,224,209,185,157,128,108,100,101,117,142,166,188,202,204,202,194,180,173
MA11,1988/03/23,170,178,192,210,228,240,242,230,209,182,159,134,116,110,112,125,147,164,178,192,191,186,180,172
MA11,1988/03/24,170,176,183,191,204,217,220,216,202,180,160,139,116,105,103,106,121,135,150,162,170,172,172,171
MA11,1988/03/25,171,172,178,184,195,206,211,213,205,192,175,158,142,128,118,114,120,129,139,152,162,169,173,177
MA11,1988/03/26,180,184,188,194,197,204,211,212,210,205,196,185,170,157,146,137,132,132,136,144,154,164,172,180
MA11,1988/03/27,188,194,197,197,196,197,199,202,200,198,196,190,182,173,162,150,139,129,124,126,132,144,154,167
MA11,1988/03/28,178,185,190,192,189,186,184,180,182,182,184,189,188,184,178,166,152,136,124,118,122,128,140,158
MA11,1988/03/29,174,186,194,194,191,186,180,174,170,173,180,188,194,198,196,186,174,155,138,126,122,127,138,156
MA11,1988/03/30,175,191,200,204,200,190,179,167,161,161,167,178,192,200,204,201,189,170,149,130,120,117,126,142
MA11,1988/03/31,163,184,197,203,200,188,172,158,145,140,145,157,174,192,202,204,198,181,159,138,120,113,115,130
MA11,1988/04/01,153,173,192,201,199,187,168,150,133,123,126,137,156,176,194,206,206,192,173,152,132,118,114,130
MA11,1988/04/02,149,171,194,207,207,196,179,158,135,120,116,124,142,167,188,206,215,208,192,172,152,136,127,133
MA11,1988/04/03,151,174,194,212,217,209,191,166,142,118,110,112,127,152,176,199,216,218,207,190,170,153,140,141
MA11,1988/04/04,155,172,194,213,220,217,201,174,147,121,105,102,108,130,155,180,202,210,208,196,180,163,148,143
MA11,1988/04/05,152,166,187,204,215,217,206,182,153,126,104,095,096,110,134,160,183,202,207,202,192,178,163,158
MA11,1988/04/06,162,172,189,207,220,227,218,199,174,145,120,103,096,104,120,143,165,185,196,200,195,186,174,168
MA11,1988/04/07,167,175,187,200,213,220,219,207,181,154,126,105,094,094,102,121,142,162,179,189,190,187,180,174
MA11,1988/04/08,173,177,187,200,212,222,225,216,198,176,153,130,114,106,109,117,131,148,164,178,186,187,185,182
MA11,1988/04/09,179,181,185,192,201,208,212,209,198,180,159,138,118,104,099,100,107,116,131,144,156,164,167,172
MA11,1988/04/10,177,178,181,186,190,194,199,200,193,185,173,156,139,123,110,104,102,104,109,120,134,147,155,164
MA11,1988/04/11,173,177,179,180,180,182,183,184,184,183,180,172,160,147,133,120,110,104,101,105,116,129,145,158
MA11,1988/04/12,171,180,183,182,177,174,171,170,171,174,180,183,180,175,162,147,131,117,108,106,111,124,141,157
MA11,1988/04/13,176,191,196,193,184,174,166,160,157,164,174,186,195,199,194,183,167,149,132,120,117,123,138,158
MA11,1988/04/14,179,196,206,206,195,181,165,151,142,145,157,174,193,206,213,210,195,175,153,135,125,124,133,151
MA11,1988/04/15,174,194,208,209,200,183,161,140,123,114,126,142,166,189,205,212,206,188,166,146,130,122,127,144
MA11,1988/04/16,166,189,205,211,203,183,159,128,105,094,094,109,134,162,187,204,207,200,183,162,145,134,132,144
MA11,1988/04/17,162,184,204,211,209,195,168,137,105,083,077,085,103,134,163,188,204,205,196,180,164,149,143,147
MA11,1988/04/18,164,184,202,217,221,210,187,157,123,095,080,080,091,116,146,177,200,210,209,199,186,171,161,161
MA11,1988/04/19,172,189,208,224,231,229,213,187,154,124,101,091,096,111,135,163,189,205,212,210,202,189,179,176
MA11,1988/04/20,180,193,211,224,235,237,225,204,175,144,117,097,090,098,113,138,163,183,195,199,197,188,178,172
MA11,1988/04/21,175,184,196,210,222,227,223,208,183,157,131,107,095,093,100,119,141,161,178,188,193,191,185,181
MA11,1988/04/22,181,186,194,205,218,226,229,220,203,181,157,135,118,109,108,119,136,152,167,182,191,192,189,186
MA11,1988/04/23,186,186,190,198,205,213,220,216,206,192,174,156,139,125,120,120,128,140,154,168,178,185,188,191
MA11,1988/04/24,191,192,193,196,200,205,210,212,205,198,189,175,161,149,137,131,130,134,142,152,162,173,179,183
MA11,1988/04/25,187,187,186,185,183,184,186,188,188,187,184,177,170,160,148,137,131,128,130,139,150,161,171,181
MA11,1988/04/26,187,188,186,182,176,172,171,171,172,174,178,181,178,172,164,153,142,134,129,131,139,152,164,176
MA11,1988/04/27,188,190,190,184,173,164,158,154,154,158,166,173,179,180,176,167,153,140,130,127,130,142,155,170
MA11,1988/04/28,185,194,193,188,176,161,149,140,136,140,150,162,174,183,186,181,170,154,140,131,130,139,151,168
MA11,1988/04/29,184,196,202,197,182,167,150,134,127,126,137,155,172,189,200,202,194,180,165,154,147,150,162,182
MA11,1988/04/30,203,218,225,225,212,194,169,147,133,124,131,149,167,188,208,214,212,202,182,166,155,150,155,169
MA11,1988/05/01,187,204,215,215,206,186,160,136,113,103,107,120,142,169,191,209,216,211,199,182,170,161,160,171
MA11,1988/05/02,189,205,221,225,217,202,177,147,120,104,098,104,126,152,178,202,216,218,208,195,180,166,161,167
MA11,1988/05/03,183,198,212,221,220,205,179,151,119,096,084,085,100,123,150,177,199,212,211,203,194,180,172,175
MA11,1988/05/04,185,202,220,233,235,226,207,180,148,119,102,094,102,118,142,170,195,213,219,215,210,200,189,184
MA11,1988/05/05,187,198,215,226,234,232,216,190,162,131,106,093,087,097,118,142,166,189,200,206,203,196,188,184
MA11,1988/05/06,185,191,204,216,224,228,220,200,175,146,119,098,086,088,099,117,140,163,180,191,197,196,188,186
MA11,1988/05/07,185,187,195,206,214,223,220,210,192,168,144,121,103,096,099,108,126,146,164,182,192,197,199,197
MA11,1988/05/08,196,196,200,205,213,222,226,222,211,193,173,152,132,117,109,108,118,133,146,164,179,185,191,192
MA11,1988/05/09,190,188,187,186,190,193,199,202,196,188,177,161,144,126,115,109,107,114,124,139,155,168,178,183
MA11,1988/05/10,186,184,180,176,172,173,177,181,183,186,184,177,166,154,141,130,124,122,126,136,151,165,178,188
MA11,1988/05/11,194,193,188,180,169,163,160,163,168,176,183,190,189,180,171,159,145,136,134,135,150,163,178,191
MA11,1988/05/12,202,206,200,190,174,159,153,149,152,164,179,193,205,207,203,194,184,171,162,160,164,176,195,211
MA11,1988/05/13,220,229,225,212,193,174,156,148,142,148,166,184,200,215,220,216,207,190,174,168,166,172,189,201
MA11,1988/05/14,215,226,224,214,193,166,138,120,108,107,123,142,166,188,204,210,206,196,180,166,160,161,170,184
MA11,1988/05/15,204,215,222,215,194,171,142,111,092,084,088,110,135,164,190,203,209,204,192,182,170,167,172,183
MA11,1988/05/16,201,216,226,226,213,191,162,129,100,084,080,092,113,142,172,196,207,210,203,190,179,173,170,178
MA11,1988/05/17,192,211,224,228,222,205,179,144,111,088,076,080,093,118,150,176,199,210,211,203,194,186,180,181
MA11,1988/05/18,192,208,225,232,233,223,200,170,138,106,089,081,087,105,131,159,184,202,209,208,200,191,186,185
MA11,1988/05/19,190,204,217,230,235,230,219,192,164,134,107,092,090,098,118,143,168,189,204,206,203,198,190,187
MA11,1988/05/20,189,196,208,221,229,233,226,210,186,158,131,111,101,102,117,136,156,180,197,205,208,204,198,195
MA11,1988/05/21,190,191,202,211,223,230,226,217,202,178,153,131,118,110,116,130,147,168,186,199,203,206,200,194
MA11,1988/05/22,191,190,194,201,210,218,223,218,207,190,171,152,138,126,122,129,143,158,174,190,202,207,206,202
MA11,1988/05/23,198,196,197,199,203,212,218,219,214,204,191,178,161,149,142,141,146,157,169,184,196,204,207,204
MA11,1988/05/24,200,194,187,182,183,186,188,192,193,190,184,174,163,151,141,134,132,136,145,157,171,182,188,190
MA11,1988/05/25,188,182,174,166,161,160,163,166,170,175,178,176,172,164,155,149,142,141,146,155,169,183,192,198
MA11,1988/05/26,200,196,185,175,164,158,156,155,159,168,176,182,188,186,179,173,163,157,156,159,168,183,194,204
MA11,1988/05/27,209,204,195,181,166,154,143,138,140,148,160,175,185,189,189,183,174,164,157,157,163,174,188,199
MA11,1988/05/28,207,208,201,187,169,150,133,124,120,126,140,159,176,191,198,197,192,181,171,165,167,176,187,202
MA11,1988/05/29,214,219,213,199,181,160,138,121,110,112,125,146,169,188,204,211,207,199,190,178,175,178,188,200
MA11,1988/05/30,214,222,222,210,192,168,142,118,100,094,101,118,142,169,190,205,211,208,197,185,177,175,180,191
MA11,1988/05/31,204,217,222,216,201,177,148,117,094,082,080,092,114,141,170,192,204,210,204,193,184,178,178,185
MA11,1988/06/01,199,214,224,224,214,196,167,135,106,085,074,080,097,120,151,177,197,210,210,205,197,189,185,188
MA11,1988/06/02,196,213,225,232,231,215,193,162,127,100,083,078,085,104,129,159,187,202,213,213,206,200,194,188
MA11,1988/06/03,198,211,222,235,242,235,220,193,162,132,105,094,093,103,125,150,177,198,216,223,222,216,209,203
MA11,1988/06/04,204,215,226,240,252,251,242,223,194,162,135,114,103,103,114,136,160,185,203,212,218,216,210,203
MA11,1988/06/05,197,202,211,219,232,240,238,228,208,180,153,128,110,101,105,118,136,155,176,193,201,203,199,190
MA11,1988/06/06,184,183,181,186,198,208,215,212,204,186,165,144,124,109,106,111,122,142,162,181,196,202,202,197
MA11,1988/06/07,187,182,178,177,184,192,200,208,207,201,190,175,158,144,134,131,139,151,167,182,196,208,212,207
MA11,1988/06/08,198,188,177,169,168,170,176,186,193,197,197,189,179,166,156,150,148,152,165,180,194,209,217,217
MA11,1988/06/09,212,203,187,174,164,159,160,166,177,189,198,204,204,198,188,180,174,172,178,187,200,217,227,228
MA11,1988/06/10,228,218,201,184,164,151,144,144,152,164,180,193,202,204,202,196,188,184,182,186,196,210,222,227
MA11,1988/06/11,230,227,212,190,166,145,130,121,122,134,150,170,188,199,205,206,199,192,186,184,188,200,209,218
MA11,1988/06/12,229,229,217,203,180,152,129,110,100,107,124,146,169,190,205,212,213,206,199,194,194,199,210,223
MA11,1988/06/13,233,239,235,221,201,173,145,120,101,096,108,126,151,178,197,212,219,217,208,201,196,195,204,212
MA11,1988/06/14,225,237,238,232,219,193,162,131,106,092,091,103,127,154,181,203,216,222,215,206,198,194,196,204
MA11,1988/06/15,216,231,239,238,232,210,183,151,122,098,090,095,109,133,162,190,207,217,218,210,202,194,191,195
MA11,1988/06/16,207,223,233,240,238,226,205,175,142,113,095,091,098,120,148,173,198,213,217,216,207,199,192,191
MA11,1988/06/17,198,212,224,236,241,234,221,194,166,136,110,098,098,109,134,159,184,203,215,214,210,201,191,186
MA11,1988/06/18,188,196,210,222,231,232,224,204,180,152,126,108,100,103,123,144,164,191,207,211,212,203,190,183
MA11,1988/06/19,180,182,195,208,219,228,226,213,195,169,146,128,110,109,121,135,159,181,196,209,209,202,195,185
MA11,1988/06/20,178,180,181,192,205,213,219,215,201,185,163,144,129,121,123,135,153,172,190,203,211,206,200,188
MA11,1988/06/21,180,175,173,179,187,197,205,208,203,188,176,159,145,134,131,138,150,165,186,199,208,212,205,193
MA11,1988/06/22,184,174,166,165,171,177,187,192,192,188,181,171,161,149,144,144,151,162,175,191,203,210,206,198
MA11,1988/06/23,186,176,164,158,156,158,166,172,180,183,181,179,172,163,159,154,155,162,172,187,200,209,212,207
MA11,1988/06/24,197,186,173,157,152,150,151,158,164,172,180,182,182,180,174,170,166,168,174,184,195,208,216,212
MA11,1988/06/25,206,195,177,162,150,139,137,138,144,155,165,176,184,187,185,181,176,174,176,182,191,203,212,216
MA11,1988/06/26,213,203,189,172,150,135,127,122,122,134,148,165,180,192,198,199,194,189,186,184,189,199,208,9999
MA11,1988/06/27,9999,9999,9999,9999,9999,9999,124,110,105,108,126,146,164,184,198,203,205,200,193,188,188,194,206,213
MA11,1988/06/28,221,224,215,200,176,152,129,106,094,093,102,120,143,166,189,204,210,210,204,196,191,192,198,210
MA11,1988/06/29,218,227,227,214,199,174,141,115,094,082,086,099,121,151,178,199,214,220,214,208,200,196,198,204
MA11,1988/06/30,217,228,236,235,224,199,170,137,107,087,080,086,102,128,157,184,208,220,222,217,206,199,198,200
MA11,1988/07/01,211,228,240,244,242,225,201,170,135,106,090,085,095,114,141,170,196,214,222,220,212,204,195,192
MA11,1988/07/02,200,213,226,239,244,239,220,194,160,127,102,088,086,100,122,150,178,202,216,218,214,204,195,185
MA11,1988/07/03,185,195,209,225,238,241,236,214,186,156,127,105,094,098,114,137,164,189,205,214,214,206,193,181
MA11,1988/07/04,174,176,185,201,216,228,232,222,204,180,150,128,114,108,116,134,156,178,199,209,212,208,194,180
MA11,1988/07/05,168,163,165,175,191,207,217,218,210,193,172,151,134,125,127,136,156,177,194,208,218,214,204,189
MA11,1988/07/06,172,162,156,156,166,180,194,204,206,201,189,176,161,150,147,149,163,178,194,209,218,221,216,200
MA11,1988/07/07,184,169,154,146,149,156,168,181,190,192,192,186,177,168,164,164,170,181,196,210,221,228,224,214
MA11,1988/07/08,200,183,165,151,142,142,148,158,170,182,188,190,190,188,182,181,183,189,199,210,221,230,232,227
MA11,1988/07/09,215,198,180,162,144,135,134,138,148,162,175,187,194,198,200,199,198,200,203,208,220,229,232,232
MA11,1988/07/10,228,214,199,178,155,137,125,121,124,137,152,168,184,196,204,206,206,204,203,204,209,218,225,230
MA11,1988/07/11,231,227,214,194,172,148,126,112,106,113,129,147,169,188,200,208,212,209,203,202,202,207,216,223
MA11,1988/07/12,230,232,225,211,192,166,139,119,103,099,109,127,150,174,194,208,216,213,207,200,196,200,206,213
MA11,1988/07/13,224,234,235,228,212,188,160,133,108,096,098,109,132,157,182,202,214,218,212,204,197,193,195,202
MA11,1988/07/14,214,228,238,235,227,208,180,151,123,103,095,101,118,143,170,194,211,217,214,206,198,192,188,190
MA11,1988/07/15,203,216,228,237,236,222,201,170,140,115,099,097,107,129,156,183,204,216,217,210,200,190,182,182
MA11,1988/07/16,191,204,220,232,235,232,215,189,160,132,110,102,105,123,149,171,198,213,218,215,203,191,182,176
MA11,1988/07/17,179,192,206,221,234,234,226,208,180,152,131,114,110,122,142,164,191,210,220,222,211,199,185,173
MA11,1988/07/18,172,179,192,208,221,230,230,218,197,171,146,128,122,128,144,167,190,209,222,222,214,200,182,169
MA11,1988/07/19,166,168,179,193,208,222,225,220,202,181,160,143,130,128,138,155,176,198,212,218,216,207,190,175
MA11,1988/07/20,165,159,163,174,186,200,210,213,204,190,174,158,146,140,144,156,173,192,210,218,222,214,198,183
MA11,1988/07/21,170,160,158,162,170,184,196,202,204,197,186,176,165,158,160,166,179,196,210,223,228,223,211,196
MA11,1988/07/22,181,168,158,157,160,168,180,188,193,194,190,186,178,173,172,176,183,194,207,219,227,225,218,204
MA11,1988/07/23,189,173,160,152,149,153,160,168,177,184,189,188,186,184,183,182,187,196,205,215,224,227,222,212
MA11,1988/07/24,199,180,166,153,144,140,142,148,156,166,176,184,192,194,194,196,197,200,205,213,221,228,226,222
MA11,1988/07/25,216,200,182,164,148,136,132,130,138,150,162,178,192,200,208,211,210,209,210,212,219,225,228,229
MA11,1988/07/26,226,216,200,180,161,141,126,118,114,124,139,156,177,195,208,216,217,215,212,208,210,215,220,228
MA11,1988/07/27,232,228,219,202,176,154,130,109,100,101,112,132,155,178,199,215,220,218,214,207,204,208,214,222
MA11,1988/07/28,233,239,238,228,206,180,151,123,105,094,096,112,137,164,191,212,222,224,220,213,206,200,204,212
MA11,1988/07/29,224,238,246,244,231,206,173,140,112,091,086,092,110,140,169,197,215,222,219,210,199,192,188,192
MA11,1988/07/30,205,223,239,247,245,230,203,169,136,107,090,090,102,127,156,188,210,224,228,218,205,191,180,179
MA11,1988/07/31,189,206,225,243,250,246,229,199,166,135,112,099,103,121,146,175,204,221,228,222,208,192,176,165
MA11,1988/08/01,167,180,200,219,236,243,235,217,189,155,129,111,106,116,137,161,188,209,219,220,208,190,170,154
MA11,1988/08/02,148,152,166,187,209,226,230,222,204,179,155,136,126,130,145,166,190,212,227,229,222,205,184,164
MA11,1988/08/03,150,146,154,168,189,209,222,226,216,201,182,163,152,154,160,179,202,222,238,242,239,226,204,181
MA11,1988/08/04,162,149,147,154,166,185,202,212,212,206,195,181,171,168,173,184,200,218,231,239,240,230,212,190
MA11,1988/08/05,169,150,140,136,142,156,169,181,191,192,191,186,180,177,178,184,196,209,221,231,235,231,218,200
MA11,1988/08/06,180,162,145,134,129,134,145,157,168,176,182,184,184,185,187,191,198,207,217,225,231,233,226,214
MA11,1988/08/07,199,181,164,146,134,130,131,138,147,159,170,181,188,195,198,200,203,207,211,217,224,229,228,224
MA11,1988/08/08,214,200,185,165,146,134,124,122,129,140,154,169,183,194,204,208,210,209,207,210,214,219,225,226
MA11,1988/08/09,224,219,206,188,170,149,130,120,114,123,137,152,172,190,203,212,212,209,206,202,202,207,212,221
MA11,1988/08/10,228,227,223,210,189,167,144,122,112,107,119,138,158,180,202,211,216,214,207,200,196,197,201,212
MA11,1988/08/11,222,231,233,227,211,190,164,137,118,108,111,127,149,173,197,213,220,221,212,204,194,189,192,202
MA11,1988/08/12,216,230,240,241,231,214,187,156,132,114,108,120,139,162,189,209,221,224,217,203,191,182,180,188
MA11,1988/08/13,201,217,233,242,240,226,204,174,145,122,112,111,128,152,180,203,219,225,218,204,189,177,169,170
MA11,1988/08/14,183,200,220,234,236,234,216,188,162,135,117,113,123,144,169,194,213,223,219,206,190,174,162,157
MA11,1988/08/15,163,179,198,216,229,230,220,202,174,148,128,117,120,138,160,184,208,218,218,210,192,174,158,150
MA11,1988/08/16,153,164,182,200,216,226,223,209,187,165,144,130,128,138,158,182,204,220,224,216,202,182,162,150
MA11,1988/08/17,146,152,168,185,202,218,219,212,196,176,157,144,136,143,158,178,201,216,224,220,206,185,166,148
MA11,1988/08/18,140,141,150,165,183,201,210,210,201,187,172,160,151,155,164,181,202,218,227,228,219,200,178,161
MA11,1988/08/19,148,142,144,154,169,186,199,206,203,194,184,174,166,167,175,186,204,218,227,233,225,211,192,172
MA11,1988/08/20,155,147,142,147,157,168,184,194,198,200,195,190,184,183,187,196,208,219,228,234,233,223,206,188
MA11,1988/08/21,171,156,148,145,147,155,167,178,188,194,195,195,196,196,199,204,211,220,228,237,236,230,220,204
MA11,1988/08/22,188,171,159,148,144,147,151,160,170,180,189,198,204,208,211,214,216,220,225,229,234,234,228,220
MA11,1988/08/23,206,191,175,158,146,138,136,138,146,154,169,185,197,208,217,219,220,218,216,219,222,225,226,223
MA11,1988/08/24,217,206,191,174,154,137,126,119,119,128,144,161,180,198,210,218,220,215,210,208,206,210,216,220
MA11,1988/08/25,223,220,211,196,173,150,130,111,104,107,121,140,164,186,206,219,224,219,210,202,198,198,202,215
MA11,1988/08/26,225,231,232,220,200,174,146,120,103,098,103,122,147,173,198,217,224,221,211,199,189,184,188,201
MA11,1988/08/27,218,232,242,240,227,204,174,142,117,101,098,110,133,162,190,214,228,226,217,203,185,175,173,180
MA11,1988/08/28,200,222,241,252,250,235,210,175,144,120,108,113,130,157,186,212,230,233,224,207,187,167,156,160
MA11,1988/08/29,172,196,223,241,252,248,232,208,173,145,128,122,133,156,182,209,232,238,233,219,195,170,152,140
MA11,1988/08/30,150,169,194,222,241,246,242,223,196,169,150,140,144,160,185,212,233,244,243,230,206,178,154,138
MA11,1988/08/31,136,147,169,196,220,240,244,236,218,196,175,164,163,171,194,216,238,250,252,242,222,194,166,145
MA11,1988/09/01,132,134,147,167,193,214,227,231,222,207,193,182,178,182,197,219,235,248,256,250,234,210,184,158
MA11,1988/09/02,141,133,134,148,165,186,204,213,213,208,198,192,187,188,197,213,227,240,248,248,237,219,196,173
MA11,1988/09/03,152,139,134,135,148,161,177,190,196,197,197,194,192,193,198,206,220,229,236,241,234,221,206,185
MA11,1988/09/04,166,150,138,133,130,140,150,161,173,182,187,190,191,192,198,204,209,215,224,229,229,223,211,200
MA11,1988/09/05,185,168,154,144,134,132,136,142,155,166,175,184,192,196,201,206,206,209,212,216,221,221,218,213
MA11,1988/09/06,205,194,179,164,149,140,135,136,144,155,167,182,195,204,210,213,214,210,210,213,216,219,222,224
MA11,1988/09/07,223,219,206,192,175,158,146,138,138,146,160,177,196,208,217,222,220,212,206,204,201,205,212,219
MA11,1988/09/08,225,228,223,212,193,170,150,136,128,131,145,161,183,200,214,221,219,208,200,190,184,186,194,206
MA11,1988/09/09,218,228,230,222,207,186,161,141,126,122,130,148,171,193,209,221,221,211,197,184,174,170,174,188
MA11,1988/09/10,201,216,228,228,218,202,176,150,131,118,120,136,156,181,204,219,223,215,200,184,169,158,160,170
MA11,1988/09/11,184,208,225,234,232,219,197,172,147,130,125,136,156,180,207,226,235,231,217,200,183,167,160,168
MA11,1988/09/12,184,207,229,242,249,243,226,201,177,156,144,148,162,186,211,232,244,241,227,205,182,162,151,154
MA11,1988/09/13,165,186,209,227,240,239,225,205,180,159,146,141,152,172,196,219,233,231,219,202,175,152,136,129
MA11,1988/09/14,139,155,179,202,219,228,224,208,188,167,151,143,150,167,189,210,229,234,225,208,184,160,140,130
MA11,1988/09/15,130,144,166,188,210,226,229,220,205,188,172,163,163,175,199,220,237,245,242,228,207,182,160,145
MA11,1988/09/16,140,149,163,184,204,221,232,234,226,213,201,190,188,198,215,233,248,257,258,245,228,203,176,157
MA11,1988/09/17,146,146,154,168,186,205,217,220,218,211,199,193,188,190,200,214,227,235,237,230,215,194,170,149
MA11,1988/09/18,134,126,128,136,150,165,180,191,194,193,190,186,183,185,192,201,213,221,226,224,214,196,176,157
MA11,1988/09/19,141,131,125,126,133,145,159,170,178,186,189,191,192,195,200,208,214,221,226,228,223,213,199,183
MA11,1988/09/20,167,152,142,136,136,142,149,160,172,183,191,200,207,211,216,219,221,224,226,228,228,223,217,207
MA11,1988/09/21,194,180,165,150,141,134,134,138,147,159,172,186,199,207,213,215,212,210,209,208,211,212,212,210
MA11,1988/09/22,204,194,181,164,149,135,125,122,126,138,154,172,191,208,217,220,218,209,202,197,196,200,207,213
MA11,1988/09/23,217,218,206,188,169,148,131,118,112,119,136,156,181,202,216,222,219,207,194,183,178,182,192,204
MA11,1988/09/24,219,229,228,220,200,175,150,128,116,115,127,146,169,195,215,226,223,209,191,175,161,159,168,185
MA11,1988/09/25,208,228,240,240,230,208,183,157,137,128,133,151,176,204,226,243,244,232,212,186,166,158,157,171
MA11,1988/09/26,197,225,247,259,258,245,223,193,168,153,148,160,180,206,232,249,253,242,219,190,164,141,133,141
MA11,1988/09/27,160,190,220,242,254,251,234,211,185,162,154,158,172,195,220,239,248,240,223,194,159,132,115,111
MA11,1988/09/28,126,150,182,210,231,242,234,217,199,177,164,164,172,190,216,236,248,246,229,204,172,140,114,100
MA11,1988/09/29,104,122,148,178,204,222,227,219,202,186,174,167,172,187,207,226,240,245,232,212,184,155,125,105
MA11,1988/09/30,098,107,124,148,175,197,211,212,205,195,185,176,179,186,203,223,236,243,242,227,204,177,148,124
MA11,1988/10/01,110,106,116,134,154,175,193,203,203,200,192,187,187,189,201,216,227,236,238,231,214,195,169,146
MA11,1988/10/02,131,119,115,124,138,154,171,185,191,192,193,192,191,192,199,208,217,226,229,228,220,205,186,167
MA11,1988/10/03,150,136,127,127,134,142,154,167,177,185,190,192,194,196,200,204,210,215,217,219,215,209,197,185
MA11,1988/10/04,170,157,145,135,132,133,140,149,159,170,179,188,192,194,197,200,200,200,202,203,205,203,199,192
MA11,1988/10/05,186,177,163,152,142,134,134,138,148,158,171,184,194,199,202,202,198,194,190,190,193,197,201,203
MA11,1988/10/06,203,200,191,176,163,151,144,143,148,160,175,192,206,217,223,223,217,208,200,194,192,196,205,214
MA11,1988/10/07,223,223,217,209,191,172,158,147,147,156,167,187,204,217,224,224,215,201,187,176,173,176,184,197
MA11,1988/10/08,207,218,222,215,201,181,162,148,140,141,154,173,193,209,222,225,215,197,179,163,156,154,160,175
MA11,1988/10/09,195,213,225,227,216,200,179,160,146,143,149,166,188,206,223,229,221,205,182,161,145,139,143,156
MA11,1988/10/10,176,198,216,223,221,208,186,166,150,141,144,158,176,197,217,225,219,204,181,157,137,124,122,134
MA11,1988/10/11,153,178,201,215,222,216,199,179,161,148,147,157,173,195,216,228,229,215,194,168,145,127,119,129
MA11,1988/10/12,146,171,197,220,234,234,223,207,190,174,166,172,186,205,225,242,245,236,215,189,164,143,129,130
MA11,1988/10/13,143,166,193,217,241,248,240,225,208,191,180,179,188,205,225,239,247,241,221,197,169,142,123,117
MA11,1988/10/14,122,141,164,188,211,226,227,220,207,193,182,178,183,196,214,232,241,237,225,201,173,148,123,109
MA11,1988/10/15,108,122,141,163,187,206,215,216,210,198,190,185,184,192,207,222,233,235,226,207,183,155,130,110
MA11,1988/10/16,103,108,120,139,161,180,193,201,200,195,190,186,184,188,199,212,221,225,222,211,190,168,146,123
MA11,1988/10/17,110,108,112,124,144,160,176,188,194,195,196,194,193,196,202,211,221,226,227,221,208,191,170,151
MA11,1988/10/18,135,126,123,127,137,149,163,177,187,192,197,200,201,202,206,210,214,218,221,219,211,201,188,170
MA11,1988/10/19,155,143,132,126,128,135,145,157,169,179,189,199,202,203,204,204,204,205,206,207,204,202,195,186
MA11,1988/10/20,174,162,150,138,130,128,131,140,153,167,179,193,202,207,208,204,198,195,192,192,195,198,202,201
MA11,1988/10/21,196,187,174,159,149,135,128,133,143,155,171,190,204,211,214,209,198,188,178,174,178,185,196,205
MA11,1988/10/22,210,212,203,188,173,155,141,138,141,150,168,187,204,218,223,217,203,185,166,156,155,161,175,193
MA11,1988/10/23,208,220,221,211,196,177,156,144,139,145,160,180,201,217,228,226,211,189,165,145,134,136,148,168
MA11,1988/10/24,195,214,225,229,220,202,181,164,155,153,162,183,203,223,238,237,223,201,173,145,123,117,125,145
MA11,1988/10/25,172,202,226,239,240,228,209,190,173,166,171,188,207,227,242,248,237,215,185,152,121,105,101,114
MA11,1988/10/26,141,171,202,225,235,232,221,204,187,176,172,183,199,217,236,245,240,224,193,158,125,097,086,090
MA11,1988/10/27,108,137,168,199,220,228,223,213,199,186,181,184,196,214,233,247,247,235,212,182,148,116,096,088
MA11,1988/10/28,097,121,150,179,205,220,225,225,213,201,195,194,202,216,234,249,257,251,234,208,179,147,119,103
MA11,1988/10/29,101,112,135,161,188,210,223,226,221,215,211,209,211,220,237,252,261,263,251,232,207,177,150,129
MA11,1988/10/30,118,120,133,153,174,197,213,221,223,220,215,212,210,213,226,239,247,252,248,235,217,197,170,148
MA11,1988/10/31,135,127,130,141,158,176,193,206,213,212,210,207,204,204,212,219,226,232,232,227,216,199,180,161
MA11,1988/11/01,146,135,129,129,141,156,171,185,196,200,204,201,200,200,201,204,210,214,218,218,213,204,194,178
MA11,1988/11/02,166,157,147,144,147,155,168,183,196,206,209,212,213,208,204,203,202,202,204,206,207,208,202,195
MA11,1988/11/03,186,176,167,159,154,154,161,173,187,199,205,209,211,210,208,205,196,190,188,187,193,197,199,200
MA11,1988/11/04,197,189,179,168,158,150,149,152,163,176,189,201,206,209,206,197,188,178,170,168,172,179,187,196
MA11,1988/11/05,201,204,198,187,177,166,160,161,167,178,195,210,219,225,222,212,197,178,165,157,153,160,171,183
MA11,1988/11/06,198,206,206,200,187,172,161,155,156,166,181,197,210,218,220,210,195,177,158,144,140,144,157,175
MA11,1988/11/07,192,209,219,218,211,197,180,171,165,168,180,197,212,223,226,218,202,179,155,136,124,123,133,150
MA11,1988/11/08,172,196,209,216,214,201,184,172,163,161,170,186,203,218,228,223,208,184,158,131,113,107,109,127
MA11,1988/11/09,151,176,200,216,220,213,200,185,174,168,172,186,203,218,231,233,223,202,172,142,120,106,104,118
MA11,1988/11/10,143,169,197,220,232,233,225,212,201,191,187,196,209,224,240,246,239,221,191,159,132,110,100,108
MA11,1988/11/11,128,152,180,206,222,232,230,220,209,197,191,195,205,223,239,248,248,234,205,176,142,114,100,097
MA11,1988/11/12,106,129,154,181,207,221,226,223,215,202,197,197,202,217,234,245,252,244,223,196,164,135,114,101
MA11,1988/11/13,103,120,141,165,192,212,222,224,219,210,204,201,204,214,229,241,247,244,234,211,184,155,129,112
MA11,1988/11/14,106,110,127,147,169,194,206,215,215,208,202,198,196,201,212,223,235,237,230,216,193,168,142,120
MA11,1988/11/15,106,103,110,124,144,163,181,196,203,204,200,197,194,196,201,209,216,221,223,217,201,183,159,137
MA11,1988/11/16,123,113,111,118,130,146,165,180,192,200,204,203,198,197,200,206,213,219,223,223,215,204,190,169
MA11,1988/11/17,152,140,132,128,134,144,158,173,187,197,203,205,203,198,195,192,190,191,193,197,201,199,192,184
MA11,1988/11/18,172,157,147,139,136,141,150,163,178,192,203,208,208,204,198,189,180,175,174,180,186,192,196,198
MA11,1988/11/19,193,186,175,163,154,152,154,160,175,191,202,213,216,214,206,191,176,162,152,151,160,170,180,191
MA11,1988/11/20,197,195,189,176,164,154,150,152,161,172,189,204,210,211,205,188,169,148,130,123,126,136,153,172
MA11,1988/11/21,188,200,202,195,185,172,162,159,163,172,187,203,214,219,215,201,178,150,126,109,101,110,129,151
MA11,1988/11/22,176,196,210,212,205,194,183,175,172,177,189,204,217,227,228,217,195,163,132,107,092,089,100,121
MA11,1988/11/23,150,178,201,214,218,211,200,190,183,182,191,205,219,232,240,234,218,189,154,122,098,086,086,105
MA11,1988/11/24,132,163,195,215,227,229,223,214,205,201,204,216,232,248,259,263,250,225,192,158,126,104,095,102
MA11,1988/11/25,122,151,180,209,229,236,234,225,215,209,206,212,224,239,253,261,256,240,214,179,144,116,097,092
MA11,1988/11/26,104,126,157,187,213,229,236,230,223,215,210,210,217,230,246,258,262,251,231,204,171,140,115,102
MA11,1988/11/27,102,115,140,166,191,213,224,226,220,212,206,202,205,215,228,241,248,247,235,215,187,156,130,109
MA11,1988/11/28,101,106,124,145,167,190,205,212,212,207,200,194,194,198,208,222,232,236,232,219,199,174,150,130
MA11,1988/11/29,116,111,121,136,156,179,198,209,214,212,206,200,196,195,201,211,220,227,227,222,211,193,172,154
MA11,1988/11/30,138,130,130,138,151,170,188,201,208,211,206,200,195,190,190,195,202,207,211,212,206,197,182,166
MA11,1988/12/01,153,143,138,137,146,160,176,192,203,208,209,203,196,190,186,182,183,185,189,195,195,191,185,176
MA11,1988/12/02,164,154,146,140,143,150,161,175,187,197,201,198,192,184,176,169,164,162,162,166,170,173,175,172
MA11,1988/12/03,167,161,155,148,145,147,154,165,179,191,198,200,198,191,181,170,160,153,149,151,156,163,172,178
MA11,1988/12/04,179,178,174,167,161,160,162,168,182,193,202,209,208,204,195,182,168,155,147,144,148,157,170,183
MA11,1988/12/05,195,202,204,199,192,187,185,186,194,206,219,227,230,229,219,202,182,164,144,134,134,138,151,170
MA11,1988/12/06,187,199,206,204,198,190,182,176,178,188,199,211,218,216,212,197,176,152,130,115,108,112,124,144
MA11,1988/12/07,164,182,198,203,202,195,186,179,178,180,190,202,212,219,218,205,186,159,129,109,094,090,098,115
MA11,1988/12/08,139,164,187,198,202,200,192,183,176,175,183,194,206,216,222,216,199,174,144,117,095,084,086,100
MA11,1988/12/09,124,152,179,200,213,217,213,205,197,192,194,204,216,229,238,239,228,205,173,141,113,094,090,092
MA11,1988/12/10,110,138,167,192,210,218,217,212,205,197,194,198,209,224,237,245,238,218,193,157,125,100,084,082
MA11,1988/12/11,093,114,144,172,195,212,218,214,206,197,191,191,196,210,226,236,236,229,205,176,146,112,092,082
MA11,1988/12/12,083,096,123,149,173,198,208,210,207,197,190,185,184,196,210,221,230,228,212,192,162,130,104,084
MA11,1988/12/13,080,086,103,125,150,174,191,201,202,197,189,181,177,183,192,207,220,224,219,206,183,158,133,109
MA11,1988/12/14,097,096,105,124,147,169,190,204,209,209,202,192,186,186,192,203,216,224,226,223,210,192,167,143
MA11,1988/12/15,126,119,122,135,151,170,192,209,217,220,215,206,196,186,184,190,197,206,214,216,213,205,189,170
MA11,1988/12/16,153,142,136,139,149,165,183,199,211,217,217,208,197,188,178,174,176,180,188,197,200,202,195,183
MA11,1988/12/17,172,161,150,151,154,162,179,192,204,212,215,209,199,186,172,160,151,150,154,160,168,177,183,183
MA11,1988/12/18,178,171,165,159,156,162,172,184,197,209,214,214,206,195,178,161,148,136,132,138,148,159,172,180
MA11,1988/12/19,186,188,184,178,175,174,177,185,194,206,215,218,216,206,189,170,150,132,119,116,120,133,150,167
MA11,1988/12/20,183,195,202,200,197,195,196,197,202,214,225,232,234,230,216,196,170,144,120,106,102,110,128,148
MA11,1988/12/21,169,190,202,206,207,204,200,196,196,206,216,224,232,234,227,214,188,157,131,106,093,093,104,124
MA11,1988/12/22,150,178,199,212,216,214,209,202,200,202,209,219,228,236,237,228,207,179,145,113,092,082,083,098
MA11,1988/12/23,122,149,177,196,208,212,208,200,194,191,196,204,216,230,238,237,227,202,168,136,105,086,078,084
MA11,1988/12/24,103,130,160,187,205,214,215,208,201,196,194,201,212,227,240,248,244,227,199,169,137,109,094,091
MA11,1988/12/25,103,125,153,181,206,220,223,218,208,202,196,194,200,215,230,242,245,235,216,188,155,125,100,088
MA11,1988/12/26,091,106,132,157,182,204,212,212,205,196,185,182,185,195,211,225,233,233,221,200,174,144,117,101
MA11,1988/12/27,097,105,124,147,171,197,208,212,209,198,188,179,176,183,197,210,223,228,224,212,193,166,144,122
MA11,1988/12/28,109,115,129,148,172,195,210,218,216,209,198,181,174,178,182,193,207,215,216,210,195,175,154,134
MA11,1988/12/29,119,115,121,135,155,177,192,204,208,200,189,177,166,160,162,170,181,191,196,198,192,180,164,148
MA11,1988/12/30,134,128,130,136,152,169,188,202,208,206,198,183,170,160,156,158,164,172,179,184,182,178,169,155
MA11,1988/12/31,144,136,134,138,147,162,178,193,201,203,198,186,172,161,154,150,151,154,159,164,169,174,170,165
