MA11,1999/01/01,166,193,215,226,229,225,216,206,200,201,209,222,235,246,251,246,229,201,167,135,110,098,100,116
MA11,1999/01/02,141,171,200,220,231,233,225,213,204,200,203,212,227,244,257,260,252,231,200,164,132,110,099,105
MA11,1999/01/03,126,154,184,211,228,235,233,222,210,201,196,199,211,227,244,254,254,240,215,182,147,117,098,094
MA11,1999/01/04,105,129,159,188,212,227,230,223,210,198,190,187,193,209,228,243,250,245,228,202,169,136,111,097
MA11,1999/01/05,098,115,141,169,196,217,225,223,213,201,189,180,180,192,209,227,240,244,235,217,191,162,135,116
MA11,1999/01/06,109,117,136,160,187,210,226,229,224,211,198,188,184,188,201,217,232,242,241,231,214,191,167,146
MA11,1999/01/07,134,136,149,168,192,217,235,243,240,231,220,208,199,197,204,216,229,239,244,242,231,215,195,174
MA11,1999/01/08,159,153,158,170,188,209,228,240,243,239,228,213,201,192,191,196,204,214,221,223,222,213,199,184
MA11,1999/01/09,170,160,158,163,174,193,211,225,233,233,226,215,201,189,182,180,183,191,199,205,209,208,202,195
MA11,1999/01/10,186,178,174,172,176,188,202,216,228,233,230,222,210,197,186,179,176,176,178,184,191,196,197,195
MA11,1999/01/11,191,187,183,180,180,186,195,206,217,225,228,224,215,204,192,180,170,164,162,164,171,179,185,190
MA11,1999/01/12,193,195,193,189,186,187,191,199,208,218,224,224,220,212,199,186,173,160,152,150,153,162,173,183
MA11,1999/01/13,193,200,202,200,197,194,193,195,201,211,221,226,227,222,212,198,181,162,147,139,139,146,158,173
MA11,1999/01/14,188,202,210,211,208,204,200,197,199,207,217,225,230,230,224,211,192,170,150,135,128,132,142,159
MA11,1999/01/15,179,198,212,219,219,215,208,201,198,201,210,220,230,238,239,230,213,190,164,143,130,125,132,147
MA11,1999/01/16,170,194,214,227,231,228,220,209,201,199,204,213,224,235,241,238,226,204,176,146,123,110,110,121
MA11,1999/01/17,142,169,194,212,222,224,216,204,193,186,186,194,205,220,231,234,226,206,178,147,120,101,094,101
MA11,1999/01/18,119,145,174,198,215,222,219,208,195,184,180,183,193,210,227,236,235,223,198,167,135,110,096,094
MA11,1999/01/19,106,131,158,185,207,219,221,213,199,185,176,174,183,201,219,234,242,237,220,193,162,133,113,105
MA11,1999/01/20,110,128,155,182,206,224,231,227,215,200,186,178,178,190,209,227,239,241,232,212,183,153,128,112
MA11,1999/01/21,109,120,140,164,190,211,223,224,216,200,185,173,168,173,187,206,223,232,230,218,196,170,144,122
MA11,1999/01/22,112,116,131,152,177,200,216,221,216,205,189,173,162,160,168,184,200,213,219,216,204,185,162,141
MA11,1999/01/23,127,124,132,148,169,193,212,222,223,216,204,187,171,162,162,170,183,197,208,212,208,196,178,160
MA11,1999/01/24,146,139,139,148,164,184,202,215,221,218,208,193,176,162,154,154,161,171,183,193,198,196,189,178
MA11,1999/01/25,168,161,158,160,171,187,203,217,226,228,224,213,197,182,169,160,159,163,173,183,193,200,201,199
MA11,1999/01/26,196,190,186,185,187,196,207,219,229,236,235,227,214,197,181,165,154,148,148,153,163,174,184,190
MA11,1999/01/27,193,194,192,189,187,188,192,201,210,218,223,224,218,207,191,173,155,139,131,130,137,150,166,183
MA11,1999/01/28,197,206,210,210,207,203,203,206,211,219,228,233,234,229,217,198,175,151,131,120,118,126,140,161
MA11,1999/01/29,182,200,212,216,214,209,203,200,201,206,215,226,233,235,230,217,195,167,140,119,107,108,119,138
MA11,1999/01/30,162,187,204,213,214,208,200,192,187,188,196,207,219,229,233,228,211,183,152,124,103,094,098,114
MA11,1999/01/31,139,167,191,208,216,214,205,193,184,179,181,191,205,221,234,237,229,209,178,143,113,093,088,096
MA11,1999/02/01,117,145,173,197,213,217,212,200,187,177,176,183,196,214,233,245,246,233,209,177,145,119,104,102
MA11,1999/02/02,116,141,171,200,221,231,230,220,205,191,183,183,192,209,227,243,252,249,232,207,176,146,124,115
MA11,1999/02/03,121,140,167,196,221,237,242,234,219,202,187,181,183,195,214,234,248,251,241,221,193,165,139,123
MA11,1999/02/04,119,130,152,177,202,221,228,224,210,190,173,161,156,161,177,196,213,223,223,212,191,165,140,120
MA11,1999/02/05,112,117,133,156,181,203,216,218,208,192,174,158,149,150,160,177,195,209,215,211,197,177,155,137
MA11,1999/02/06,125,124,133,151,173,195,210,217,211,198,181,164,150,144,147,159,173,187,196,199,194,183,168,153
MA11,1999/02/07,141,137,141,154,172,191,207,218,218,209,196,180,164,154,151,156,166,178,187,193,194,190,181,170
MA11,1999/02/08,160,156,156,162,174,190,206,217,221,215,205,191,175,161,153,151,154,160,167,175,180,182,180,174
MA11,1999/02/09,169,165,163,165,171,182,194,204,210,209,203,194,182,168,159,152,149,151,157,163,170,177,182,184
MA11,1999/02/10,184,181,180,180,181,185,193,202,208,211,210,205,194,182,169,157,147,142,139,141,148,157,165,172
MA11,1999/02/11,179,185,186,186,185,186,190,195,201,207,212,212,208,199,189,178,165,153,145,142,145,154,166,179
MA11,1999/02/12,193,204,209,211,210,207,205,205,208,213,218,222,222,217,210,196,178,161,145,135,133,138,149,165
MA11,1999/02/13,184,199,211,214,211,206,200,193,192,195,200,207,211,211,208,198,180,159,136,119,109,108,117,135
MA11,1999/02/14,156,177,195,204,206,201,191,181,175,173,179,190,201,209,213,208,192,170,144,119,102,095,098,112
MA11,1999/02/15,134,160,183,199,205,203,193,180,169,163,165,176,190,204,215,218,209,189,162,132,108,092,089,098
MA11,1999/02/16,118,146,173,194,207,210,202,187,171,159,156,162,176,194,212,223,223,208,183,153,123,101,090,092
MA11,1999/02/17,108,135,164,189,208,216,212,199,181,163,154,156,166,185,208,226,234,228,209,181,150,122,104,099
MA11,1999/02/18,108,130,159,187,210,223,224,214,196,175,160,153,157,173,196,218,233,236,227,206,178,148,124,111
MA11,1999/02/19,112,126,150,176,202,220,226,219,203,181,161,149,144,153,173,197,217,229,228,215,192,166,141,123
MA11,1999/02/20,117,125,143,167,191,211,222,221,207,187,166,147,137,138,150,171,192,209,218,215,203,184,162,143
MA11,1999/02/21,133,134,145,163,185,205,219,222,214,197,176,155,138,130,134,147,166,184,198,204,200,189,174,158
MA11,1999/02/22,146,143,148,161,179,197,211,218,215,203,186,166,146,131,126,131,143,158,173,185,191,189,182,172
MA11,1999/02/23,163,158,159,166,178,193,206,215,217,211,198,181,162,143,131,125,128,136,146,158,169,175,175,173
MA11,1999/02/24,168,165,164,166,173,183,193,201,206,206,199,189,174,156,140,129,124,123,126,136,151,165,177,184
MA11,1999/02/25,189,191,193,194,197,202,209,216,221,222,220,215,205,190,174,157,142,130,124,127,135,147,161,173
MA11,1999/02/26,183,190,192,192,190,188,187,190,193,197,203,206,206,201,189,174,157,137,123,116,117,127,143,162
MA11,1999/02/27,181,197,207,211,209,205,202,199,199,205,213,222,230,232,228,213,191,165,140,121,112,114,126,146
MA11,1999/02/28,169,189,204,211,210,201,191,184,179,178,184,195,207,216,220,215,200,176,150,125,108,103,108,123
MA11,1999/03/01,148,174,196,208,211,207,195,181,170,164,167,179,195,212,227,231,225,207,180,150,126,110,106,117
MA11,1999/03/02,139,167,193,212,221,218,206,190,174,162,159,168,182,201,221,232,232,219,195,164,134,112,100,103
MA11,1999/03/03,120,146,173,197,211,213,203,186,166,149,142,145,156,175,199,219,228,225,209,183,155,129,112,109
MA11,1999/03/04,121,143,169,194,213,221,214,198,177,155,141,138,144,160,184,207,223,227,218,199,173,148,128,118
MA11,1999/03/05,123,142,166,191,213,226,225,212,192,169,152,143,144,157,181,208,228,238,239,227,206,183,161,144
MA11,1999/03/06,142,152,168,189,209,222,226,218,198,173,152,137,132,137,153,175,195,209,215,210,196,178,160,144
MA11,1999/03/07,139,144,158,178,199,215,223,221,207,186,165,147,136,136,147,165,184,201,212,214,209,197,182,169
MA11,1999/03/08,162,162,172,187,205,221,229,230,219,201,181,163,147,140,143,154,168,183,196,202,200,194,183,172
MA11,1999/03/09,164,161,166,175,187,202,214,217,212,198,181,163,148,136,134,139,147,158,170,178,183,182,178,173
MA11,1999/03/10,167,165,166,171,181,193,202,208,208,200,188,174,159,146,141,140,143,150,159,169,178,183,186,186
MA11,1999/03/11,185,184,182,183,188,194,201,208,211,207,200,189,177,164,153,147,143,142,146,153,161,169,176,181
MA11,1999/03/12,185,187,187,185,185,186,190,192,195,195,193,188,180,168,155,144,134,127,124,126,133,142,153,163
MA11,1999/03/13,172,179,182,181,178,177,175,174,177,180,183,186,184,177,167,156,141,127,116,112,115,125,137,153
MA11,1999/03/14,169,182,189,190,187,181,175,170,169,174,182,190,195,194,190,181,165,145,129,117,113,117,130,147
MA11,1999/03/15,169,188,201,206,204,197,187,177,172,172,180,194,206,214,218,213,198,178,157,138,127,126,137,158
MA11,1999/03/16,182,207,227,235,235,228,212,197,185,179,183,197,213,227,236,235,223,202,175,148,126,115,116,129
MA11,1999/03/17,151,177,198,212,217,211,195,174,155,142,141,152,171,192,210,221,218,203,179,150,123,106,100,109
MA11,1999/03/18,129,155,180,201,212,210,196,174,151,132,125,131,148,172,198,218,226,220,202,175,146,123,110,111
MA11,1999/03/19,126,151,179,204,221,226,217,197,171,146,130,128,139,160,188,215,233,238,229,210,185,160,142,135
MA11,1999/03/20,142,161,186,210,230,241,235,217,191,161,137,126,126,140,165,193,217,230,229,217,196,171,151,138
MA11,1999/03/21,137,150,170,193,214,227,227,214,191,163,137,116,107,113,132,160,188,208,219,219,210,194,176,162
MA11,1999/03/22,159,166,181,202,224,240,245,237,218,192,165,142,126,120,126,142,163,183,199,206,204,195,181,169
MA11,1999/03/23,162,162,171,184,200,215,223,221,209,190,166,142,121,109,108,116,132,150,168,182,188,187,181,172
MA11,1999/03/24,166,165,168,176,188,201,211,214,208,196,180,160,140,124,114,114,122,134,149,165,176,183,185,183
MA11,1999/03/25,182,181,181,185,192,200,209,213,213,208,199,186,170,152,137,129,126,127,135,146,159,171,179,186
MA11,1999/03/26,190,193,193,192,194,198,204,209,211,212,211,207,198,185,172,159,147,139,139,145,155,170,183,195
MA11,1999/03/27,205,211,212,210,205,202,202,201,203,207,210,213,211,203,191,176,161,146,134,131,135,144,158,175
MA11,1999/03/28,190,202,207,205,199,191,184,179,178,182,191,200,207,210,206,197,180,157,137,126,124,129,142,160
MA11,1999/03/29,179,195,205,205,199,188,175,165,158,159,168,181,194,204,208,203,190,168,145,127,116,116,124,141
MA11,1999/03/30,164,185,200,206,201,189,173,155,142,138,143,157,174,191,203,208,201,184,160,136,119,110,112,127
MA11,1999/03/31,150,175,195,205,205,196,179,158,141,131,131,143,161,183,203,215,216,205,184,159,137,122,117,126
MA11,1999/04/01,145,170,192,207,211,203,186,162,138,123,118,125,142,166,190,211,220,216,200,178,155,137,127,131
MA11,1999/04/02,147,172,197,217,227,225,210,187,163,143,132,132,145,166,191,215,232,234,223,205,184,162,147,145
MA11,1999/04/03,154,172,195,214,225,226,215,194,167,141,124,118,124,141,164,189,208,218,216,203,185,165,148,140
MA11,1999/04/04,144,159,179,199,214,221,215,196,170,144,123,112,112,123,144,169,192,208,213,208,196,179,163,154
MA11,1999/04/05,153,163,180,199,216,226,224,211,189,164,142,126,121,126,140,163,184,200,210,211,204,191,177,166
MA11,1999/04/06,163,167,178,194,209,220,224,215,197,175,153,134,123,122,130,148,168,186,202,211,211,205,194,187
MA11,1999/04/07,184,186,192,203,216,228,235,231,219,200,180,160,146,138,139,149,163,179,193,204,209,207,201,194
MA11,1999/04/08,188,186,187,193,202,212,219,219,210,196,179,160,145,134,129,132,141,152,165,177,185,189,189,187
MA11,1999/04/09,185,183,183,186,190,196,202,204,201,193,182,168,154,142,134,131,133,139,148,158,170,180,186,190
MA11,1999/04/10,193,193,192,190,190,193,196,198,199,197,193,185,176,164,152,144,140,139,142,150,160,171,182,191
MA11,1999/04/11,198,202,201,197,193,191,190,190,192,194,196,195,191,183,172,160,149,140,137,140,147,159,173,187
MA11,1999/04/12,200,208,210,205,198,190,185,183,183,188,195,202,206,204,196,185,170,156,146,140,144,156,170,188
MA11,1999/04/13,208,221,226,225,216,203,191,182,178,183,193,206,217,224,223,216,202,183,163,149,144,147,159,178
MA11,1999/04/14,200,219,230,231,222,207,188,171,159,158,168,183,200,215,223,221,209,189,165,144,131,127,135,152
MA11,1999/04/15,174,196,213,218,213,197,174,149,130,122,127,142,165,189,207,216,214,199,176,152,133,122,123,136
MA11,1999/04/16,158,183,204,215,216,203,179,152,126,110,107,119,141,170,198,218,226,221,204,182,160,142,135,142
MA11,1999/04/17,160,183,206,223,228,219,200,170,137,112,098,099,115,143,173,201,218,221,212,194,172,153,139,138
MA11,1999/04/18,150,170,193,212,223,222,207,181,148,117,094,087,093,114,143,174,201,216,217,208,194,175,161,154
MA11,1999/04/19,159,174,194,214,229,233,225,204,174,141,114,096,092,102,125,153,182,205,216,217,210,196,181,172
MA11,1999/04/20,171,179,195,213,228,238,236,221,197,168,139,115,101,101,113,134,159,183,200,209,209,202,190,181
MA11,1999/04/21,176,177,185,198,212,224,228,220,203,180,155,130,110,100,101,113,132,153,173,188,196,196,190,182
MA11,1999/04/22,178,176,180,188,198,209,216,215,207,192,174,153,133,118,111,113,124,139,156,174,187,193,194,193
MA11,1999/04/23,190,187,187,189,194,201,209,212,210,203,193,178,161,146,133,126,127,134,145,160,175,186,192,194
MA11,1999/04/24,195,192,188,185,185,188,193,197,198,198,196,189,179,167,153,141,134,132,136,145,159,174,186,195
MA11,1999/04/25,200,201,199,194,188,184,185,187,190,195,200,203,202,196,186,173,159,149,144,145,154,167,181,194
MA11,1999/04/26,204,209,207,200,190,179,172,169,169,175,184,193,200,202,199,189,174,159,148,143,146,157,173,190
MA11,1999/04/27,206,215,216,211,198,184,170,161,157,161,172,187,200,211,214,209,197,180,162,151,147,151,164,182
MA11,1999/04/28,201,216,223,220,209,191,172,156,145,144,154,171,190,207,218,221,214,199,180,163,154,152,161,177
MA11,1999/04/29,197,215,225,226,217,199,176,153,135,128,132,147,167,189,207,216,216,206,187,169,154,146,148,161
MA11,1999/04/30,179,198,213,218,211,194,171,145,122,108,107,118,138,162,185,201,209,204,190,172,155,142,138,147
MA11,1999/05/01,163,182,199,209,208,196,175,148,121,102,095,100,116,141,168,191,205,209,200,185,169,153,144,147
MA11,1999/05/02,159,178,197,211,216,208,190,163,134,111,097,096,106,127,153,178,198,207,204,193,178,162,151,148
MA11,1999/05/03,155,170,189,205,213,212,199,175,147,122,104,097,102,119,144,170,194,210,215,212,201,186,172,165
MA11,1999/05/04,168,179,195,211,222,225,217,197,171,146,124,111,110,120,138,163,187,207,218,220,214,203,193,187
MA11,1999/05/05,188,196,209,225,239,247,244,229,205,178,156,138,128,129,140,158,179,199,212,220,218,211,201,192
MA11,1999/05/06,188,189,196,207,219,227,229,220,202,180,159,140,128,125,131,144,162,182,198,209,214,212,205,198
MA11,1999/05/07,193,190,193,200,208,217,221,217,206,190,171,153,138,129,128,134,147,163,178,193,202,205,204,201
MA11,1999/05/08,196,193,192,193,197,204,209,210,205,195,180,165,150,138,131,129,134,144,157,171,184,194,198,199
MA11,1999/05/09,198,194,190,187,187,190,194,198,198,195,189,178,167,155,145,138,137,141,148,160,174,187,197,203
MA11,1999/05/10,204,202,197,190,184,182,183,186,189,193,194,191,185,175,164,153,146,143,144,152,164,178,192,204
MA11,1999/05/11,211,211,207,197,186,177,171,169,172,178,187,193,194,190,182,169,155,144,138,139,146,159,175,190
MA11,1999/05/12,203,208,205,195,180,165,152,145,146,154,168,183,195,200,198,189,175,160,148,143,144,154,171,189
MA11,1999/05/13,205,216,218,209,193,172,152,137,131,135,150,169,190,206,214,212,201,185,169,156,152,156,168,186
MA11,1999/05/14,204,220,227,222,207,183,156,131,116,113,123,144,170,195,213,221,217,205,187,169,157,154,160,175
MA11,1999/05/15,195,214,226,228,217,196,167,135,110,097,099,115,141,171,199,218,224,220,206,189,174,164,164,175
MA11,1999/05/16,193,213,230,238,233,217,190,156,123,100,091,097,117,147,179,207,224,229,222,209,193,179,172,176
MA11,1999/05/17,189,207,226,239,241,231,208,176,140,109,089,083,094,117,147,178,204,218,221,213,200,186,175,173
MA11,1999/05/18,180,195,212,228,236,233,218,192,158,124,096,081,082,095,120,151,181,204,215,216,209,198,187,182
MA11,1999/05/19,184,194,208,224,237,241,235,218,191,160,132,110,099,102,119,144,171,197,216,224,225,219,210,202
MA11,1999/05/20,198,201,210,224,237,245,245,235,216,191,164,140,121,114,119,132,151,174,193,208,215,213,206,199
MA11,1999/05/21,192,190,193,201,211,222,226,223,214,198,177,156,136,123,118,123,135,152,170,187,199,204,202,197
MA11,1999/05/22,190,185,182,183,189,197,204,208,206,199,187,173,157,141,131,129,133,143,158,174,189,201,206,204
MA11,1999/05/23,199,192,185,181,180,183,188,193,197,197,195,188,178,166,154,144,141,145,154,167,182,197,206,209
MA11,1999/05/24,207,203,195,186,178,175,175,179,186,192,196,198,196,190,182,173,165,162,164,173,187,203,218,228
MA11,1999/05/25,233,232,224,212,199,189,184,183,187,195,204,213,217,215,208,198,187,176,170,171,179,192,207,219
MA11,1999/05/26,226,228,222,209,193,176,163,155,154,161,173,187,199,207,209,204,193,180,170,164,167,177,191,206
MA11,1999/05/27,219,226,225,215,200,182,165,151,147,152,167,185,201,216,226,225,217,206,191,181,177,180,192,207
MA11,1999/05/28,221,233,234,226,211,189,166,146,132,129,138,156,178,200,216,225,224,214,199,185,178,177,184,197
MA11,1999/05/29,213,228,235,232,219,198,173,147,127,117,120,135,157,180,202,218,223,218,206,192,181,174,176,185
MA11,1999/05/30,201,218,229,231,224,205,180,152,127,111,107,116,135,160,185,206,218,219,211,198,184,175,172,177
MA11,1999/05/31,190,208,222,230,228,214,192,163,135,113,102,105,121,143,170,195,213,221,220,210,197,186,178,178
MA11,1999/06/01,188,203,219,230,233,225,206,179,150,124,109,105,113,133,158,184,207,221,225,221,211,199,190,186
MA11,1999/06/02,191,203,218,232,238,235,222,198,170,142,121,110,111,123,144,170,194,213,222,223,216,205,195,188
MA11,1999/06/03,187,195,208,221,232,235,227,209,184,157,133,118,113,118,134,157,180,201,216,221,218,211,201,192
MA11,1999/06/04,189,192,201,213,225,231,230,219,199,174,151,131,120,119,127,145,167,188,205,214,218,216,207,198
MA11,1999/06/05,191,188,192,199,209,219,222,216,202,183,162,142,126,119,121,132,149,168,186,200,208,209,205,197
MA11,1999/06/06,189,184,183,186,193,201,208,208,203,191,175,158,142,130,128,132,142,158,175,190,203,211,212,208
MA11,1999/06/07,201,193,187,186,188,194,202,208,210,207,199,187,174,162,153,150,154,163,177,192,206,218,224,222
MA11,1999/06/08,218,210,199,190,185,185,189,195,200,203,203,198,190,179,167,159,156,158,165,176,190,204,214,218
MA11,1999/06/09,217,211,199,185,172,164,163,167,175,184,192,198,198,192,183,171,161,157,157,164,176,191,204,213
MA11,1999/06/10,216,213,201,184,166,150,140,138,144,155,171,185,195,199,197,188,177,166,161,161,169,183,198,211
MA11,1999/06/11,220,223,215,199,178,155,135,124,123,131,148,169,189,203,209,207,199,188,177,171,172,181,196,211
MA11,1999/06/12,225,233,231,218,196,169,141,119,107,109,122,146,171,195,213,221,218,208,195,184,178,180,190,205
MA11,1999/06/13,222,235,239,232,214,186,153,123,101,092,098,117,144,174,200,218,226,222,211,198,187,183,188,199
MA11,1999/06/14,215,231,241,242,231,208,177,141,109,089,083,093,115,146,178,205,221,227,222,210,198,188,185,192
MA11,1999/06/15,206,224,239,248,246,231,205,171,135,105,089,087,100,126,157,187,213,227,229,223,212,200,192,192
MA11,1999/06/16,201,217,234,248,254,248,230,201,166,132,107,095,097,114,140,170,199,221,232,232,223,211,200,194
MA11,1999/06/17,196,206,221,236,248,251,242,223,195,163,134,114,105,110,128,153,180,204,219,225,221,212,200,190
MA11,1999/06/18,186,190,200,215,228,237,236,225,205,180,152,129,114,110,118,136,160,185,205,216,219,215,205,195
MA11,1999/06/19,187,185,188,198,211,222,228,225,214,196,175,153,134,123,124,134,152,173,192,208,217,217,211,201
MA11,1999/06/20,190,184,181,184,193,204,212,216,213,204,191,175,159,145,139,140,151,168,186,203,215,219,216,209
MA11,1999/06/21,199,188,180,176,177,183,191,198,201,200,195,187,175,163,154,150,153,163,176,191,204,213,214,210
MA11,1999/06/22,202,192,180,170,166,166,171,177,184,188,191,191,187,179,171,164,161,164,172,185,198,211,218,218
MA11,1999/06/23,213,204,191,179,167,160,159,163,170,179,188,194,197,196,192,185,179,176,178,185,197,210,220,225
MA11,1999/06/24,226,220,208,193,177,165,158,156,161,171,184,198,208,213,214,210,203,197,193,193,199,210,221,230
MA11,1999/06/25,235,232,222,207,189,170,155,145,142,149,163,179,195,208,215,215,210,201,193,188,189,197,208,220
MA11,1999/06/26,229,232,227,214,195,173,151,134,125,126,138,155,176,194,208,214,213,206,196,188,184,187,196,207
MA11,1999/06/27,221,229,230,222,206,184,159,137,122,116,124,141,164,188,209,223,229,226,216,205,197,193,198,208
MA11,1999/06/28,221,234,239,236,223,202,176,149,127,114,114,126,146,171,195,213,223,222,214,202,190,184,184,191
MA11,1999/06/29,204,219,230,233,227,209,183,155,128,109,102,108,126,152,178,201,217,223,220,210,199,190,186,189
MA11,1999/06/30,201,218,233,242,242,231,210,181,153,129,117,117,130,152,179,206,227,240,242,235,222,210,202,200
MA11,1999/07/01,206,220,234,247,252,246,229,204,174,145,125,117,121,137,161,188,211,228,235,233,224,211,201,194
MA11,1999/07/02,196,206,220,235,245,246,236,217,189,161,137,123,119,128,147,170,195,215,226,229,223,213,201,191
MA11,1999/07/03,188,194,205,220,232,240,238,224,202,176,151,132,124,126,139,160,184,206,222,230,229,223,212,200
MA11,1999/07/04,193,193,198,210,224,234,238,232,216,194,171,150,136,132,138,153,173,194,212,224,229,226,216,204
MA11,1999/07/05,193,186,186,192,202,214,224,226,218,204,186,167,150,141,140,147,163,181,200,215,224,226,219,208
MA11,1999/07/06,197,186,179,178,184,194,205,211,213,207,196,183,168,156,150,151,158,172,188,203,216,222,220,212
MA11,1999/07/07,201,187,174,166,164,168,177,186,194,198,197,190,182,173,164,159,161,168,179,193,207,217,219,216
MA11,1999/07/08,208,193,177,162,151,147,151,159,170,181,190,194,193,188,180,174,171,172,178,188,202,215,223,225
MA11,1999/07/09,220,209,193,174,156,143,138,141,150,163,179,192,201,205,203,198,192,188,187,191,201,215,228,236
MA11,1999/07/10,238,233,219,199,177,156,140,132,133,144,162,182,200,213,220,220,215,207,201,200,204,213,225,236
MA11,1999/07/11,243,244,236,219,194,167,141,122,114,119,133,156,181,203,218,226,225,218,209,201,199,204,214,227
MA11,1999/07/12,240,248,247,236,215,187,155,126,107,101,108,127,154,183,208,225,231,228,219,208,200,198,204,217
MA11,1999/07/13,232,246,253,250,238,214,182,148,119,100,097,108,131,162,192,216,231,235,229,218,207,200,200,208
MA11,1999/07/14,222,240,254,260,256,240,213,179,145,118,102,103,119,144,175,204,226,236,236,227,215,203,196,197
MA11,1999/07/15,208,224,241,255,259,253,235,206,171,139,116,106,112,131,159,190,216,232,238,233,222,210,198,193
MA11,1999/07/16,197,209,226,242,253,255,245,224,195,163,135,118,114,124,145,172,199,220,231,231,223,210,195,185
MA11,1999/07/17,183,189,202,218,233,242,241,230,209,183,156,135,124,126,140,163,188,211,226,232,229,217,202,189
MA11,1999/07/18,181,180,188,201,216,229,236,232,220,201,178,157,143,137,142,158,179,201,220,231,232,226,212,197
MA11,1999/07/19,186,179,180,187,198,212,223,227,222,211,196,180,165,155,155,164,178,197,215,228,235,232,221,207
MA11,1999/07/20,192,180,174,173,179,189,199,206,208,204,196,185,173,165,161,163,172,186,201,215,225,226,221,210
MA11,1999/07/21,196,183,171,164,164,169,177,185,191,194,194,190,184,176,171,170,174,183,194,206,218,224,222,216
MA11,1999/07/22,205,191,177,166,159,158,161,168,176,184,191,195,196,193,190,187,186,188,194,204,216,225,228,226
MA11,1999/07/23,219,208,195,179,165,157,154,156,164,173,184,195,202,206,206,203,200,199,199,204,213,222,229,232
MA11,1999/07/24,230,223,211,195,177,162,151,146,149,157,170,185,198,207,212,212,207,202,198,197,202,210,218,225
MA11,1999/07/25,229,226,218,204,184,164,147,135,131,135,147,164,183,198,209,214,212,206,199,193,192,197,205,215
MA11,1999/07/26,223,227,224,213,194,172,150,131,119,118,127,144,165,187,205,216,220,215,206,197,192,192,198,209
MA11,1999/07/27,221,230,233,227,213,191,166,141,123,115,119,132,154,178,201,219,227,226,218,208,199,194,195,203
MA11,1999/07/28,217,231,238,238,228,209,182,153,129,113,110,119,138,164,191,213,226,229,223,211,199,189,186,191
MA11,1999/07/29,204,220,235,241,238,223,199,170,141,118,107,109,124,149,176,201,221,229,226,216,203,191,184,184
MA11,1999/07/30,194,210,228,241,244,237,219,192,161,134,117,111,119,138,165,193,216,229,232,225,212,196,184,179
MA11,1999/07/31,184,197,214,231,242,242,231,208,179,151,129,116,117,130,153,179,204,222,230,227,215,199,183,172
MA11,1999/08/01,171,180,196,214,229,237,233,218,194,167,142,125,119,126,143,167,191,212,225,227,219,205,188,174
MA11,1999/08/02,166,167,178,194,211,225,230,222,206,184,160,141,129,129,140,160,182,203,219,226,223,212,195,178
MA11,1999/08/03,165,159,162,173,189,206,217,219,212,197,178,160,145,139,144,157,175,195,211,222,224,216,202,185
MA11,1999/08/04,168,156,152,154,165,181,195,205,207,201,191,178,165,157,157,163,176,193,208,220,226,225,215,199
MA11,1999/08/05,183,167,154,148,152,162,174,186,195,199,197,192,185,178,174,175,182,193,205,217,226,229,224,214
MA11,1999/08/06,199,182,164,150,144,145,153,164,176,187,194,198,198,195,192,191,192,197,205,214,224,231,232,227
MA11,1999/08/07,216,202,183,163,147,138,137,141,151,165,180,192,202,206,206,204,202,201,203,208,217,226,232,233
MA11,1999/08/08,229,219,203,182,159,141,128,123,127,139,157,176,193,205,212,214,211,206,202,201,206,214,223,230
MA11,1999/08/09,235,233,223,205,182,156,134,117,112,118,134,155,178,198,213,221,221,215,206,200,199,203,211,223
MA11,1999/08/10,235,241,240,230,209,182,154,129,113,109,117,137,163,191,213,228,233,228,219,209,201,199,205,218
MA11,1999/08/11,233,247,256,254,241,217,187,155,129,115,116,129,152,182,210,231,242,241,232,219,206,198,197,206
MA11,1999/08/12,222,241,257,263,259,244,217,185,153,129,119,123,140,168,199,225,243,247,241,229,213,199,191,194
MA11,1999/08/13,207,225,245,260,266,259,241,212,179,150,130,125,135,156,184,213,235,246,244,233,217,199,186,182
MA11,1999/08/14,188,203,224,243,255,256,246,225,196,166,142,129,130,145,171,199,224,239,242,234,219,201,183,172
MA11,1999/08/15,172,183,202,222,239,249,248,234,212,186,161,144,138,145,164,189,215,234,242,239,226,207,188,173
MA11,1999/08/16,166,169,181,200,219,234,241,236,221,202,180,161,152,154,166,186,209,229,240,242,234,218,198,181
MA11,1999/08/17,170,167,173,186,203,220,231,233,226,213,197,182,170,168,174,188,208,226,239,246,242,230,212,194
MA11,1999/08/18,179,169,167,174,186,200,213,221,220,214,205,193,182,178,179,187,201,216,228,237,238,230,216,199
MA11,1999/08/19,184,171,163,162,168,178,191,200,205,207,204,198,193,189,188,192,200,210,221,230,234,232,223,210
MA11,1999/08/20,196,181,170,163,161,165,172,181,189,195,199,200,200,199,198,198,200,206,212,221,228,230,226,219
MA11,1999/08/21,208,195,182,170,162,159,161,167,174,183,193,200,205,208,210,209,209,208,210,216,223,228,229,227
MA11,1999/08/22,221,211,198,183,170,160,154,154,160,170,183,196,206,214,219,219,216,212,210,211,217,222,227,230
MA11,1999/08/23,229,223,213,198,181,166,154,147,147,154,168,184,200,214,224,226,224,218,211,208,209,213,220,228
MA11,1999/08/24,233,235,229,216,199,178,160,147,139,142,155,173,193,213,227,234,234,227,218,210,205,207,213,224
MA11,1999/08/25,236,243,244,237,220,197,172,151,136,132,140,157,179,203,224,238,241,236,224,212,202,197,201,211
MA11,1999/08/26,226,240,247,246,234,214,188,161,138,126,126,139,161,187,212,231,240,237,226,212,198,188,187,196
MA11,1999/08/27,213,232,247,252,248,233,208,179,153,134,128,135,152,177,205,228,243,245,235,220,203,188,182,186
MA11,1999/08/28,200,220,240,253,258,250,230,202,172,146,132,131,143,167,195,221,240,246,241,228,208,189,175,172
MA11,1999/08/29,182,201,224,244,256,257,245,221,192,165,146,137,143,161,187,214,236,246,245,234,214,191,172,162
MA11,1999/08/30,163,177,199,223,242,252,249,233,208,182,160,146,145,157,178,204,227,242,246,239,222,200,177,160
MA11,1999/08/31,154,160,177,200,222,239,244,238,221,200,179,162,155,161,176,199,222,239,246,245,233,212,189,168
MA11,1999/09/01,155,152,160,178,199,220,234,237,229,215,198,183,172,170,178,196,216,233,244,247,240,224,203,181
MA11,1999/09/02,161,150,149,157,173,192,210,219,220,214,205,194,185,181,183,193,208,222,233,240,237,226,209,189
MA11,1999/09/03,169,151,142,140,146,160,177,190,199,203,202,198,193,188,188,193,202,212,223,232,235,229,218,202
MA11,1999/09/04,183,166,151,141,137,142,152,165,178,189,196,200,200,200,199,200,203,207,215,222,228,230,226,217
MA11,1999/09/05,206,190,173,156,142,136,139,146,157,172,186,198,207,211,212,211,210,209,209,214,221,225,228,228
MA11,1999/09/06,224,214,199,180,161,146,136,134,139,152,171,189,204,216,222,223,220,213,208,208,211,217,225,232
MA11,1999/09/07,236,234,226,209,187,166,146,133,130,138,155,176,198,216,227,231,227,219,209,201,199,203,212,225
MA11,1999/09/08,237,244,244,234,214,190,165,143,130,129,141,162,187,211,229,238,238,228,215,202,193,190,197,210
MA11,1999/09/09,227,242,251,249,237,215,187,159,136,127,131,147,172,199,223,238,242,235,220,202,187,178,179,189
MA11,1999/09/10,208,230,247,254,250,235,211,180,153,135,129,139,160,187,213,234,243,239,225,206,186,170,165,171
MA11,1999/09/11,188,211,9999,9999,9999,9999,9999,9999,9999,9999,9999,9999,9999,9999,9999,9999,9999,9999,9999,9999,9999,9999,9999,9999
MA11,1999/09/12,9999,9999,9999,9999,9999,9999,9999,9999,9999,9999,9999,9999,9999,9999,9999,9999,9999,9999,9999,9999,9999,9999,9999,9999
MA11,1999/09/13,9999,9999,9999,9999,9999,9999,9999,9999,9999,9999,9999,9999,9999,9999,9999,9999,9999,9999,9999,9999,9999,9999,9999,9999
MA11,1999/09/14,9999,9999,9999,9999,9999,9999,9999,9999,9999,9999,9999,9999,9999,9999,9999,9999,9999,9999,9999,9999,9999,9999,9999,9999
MA11,1999/09/15,9999,9999,9999,9999,9999,9999,9999,9999,9999,9999,9999,9999,9999,9999,9999,9999,9999,9999,9999,9999,9999,9999,9999,9999
MA11,1999/09/16,9999,9999,9999,9999,9999,9999,9999,9999,9999,9999,9999,9999,9999,9999,9999,9999,9999,9999,9999,9999,9999,9999,9999,9999
MA11,1999/09/17,9999,9999,9999,9999,9999,9999,9999,9999,9999,9999,9999,9999,9999,9999,9999,9999,9999,9999,9999,9999,9999,9999,9999,9999
MA11,1999/09/18,9999,9999,9999,9999,9999,9999,9999,9999,9999,9999,9999,9999,9999,9999,9999,9999,9999,9999,9999,9999,9999,9999,9999,9999
MA11,1999/09/19,9999,9999,9999,9999,9999,9999,9999,9999,9999,9999,9999,9999,9999,9999,9999,9999,9999,9999,9999,9999,9999,9999,9999,9999
MA11,1999/09/20,9999,9999,9999,9999,9999,9999,9999,9999,9999,9999,9999,9999,9999,9999,9999,9999,221,218,216,217,220,225,227,227
MA11,1999/09/21,224,217,206,192,178,166,159,158,162,172,187,202,215,224,230,230,224,216,209,204,206,211,217,224
MA11,1999/09/22,229,228,221,208,191,174,160,151,149,156,171,189,208,224,234,237,232,221,208,199,195,198,206,218
MA11,1999/09/23,229,237,237,228,211,190,169,152,144,146,157,176,198,219,235,242,238,226,210,195,186,185,192,206
MA11,1999/09/24,224,240,247,244,231,210,185,163,146,141,148,165,188,213,234,247,249,238,219,202,188,180,183,196
MA11,1999/09/25,217,238,253,257,251,233,207,180,155,141,140,151,172,198,223,242,247,239,221,198,176,160,156,164
MA11,1999/09/26,184,210,235,250,252,241,219,191,163,144,136,142,160,184,211,233,244,240,224,200,173,150,138,139
MA11,1999/09/27,155,181,209,233,247,247,234,211,184,161,148,147,159,180,206,231,246,248,236,214,186,159,139,132
MA11,1999/09/28,140,160,187,215,237,247,243,227,205,182,165,157,161,176,199,222,240,247,241,223,197,168,142,126
MA11,1999/09/29,125,137,159,186,213,231,237,233,218,199,182,172,170,179,197,218,236,247,247,237,216,189,162,141
MA11,1999/09/30,130,133,148,171,196,219,234,238,232,220,206,195,191,193,204,221,237,248,252,246,231,209,182,158
MA11,1999/10/01,140,133,136,149,169,190,207,219,222,217,209,201,196,194,200,212,224,235,242,242,234,219,199,176
MA11,1999/10/02,157,144,139,143,154,170,188,203,214,219,220,218,215,214,217,222,230,238,246,249,248,240,228,210
MA11,1999/10/03,192,176,164,156,158,164,172,185,198,208,216,219,220,218,216,216,217,219,223,227,228,227,221,212
MA11,1999/10/04,201,186,169,155,146,144,148,157,170,184,199,210,217,219,220,218,213,210,210,211,214,218,221,220
MA11,1999/10/05,217,209,195,179,163,151,147,148,156,170,188,204,217,224,228,225,218,209,202,199,202,207,213,222
MA11,1999/10/06,228,227,220,206,187,168,153,145,147,157,173,193,212,226,233,232,223,209,197,188,185,189,200,213
MA11,1999/10/07,226,235,237,230,214,193,172,157,150,154,168,189,212,231,244,247,239,224,206,190,181,181,188,202
MA11,1999/10/08,221,237,247,247,236,216,193,172,158,154,163,181,204,226,244,253,248,233,211,189,172,164,167,179
MA11,1999/10/09,200,221,237,245,241,227,205,180,160,149,150,164,185,209,230,243,243,230,208,183,161,147,144,154
MA11,1999/10/10,172,197,221,236,241,234,216,193,170,153,148,154,171,196,219,236,240,231,212,187,161,142,134,137
MA11,1999/10/11,154,179,205,227,241,241,230,210,187,168,159,159,171,192,215,235,245,240,223,199,172,148,133,131
MA11,1999/10/12,142,163,188,213,233,241,237,222,203,184,171,166,173,188,210,231,243,243,232,209,183,157,137,127
MA11,1999/10/13,131,146,170,195,218,233,236,229,216,200,187,179,180,191,210,230,245,250,244,227,204,180,157,144
MA11,1999/10/14,142,150,167,190,212,230,239,238,229,217,204,194,191,195,207,223,237,244,244,232,211,188,165,146
MA11,1999/10/15,138,140,150,168,188,207,221,226,223,217,208,199,195,197,204,217,230,238,241,235,221,202,181,162
MA11,1999/10/16,150,147,152,164,179,196,210,220,223,221,216,209,204,203,206,214,223,230,234,233,224,210,193,176
MA11,1999/10/17,163,156,151,153,162,176,189,201,208,212,212,210,207,205,205,210,215,219,224,225,221,213,201,187
MA11,1999/10/18,173,160,151,148,151,158,169,180,191,200,205,208,210,209,207,206,205,206,208,210,209,207,200,190
MA11,1999/10/19,180,169,159,151,146,148,153,161,173,184,195,204,208,209,208,204,200,197,196,197,200,203,204,203
MA11,1999/10/20,199,192,182,171,161,155,154,160,170,183,198,211,221,227,227,224,215,205,199,196,198,203,210,215
MA11,1999/10/21,217,215,206,193,178,164,155,152,157,168,184,202,217,227,231,228,216,201,188,180,179,184,195,207
MA11,1999/10/22,217,222,219,208,193,175,158,148,146,153,169,189,209,225,234,233,221,203,185,169,162,165,177,195
MA11,1999/10/23,214,229,235,231,219,200,179,162,152,150,160,181,203,222,236,238,227,206,182,160,146,143,151,170
MA11,1999/10/24,194,217,232,237,231,214,192,171,155,149,156,173,195,218,237,245,239,220,193,165,142,131,133,148
MA11,1999/10/25,173,202,227,243,246,236,216,194,174,161,161,171,189,213,234,247,247,232,206,174,144,122,115,122
MA11,1999/10/26,143,173,204,228,242,242,230,210,189,173,166,170,184,205,228,246,251,244,223,191,157,128,111,109
MA11,1999/10/27,122,148,179,210,234,244,241,229,211,194,183,181,188,206,229,250,261,261,247,223,191,162,141,132
MA11,1999/10/28,139,161,190,220,249,268,275,271,259,242,226,216,215,224,240,256,268,271,263,244,215,184,155,133
MA11,1999/10/29,124,129,146,171,198,222,238,243,239,230,219,211,208,214,227,242,256,263,260,248,227,201,172,146
MA11,1999/10/30,130,126,132,149,170,192,211,222,226,224,218,212,207,207,214,224,234,242,245,239,227,208,185,163
MA11,1999/10/31,143,131,128,134,147,166,185,201,213,218,217,214,209,207,210,214,221,228,233,235,232,223,211,195
MA11,1999/11/01,178,164,154,151,156,166,181,198,213,226,234,237,237,238,238,238,239,240,243,245,244,240,234,225
MA11,1999/11/02,213,198,183,172,167,167,173,184,199,212,223,230,232,231,227,221,214,208,206,207,209,214,216,215
MA11,1999/11/03,211,203,191,178,166,158,157,163,174,189,204,216,223,224,222,213,201,190,183,179,182,189,200,208
MA11,1999/11/04,213,214,207,195,182,169,160,159,165,178,195,211,223,230,230,223,209,192,177,168,166,171,183,198
MA11,1999/11/05,210,219,220,212,199,182,168,159,159,168,184,203,219,231,234,228,213,192,171,156,148,150,161,177
MA11,1999/11/06,196,213,222,221,211,195,178,164,157,160,172,190,209,225,233,230,216,195,170,147,133,129,137,154
MA11,1999/11/07,178,200,216,224,222,210,193,176,163,159,165,182,201,221,235,238,229,209,184,158,137,127,131,146
MA11,1999/11/08,169,195,219,235,240,235,220,203,188,179,180,190,208,230,247,254,249,232,205,177,152,135,131,138
MA11,1999/11/09,157,184,210,231,242,243,233,218,201,187,182,186,201,221,239,252,252,239,217,188,158,136,124,125
MA11,1999/11/10,140,164,191,216,234,241,237,225,209,195,185,185,193,210,229,243,247,239,219,192,163,138,121,117
MA11,1999/11/11,125,145,171,197,219,233,235,229,217,202,190,186,190,203,221,236,244,242,228,205,177,149,128,118
MA11,1999/11/12,119,133,155,179,202,221,230,229,222,211,200,195,196,204,219,235,245,248,241,223,199,174,151,135
MA11,1999/11/13,130,137,153,174,195,215,226,230,227,217,207,200,197,199,208,218,228,233,228,216,197,174,151,133
MA11,1999/11/14,122,122,131,147,166,185,201,211,215,212,206,200,195,196,201,209,219,225,225,219,207,189,170,151
MA11,1999/11/15,137,132,134,143,158,176,193,207,215,218,217,213,210,208,210,215,221,227,230,230,224,213,200,184
MA11,1999/11/16,170,162,159,161,169,182,196,209,220,227,229,228,225,220,216,214,214,216,218,219,216,210,201,188
MA11,1999/11/17,176,165,156,152,153,158,168,181,193,203,210,212,211,208,203,198,194,190,189,193,195,197,196,191
MA11,1999/11/18,183,174,164,156,152,152,158,169,184,198,211,220,223,223,217,207,196,187,182,182,186,192,197,200
MA11,1999/11/19,199,194,185,173,162,154,152,157,168,181,196,210,218,220,216,205,191,176,164,159,161,170,184,196
MA11,1999/11/20,205,208,203,193,180,167,159,157,162,174,191,208,222,231,230,219,202,180,161,149,146,154,170,189
MA11,1999/11/21,208,221,225,221,209,193,179,170,169,175,189,208,226,238,241,232,213,187,159,137,125,126,140,162
MA11,1999/11/22,187,209,225,229,222,208,191,176,169,169,178,196,215,232,241,238,222,196,163,133,111,102,110,130
MA11,1999/11/23,158,189,214,230,233,225,210,194,180,173,177,191,209,229,244,248,238,215,183,148,117,098,095,107
MA11,1999/11/24,132,165,198,224,238,240,232,217,202,191,188,197,212,232,252,263,261,246,217,182,146,118,104,106
MA11,1999/11/25,123,151,185,218,241,253,253,244,231,217,208,209,219,234,254,270,276,268,246,212,174,139,113,102
MA11,1999/11/26,106,125,154,186,215,235,244,242,235,224,214,206,207,217,233,249,257,255,242,218,187,152,121,101
MA11,1999/11/27,095,103,124,152,181,206,222,228,226,217,207,199,198,204,217,233,247,253,248,234,212,183,155,130
MA11,1999/11/28,115,113,124,143,168,194,214,226,230,227,220,213,207,207,215,226,236,242,243,236,221,201,177,152
MA11,1999/11/29,133,123,124,132,149,170,190,207,217,220,217,211,203,199,198,202,208,214,219,219,214,204,189,171
MA11,1999/11/30,153,140,134,133,141,156,174,192,207,214,215,212,206,201,196,193,193,196,200,204,205,203,197,186
MA11,1999/12/01,173,160,148,141,141,148,159,174,188,200,207,208,204,198,189,182,177,174,175,178,182,188,191,191
MA11,1999/12/02,187,180,171,162,156,156,162,173,187,203,214,218,218,212,203,192,179,169,164,164,169,176,184,191
MA11,1999/12/03,195,194,188,180,169,162,161,166,176,190,203,213,217,214,206,193,177,161,149,144,146,155,168,182
MA11,1999/12/04,193,201,204,198,187,177,171,169,174,185,199,212,222,225,222,211,194,174,156,145,143,148,159,176
MA11,1999/12/05,193,208,217,217,209,198,187,180,178,184,197,212,225,234,234,225,207,183,159,140,130,131,141,159
MA11,1999/12/06,181,203,219,226,225,217,205,195,189,192,202,217,233,247,253,248,234,210,183,159,142,136,142,157
MA11,1999/12/07,179,203,224,237,240,235,223,210,200,194,197,208,222,237,247,246,234,212,182,153,129,114,114,126
MA11,1999/12/08,146,173,199,219,229,229,221,208,195,187,186,192,205,222,235,240,235,217,190,161,132,112,104,110
MA11,1999/12/09,128,154,183,206,224,232,230,221,209,199,194,198,209,226,242,253,253,238,214,185,153,129,115,113
MA11,1999/12/10,125,147,174,200,221,232,235,228,217,206,197,195,202,215,231,244,249,242,225,199,171,144,125,117
MA11,1999/12/11,122,139,164,190,214,232,238,234,226,215,205,200,202,211,226,240,248,246,234,212,186,158,135,121
MA11,1999/12/12,118,127,147,171,195,216,228,231,229,220,210,202,200,205,216,230,241,244,238,224,202,176,152,134
MA11,1999/12/13,124,126,138,157,179,201,218,227,231,228,220,212,207,205,210,221,231,237,237,228,212,191,168,148
MA11,1999/12/14,135,131,137,149,167,188,204,217,223,223,218,210,203,199,201,206,214,220,223,220,211,196,178,159
MA11,1999/12/15,144,136,135,142,155,172,190,205,214,218,215,209,200,193,189,190,195,200,205,207,204,197,185,171
MA11,1999/12/16,157,146,140,140,146,158,173,188,201,210,212,210,204,195,188,184,183,185,191,196,201,202,197,190
MA11,1999/12/17,181,171,164,159,158,165,176,190,204,215,221,223,219,211,200,188,179,173,172,177,185,191,196,197
MA11,1999/12/18,194,189,181,172,167,167,172,182,195,210,221,226,226,221,210,194,178,165,158,158,165,176,190,200
MA11,1999/12/19,206,207,204,195,187,181,179,183,192,205,218,228,233,230,220,203,182,160,143,136,138,149,166,185
MA11,1999/12/20,202,214,219,216,206,198,192,188,192,203,216,229,238,242,238,223,201,173,148,130,123,128,144,167
MA11,1999/12/21,192,214,228,232,227,219,208,200,198,203,213,228,243,253,254,245,223,191,158,129,111,106,117,138
MA11,1999/12/22,165,195,220,233,237,232,221,209,201,199,205,217,232,247,255,251,236,208,173,138,110,094,093,108
MA11,1999/12/23,133,165,198,221,233,236,230,219,208,202,201,208,222,239,253,258,251,230,199,161,125,098,085,088
MA11,1999/12/24,105,134,168,198,219,231,232,224,213,204,199,200,211,228,246,259,261,249,225,191,154,121,098,090
MA11,1999/12/25,097,118,149,181,209,229,238,235,226,214,204,201,206,219,236,252,260,257,242,215,181,147,118,098
MA11,1999/12/26,094,104,126,154,183,207,222,224,219,209,198,189,188,196,209,224,236,241,236,220,195,166,136,112
MA11,1999/12/27,099,099,112,133,158,183,203,213,213,207,196,184,178,179,186,199,213,223,225,219,204,183,159,137
MA11,1999/12/28,119,112,117,130,150,174,196,210,216,214,205,192,182,178,179,187,198,209,217,218,213,202,186,167
MA11,1999/12/29,151,140,137,143,157,176,195,211,220,222,217,206,194,184,179,179,184,191,199,204,206,202,193,181
MA11,1999/12/30,168,157,150,148,154,167,183,200,212,218,217,209,198,187,177,170,168,169,173,180,185,188,189,185
MA11,1999/12/31,178,170,163,158,159,166,177,190,203,213,217,215,207,196,184,172,163,159,158,162,169,176,183,189
