MA11,1974/01/01,152,144,144,152,164,179,197,210,216,214,205,190,176,164,156,154,157,165,177,184,188,188,181,171
MA11,1974/01/02,162,156,154,156,164,178,193,204,214,216,210,198,182,167,155,146,144,146,153,164,171,176,178,176
MA11,1974/01/03,170,165,162,162,164,172,184,199,207,212,212,204,192,178,161,146,134,127,129,136,145,157,166,174
MA11,1974/01/04,176,177,175,172,174,175,184,194,202,209,214,210,202,190,174,156,138,120,116,114,120,135,150,164
MA11,1974/01/05,178,189,194,194,190,190,192,195,202,212,220,223,220,214,201,182,159,133,109,102,102,114,130,150
MA11,1974/01/06,170,190,199,203,200,197,196,194,195,204,212,219,224,222,212,197,170,139,114,091,082,086,099,118
MA11,1974/01/07,146,172,192,208,210,208,202,196,194,196,203,212,222,230,232,224,204,173,140,107,084,076,078,093
MA11,1974/01/08,120,152,180,200,210,214,208,200,192,188,191,200,212,226,236,237,225,201,166,130,098,077,070,078
MA11,1974/01/09,100,131,164,191,211,220,218,208,198,191,188,191,202,220,238,248,246,230,202,167,129,100,080,074
MA11,1974/01/10,088,116,148,180,204,221,224,216,204,192,184,180,186,206,226,244,251,247,229,201,167,132,105,091
MA11,1974/01/11,093,111,140,170,198,220,228,224,214,198,182,173,170,184,204,222,238,243,236,220,192,158,131,108
MA11,1974/01/12,099,112,132,156,186,209,222,222,212,197,178,162,154,158,172,192,211,221,226,218,202,178,153,128
MA11,1974/01/13,116,116,131,150,175,203,218,223,217,204,186,165,151,147,153,167,186,202,212,214,206,192,174,154
MA11,1974/01/14,139,135,142,158,176,202,222,232,231,223,206,186,166,154,152,156,168,183,195,202,203,198,187,174
MA11,1974/01/15,162,156,156,166,178,198,216,230,234,231,216,195,176,162,150,150,154,162,172,184,191,194,189,182
MA11,1974/01/16,177,170,168,173,182,194,213,224,230,232,222,209,192,173,160,151,146,148,154,158,167,176,180,182
MA11,1974/01/17,180,180,179,178,180,190,200,211,220,226,226,217,204,190,174,160,149,142,140,144,150,160,174,182
MA11,1974/01/18,188,193,195,195,197,199,202,209,218,223,226,224,214,202,190,176,156,142,134,130,132,141,154,167
MA11,1974/01/19,179,190,200,200,200,199,198,200,206,212,221,222,220,214,206,190,172,150,131,122,118,124,136,151
MA11,1974/01/20,168,184,195,200,201,199,195,191,192,196,204,210,212,212,209,198,178,156,132,113,104,104,112,128
MA11,1974/01/21,150,169,188,198,201,198,195,188,182,185,192,203,212,220,222,217,202,180,157,131,115,110,115,131
MA11,1974/01/22,154,180,204,220,229,229,226,217,209,203,208,214,222,223,241,240,229,210,184,153,130,115,111,120
MA11,1974/01/23,139,165,190,209,223,227,222,211,200,193,192,198,208,224,236,241,237,222,197,170,140,119,110,114
MA11,1974/01/24,128,130,178,200,217,226,221,210,196,184,176,178,190,206,224,235,238,229,208,182,152,128,113,109
MA11,1974/01/25,118,142,166,192,213,224,224,215,200,186,177,170,179,193,211,230,238,236,223,200,171,145,124,114
MA11,1974/01/26,120,135,160,187,210,225,228,222,206,190,174,165,166,178,196,216,230,234,228,207,182,156,134,120
MA11,1974/01/27,117,128,150,173,195,217,224,219,207,189,170,158,152,157,172,191,209,221,220,210,191,168,146,132
MA11,1974/01/28,124,132,149,167,194,214,226,228,217,198,179,162,148,150,158,175,194,208,214,213,199,181,160,144
MA11,1974/01/29,134,134,144,160,181,199,214,218,211,196,178,159,143,136,139,150,165,180,193,196,192,181,166,151
MA11,1974/01/30,140,138,144,156,173,190,206,214,212,200,186,166,148,135,130,135,145,158,171,179,182,180,173,162
MA11,1974/01/31,153,150,153,161,173,186,202,212,213,206,193,176,156,138,129,124,126,133,143,154,164,170,170,166
MA11,1974/02/01,162,161,161,164,174,186,199,209,213,212,204,192,175,158,144,132,125,124,128,137,150,161,167,172
MA11,1974/02/02,174,176,177,178,182,188,197,205,210,214,212,204,192,175,157,142,126,114,109,112,121,134,148,162
MA11,1974/02/03,172,181,186,187,188,189,191,196,200,206,210,209,201,190,176,158,136,116,098,092,095,106,122,141
MA11,1974/02/04,160,175,187,190,191,190,187,187,189,193,200,207,212,208,200,185,160,135,110,090,083,085,098,120
MA11,1974/02/05,144,168,188,198,200,199,194,188,186,187,194,204,214,222,224,216,195,168,138,112,090,080,086,104
MA11,1974/02/06,129,160,186,202,210,210,201,191,181,176,180,192,206,219,231,230,222,200,166,133,102,082,075,082
MA11,1974/02/07,104,136,165,194,206,210,200,186,172,160,156,164,182,202,224,234,231,217,188,157,126,099,085,092
MA11,1974/02/08,110,138,173,202,222,230,223,210,190,175,168,169,178,202,226,246,257,254,238,208,178,146,124,118
MA11,1974/02/09,129,150,180,208,232,242,238,224,203,180,162,154,160,176,198,222,239,242,234,212,184,156,133,119
MA11,1974/02/10,120,134,158,188,214,230,230,219,199,173,149,137,135,142,162,185,208,224,224,215,200,178,154,138
MA11,1974/02/11,132,139,159,185,210,229,234,228,211,186,162,145,132,133,145,165,184,201,210,208,201,186,168,150
MA11,1974/02/12,142,145,157,176,196,216,227,226,214,192,170,145,126,120,123,135,153,168,182,190,189,180,169,156
MA11,1974/02/13,150,151,157,170,190,208,222,228,220,207,182,158,140,126,120,126,134,144,160,173,178,179,176,165
MA11,1974/02/14,156,155,154,160,176,190,204,212,207,200,188,169,149,136,124,123,124,130,138,146,155,162,164,164
MA11,1974/02/15,164,164,164,167,174,185,196,204,206,204,196,184,168,154,141,133,130,127,128,136,144,155,162,170
MA11,1974/02/16,176,180,184,187,190,196,203,210,214,216,213,206,195,182,168,155,142,133,127,128,134,141,150,162
MA11,1974/02/17,171,179,184,186,186,187,188,189,192,194,198,200,193,186,177,162,148,133,120,115,114,123,135,150
MA11,1974/02/18,165,180,189,193,192,190,188,184,186,190,196,202,204,202,197,184,166,148,130,113,109,112,120,138
MA11,1974/02/19,154,172,186,191,192,188,180,172,170,170,177,186,195,201,201,194,179,160,138,118,105,102,110,128
MA11,1974/02/20,148,172,192,202,204,200,193,183,176,172,178,189,202,214,222,217,207,185,160,135,116,106,107,119
MA11,1974/02/21,138,163,184,199,206,203,193,180,166,156,156,164,178,196,208,215,210,194,170,143,119,103,098,106
MA11,1974/02/22,124,148,172,192,204,206,195,180,162,150,146,151,167,188,208,222,225,216,198,172,148,130,116,119
MA11,1974/02/23,135,158,183,205,222,224,214,198,177,155,146,148,156,173,194,214,222,218,200,176,152,146,112,109
MA11,1974/02/24,118,139,164,186,206,210,204,190,166,142,129,123,128,146,169,192,210,212,202,186,163,141,122,114
MA11,1974/02/25,120,137,161,185,206,215,214,200,180,156,136,126,125,136,158,184,206,220,219,208,190,168,148,136
MA11,1974/02/26,137,147,168,191,212,226,228,218,201,172,146,128,119,124,140,161,183,200,206,200,187,168,150,136
MA11,1974/02/27,132,140,156,176,194,211,216,212,195,171,146,125,113,109,118,135,154,174,186,189,183,171,158,148
MA11,1974/02/28,141,144,154,169,187,204,210,210,197,174,152,130,109,097,097,107,123,140,155,166,170,164,157,147
MA11,1974/03/01,142,142,147,158,173,186,197,201,194,181,164,142,123,106,098,099,106,120,133,147,158,162,162,160
MA11,1974/03/02,158,159,161,168,178,188,198,204,203,197,184,167,147,127,114,104,102,106,114,124,138,149,155,160
MA11,1974/03/03,162,164,165,168,173,179,187,191,192,192,187,177,163,148,133,118,106,100,099,104,113,128,140,154
MA11,1974/03/04,166,172,178,181,183,185,186,186,192,196,196,194,189,180,166,147,130,114,102,100,104,113,131,148
MA11,1974/03/05,164,178,184,188,187,182,178,177,176,180,184,194,198,194,188,173,151,128,108,092,086,092,107,126
MA11,1974/03/06,148,168,184,188,188,182,172,162,158,159,168,182,194,204,206,200,183,158,134,110,093,088,098,118
MA11,1974/03/07,144,170,190,203,204,195,184,167,154,153,158,169,189,206,216,221,213,192,160,131,107,094,094,106
MA11,1974/03/08,129,156,181,197,203,194,178,159,138,124,124,133,152,175,194,209,212,197,174,142,114,095,084,088
MA11,1974/03/09,112,137,165,186,194,190,176,151,128,108,098,103,117,140,169,192,206,207,191,165,140,119,104,104
MA11,1974/03/10,117,145,172,196,216,217,206,187,161,134,120,113,123,144,170,197,214,222,219,198,176,153,132,123
MA11,1974/03/11,130,146,173,198,214,222,213,193,166,135,114,105,103,116,140,164,186,203,206,200,185,165,146,136
MA11,1974/03/12,136,149,169,190,211,219,215,202,177,146,121,102,094,098,118,141,167,184,194,194,185,170,153,142
MA11,1974/03/13,139,144,159,179,200,211,214,207,187,160,134,110,095,093,100,118,140,158,172,180,177,168,159,149
MA11,1974/03/14,144,146,154,167,186,200,207,204,190,170,148,124,106,097,096,106,122,136,151,162,166,166,161,153
MA11,1974/03/15,150,152,156,165,180,191,200,202,194,180,160,144,127,111,102,105,115,123,136,146,155,158,158,158
MA11,1974/03/16,158,158,158,162,172,185,192,196,196,187,176,162,147,133,124,120,120,126,133,142,152,161,165,170
MA11,1974/03/17,172,175,178,178,179,187,192,196,196,192,188,180,168,154,142,132,126,123,125,128,135,145,153,163
MA11,1974/03/18,171,178,178,178,178,179,180,180,183,184,184,183,180,170,160,149,137,126,121,120,124,134,146,157
MA11,1974/03/19,169,178,184,182,180,176,172,170,172,176,181,186,188,184,178,169,154,139,126,119,120,124,136,152
MA11,1974/03/20,168,184,192,193,189,182,174,167,162,163,172,180,188,195,192,186,169,152,135,122,116,116,126,140
MA11,1974/03/21,160,178,189,194,192,181,170,158,148,145,154,165,180,193,200,197,187,168,147,129,117,116,124,140
MA11,1974/03/22,161,182,200,208,208,198,182,166,154,150,156,171,188,203,218,224,221,205,183,158,142,130,134,147
MA11,1974/03/23,164,186,204,212,214,205,182,162,140,127,129,139,159,182,199,213,214,202,182,161,142,129,124,129
MA11,1974/03/24,148,170,192,205,211,204,185,160,135,118,111,116,136,161,185,205,212,208,194,170,150,132,122,126
MA11,1974/03/25,141,163,186,201,210,206,190,164,136,112,097,098,110,134,160,188,202,206,198,179,159,142,128,123
MA11,1974/03/26,134,153,175,195,208,207,194,172,142,115,096,086,091,112,136,166,188,202,202,190,171,156,139,134
MA11,1974/03/27,139,154,172,193,208,214,205,184,159,130,106,090,089,098,122,152,176,196,203,198,188,173,160,154
MA11,1974/03/28,155,164,182,198,214,224,221,206,182,154,126,104,095,096,108,131,156,176,191,195,189,181,170,160
MA11,1974/03/29,158,162,174,189,202,212,214,206,187,163,138,113,096,089,092,107,126,146,164,176,180,176,169,163
MA11,1974/03/30,160,162,169,180,192,206,211,210,200,180,161,139,119,104,100,103,114,130,148,163,173,178,178,177
MA11,1974/03/31,176,176,178,184,194,202,212,214,209,200,186,168,150,132,120,116,119,124,137,152,166,178,185,189
MA11,1974/04/01,191,192,194,194,198,204,212,216,216,214,209,200,185,170,155,140,133,132,134,143,154,168,180,188
MA11,1974/04/02,196,197,194,190,188,186,187,188,191,194,196,197,196,184,168,154,136,123,118,119,127,140,157,172
MA11,1974/04/03,184,190,192,188,180,171,164,162,164,169,178,186,191,193,184,171,154,132,118,110,110,121,138,158
MA11,1974/04/04,177,190,194,190,180,166,153,143,140,145,158,174,189,200,203,198,182,162,142,124,119,122,136,158
MA11,1974/04/05,180,196,207,207,196,180,164,145,136,134,144,160,181,199,212,214,205,185,162,140,125,121,127,144
MA11,1974/04/06,166,189,202,204,196,179,154,130,110,100,106,120,144,168,190,203,204,194,174,150,134,122,124,138
MA11,1974/04/07,158,184,203,211,209,193,170,142,113,097,094,102,122,149,178,202,212,208,197,177,156,141,135,139
MA11,1974/04/08,162,183,204,217,218,208,186,156,124,100,088,087,100,125,150,180,198,202,197,180,164,146,134,133
MA11,1974/04/09,144,164,186,203,213,208,189,162,131,104,086,077,086,102,128,156,182,196,200,194,182,166,153,148
MA11,1974/04/10,154,171,192,211,223,226,216,194,166,138,112,099,095,106,127,154,177,197,208,206,198,184,169,163
MA11,1974/04/11,165,175,189,205,218,224,220,204,178,150,124,104,096,097,108,131,153,171,184,190,190,182,169,164
MA11,1974/04/12,162,164,176,190,203,214,218,207,186,163,138,118,104,099,104,120,136,151,168,177,178,176,170,163
MA11,1974/04/13,158,160,164,175,186,198,204,200,186,168,147,130,111,102,102,110,124,138,153,167,175,177,176,175
MA11,1974/04/14,172,173,177,182,190,199,204,210,204,192,180,164,146,137,132,128,132,140,148,160,172,178,179,178
MA11,1974/04/15,176,173,172,168,172,179,184,186,186,182,172,162,148,136,126,120,120,122,129,139,151,161,169,174
MA11,1974/04/16,177,175,173,172,170,170,173,176,179,180,180,176,170,162,153,144,138,135,136,144,154,164,174,184
MA11,1974/04/17,190,190,188,182,174,166,163,162,162,168,172,174,175,172,163,154,142,132,125,127,133,144,156,168
MA11,1974/04/18,182,187,186,182,168,157,150,146,146,153,163,176,184,186,184,176,163,152,142,136,140,148,160,176
MA11,1974/04/19,190,197,200,194,180,164,151,138,132,138,150,166,178,188,194,189,177,164,147,136,134,136,146,163
MA11,1974/04/20,180,194,200,196,185,166,144,126,115,115,128,144,162,180,193,196,191,174,156,144,133,130,140,154
MA11,1974/04/21,174,193,202,204,193,174,152,128,109,105,112,128,151,174,198,211,211,205,191,175,162,153,154,168
MA11,1974/04/22,186,205,218,218,210,192,168,140,115,101,100,111,134,159,184,205,212,206,195,178,164,151,148,158
MA11,1974/04/23,175,194,209,219,218,203,178,148,118,094,088,090,105,134,162,188,204,206,200,186,168,156,147,148
MA11,1974/04/24,162,180,195,210,212,203,182,154,118,090,074,068,077,100,128,160,184,197,197,189,176,162,152,150
MA11,1974/04/25,159,173,191,206,214,212,198,171,140,108,083,068,067,083,108,138,164,186,195,195,189,178,168,164
MA11,1974/04/26,167,175,193,210,221,226,220,201,175,145,118,100,090,093,109,134,162,185,200,206,204,198,188,180
MA11,1974/04/27,180,185,195,209,220,230,229,218,200,174,146,119,100,095,099,113,134,156,175,188,194,192,186,179
MA11,1974/04/28,174,174,180,188,200,210,215,214,200,180,159,137,116,105,101,104,120,139,157,176,190,194,194,192
MA11,1974/04/29,188,186,186,188,199,207,216,222,219,210,195,176,156,136,123,119,123,132,144,159,174,186,191,193
MA11,1974/04/30,190,184,178,176,175,180,186,192,194,192,188,179,168,153,139,128,123,125,132,144,162,178,189,196
MA11,1974/05/01,198,194,188,180,174,172,174,176,182,188,194,197,194,184,173,158,146,139,134,140,155,168,182,194
MA11,1974/05/02,200,196,189,176,163,152,148,146,149,158,170,180,189,192,185,175,162,148,138,138,145,157,174,187
MA11,1974/05/03,198,201,195,182,166,148,137,129,125,132,147,164,180,192,195,188,178,164,151,144,145,153,166,184
MA11,1974/05/04,199,206,206,196,180,158,137,121,113,115,129,149,170,191,204,208,204,192,176,162,157,159,170,185
MA11,1974/05/05,204,216,220,216,198,176,152,127,112,107,113,130,152,178,200,212,214,206,192,176,164,160,162,175
MA11,1974/05/06,192,208,218,216,205,184,155,125,102,086,086,100,120,148,174,196,206,203,196,181,167,157,155,162
MA11,1974/05/07,177,197,210,214,210,192,166,134,106,084,076,080,096,122,150,176,193,201,198,189,175,163,158,159
MA11,1974/05/08,172,189,205,216,217,206,186,156,126,099,081,077,089,110,137,164,186,201,204,200,192,178,171,168
MA11,1974/05/09,173,190,206,218,228,226,209,185,156,128,106,096,096,111,132,158,183,202,211,212,206,196,186,182
MA11,1974/05/10,182,193,208,222,231,232,222,203,177,148,122,106,100,104,122,141,164,186,197,202,198,190,181,171
MA11,1974/05/11,168,174,184,196,206,212,210,194,173,147,123,102,090,090,100,116,138,158,172,180,183,179,170,163
MA11,1974/05/12,158,158,166,176,184,194,198,188,174,154,131,112,097,090,095,104,121,139,156,168,175,174,170,164
MA11,1974/05/13,160,156,157,162,169,178,186,186,176,164,147,130,116,106,103,108,117,133,147,162,171,176,176,172
MA11,1974/05/14,166,162,158,156,161,167,174,179,177,171,160,148,136,126,120,120,124,134,146,160,174,184,188,180
MA11,1974/05/15,164,9999,9999,9999,9999,9999,9999,9999,9999,9999,9999,9999,9999,9999,9999,140,139,143,153,164,177,188,194,196
MA11,1974/05/16,196,191,180,172,162,158,158,162,167,172,176,176,172,166,160,153,144,140,141,152,163,174,184,189
MA11,1974/05/17,191,189,178,166,152,143,136,136,142,150,162,170,176,176,172,165,156,149,144,148,156,167,181,191
MA11,1974/05/18,196,196,189,176,159,142,128,122,123,132,146,162,174,183,184,179,172,161,153,151,155,164,177,190
MA11,1974/05/19,200,204,199,184,164,144,125,109,104,109,123,144,164,180,190,191,184,175,166,158,155,160,173,186
MA11,1974/05/20,199,208,208,197,179,154,130,108,093,096,106,126,133,176,194,204,202,198,187,176,170,170,176,190
MA11,1974/05/21,208,221,227,222,204,180,151,118,098,087,090,108,133,159,188,206,213,211,200,190,180,174,176,188
MA11,1974/05/22,201,218,229,228,219,198,167,136,106,085,081,090,109,140,170,197,213,218,214,205,193,183,179,186
MA11,1974/05/23,197,213,229,235,233,218,192,160,126,098,080,080,096,119,148,180,204,218,220,214,203,192,185,184
MA11,1974/05/24,193,207,222,232,236,231,211,181,145,112,088,078,080,098,125,154,184,206,215,215,208,196,187,181
MA11,1974/05/25,184,194,208,222,231,231,220,197,166,136,104,085,077,082,099,124,151,178,196,203,200,192,180,172
MA11,1974/05/26,170,176,186,200,212,222,220,209,188,160,130,106,092,088,095,116,138,165,187,201,206,202,194,186
MA11,1974/05/27,180,177,181,191,204,216,223,220,208,188,164,142,124,111,107,117,134,154,176,193,204,205,199,190
MA11,1974/05/28,182,174,171,174,182,192,202,204,202,195,181,162,146,130,122,122,130,144,162,180,194,200,198,192
MA11,1974/05/29,184,171,162,158,160,165,172,181,186,186,184,177,163,150,138,132,135,141,153,170,186,197,202,198
MA11,1974/05/30,190,178,164,154,147,144,148,156,164,172,179,181,178,170,161,152,149,149,156,168,182,197,207,208
MA11,1974/05/31,205,196,179,163,150,140,137,139,146,158,172,184,191,194,191,183,176,172,172,177,190,203,217,226
MA11,1974/06/01,226,222,208,190,170,152,140,134,136,147,160,178,193,203,206,204,198,188,182,182,187,197,212,222
MA11,1974/06/02,228,228,218,199,179,154,136,122,116,122,136,155,175,192,206,210,206,198,188,181,182,186,200,210
MA11,1974/06/03,222,227,221,210,191,165,139,118,104,101,113,130,152,177,196,208,212,205,196,185,179,179,186,199
MA11,1974/06/04,214,224,226,218,202,178,149,123,100,090,092,106,126,153,178,197,206,206,200,190,179,174,177,185
MA11,1974/06/05,200,215,223,224,212,194,168,136,108,092,086,094,112,138,164,187,204,210,207,196,188,179,176,181
MA11,1974/06/06,195,211,225,234,232,216,191,163,134,110,097,096,108,130,158,184,206,218,220,213,203,194,186,184
MA11,1974/06/07,191,205,221,233,237,228,209,184,151,124,104,098,101,115,140,168,186,204,210,207,200,190,180,174
MA11,1974/06/08,155,187,202,216,224,224,212,190,164,137,112,098,098,105,124,146,172,195,206,206,201,192,182,174
MA11,1974/06/09,171,176,189,200,213,219,214,200,177,152,129,110,100,106,119,139,163,184,198,206,203,196,186,176
MA11,1974/06/10,168,170,175,186,200,211,212,205,187,164,144,124,112,109,115,132,152,172,190,201,203,202,191,180
MA11,1974/06/11,171,168,167,175,187,195,203,202,194,179,161,146,132,123,124,134,152,171,187,200,206,208,201,190
MA11,1974/06/12,180,172,166,168,174,185,195,196,193,186,171,156,142,131,9999,9999,9999,9999,9999,9999,9999,9999,9999,9999
MA11,1974/06/13,9999,9999,9999,9999,9999,9999,9999,9999,9999,9999,9999,9999,9999,9999,9999,9999,9999,9999,9999,9999,9999,9999,9999,9999
MA11,1974/06/14,9999,9999,9999,9999,9999,9999,9999,9999,9999,9999,9999,9999,9999,9999,9999,9999,9999,9999,9999,9999,9999,9999,9999,9999
MA11,1974/06/15,9999,9999,9999,9999,9999,9999,9999,9999,9999,9999,9999,9999,9999,9999,9999,9999,9999,9999,9999,9999,9999,9999,9999,9999
MA11,1974/06/16,9999,9999,9999,9999,9999,9999,9999,9999,9999,9999,9999,9999,9999,9999,9999,9999,9999,9999,9999,9999,9999,9999,9999,9999
MA11,1974/06/17,9999,9999,9999,9999,9999,9999,9999,9999,9999,9999,9999,9999,9999,9999,9999,9999,9999,9999,9999,9999,9999,9999,9999,9999
MA11,1974/06/18,9999,9999,9999,9999,9999,9999,9999,9999,9999,9999,9999,9999,9999,9999,9999,9999,9999,9999,9999,9999,9999,9999,9999,9999
MA11,1974/06/19,9999,9999,9999,9999,9999,9999,9999,9999,9999,9999,9999,9999,9999,9999,9999,9999,9999,9999,9999,9999,9999,9999,9999,9999
MA11,1974/06/20,9999,9999,9999,9999,9999,9999,9999,9999,9999,9999,9999,9999,9999,9999,9999,9999,9999,9999,9999,9999,9999,9999,9999,9999
MA11,1974/06/21,9999,9999,9999,9999,9999,9999,9999,9999,9999,9999,9999,9999,9999,9999,9999,9999,9999,9999,9999,9999,9999,9999,9999,9999
MA11,1974/06/22,9999,9999,9999,9999,9999,9999,9999,9999,9999,9999,9999,9999,9999,9999,9999,9999,9999,9999,9999,9999,9999,9999,9999,9999
MA11,1974/06/23,9999,9999,9999,9999,9999,9999,9999,9999,9999,9999,9999,9999,9999,9999,9999,9999,9999,9999,9999,9999,9999,9999,9999,9999
MA11,1974/06/24,9999,9999,9999,9999,9999,9999,9999,9999,9999,9999,9999,9999,9999,9999,9999,9999,9999,9999,9999,9999,9999,9999,9999,9999
MA11,1974/06/25,9999,9999,9999,9999,9999,9999,9999,9999,9999,9999,9999,9999,136,127,128,140,158,184,204,218,222,217,202,187
MA11,1974/06/26,173,163,159,163,174,188,200,206,206,198,184,168,152,139,136,140,156,174,192,208,216,216,207,192
MA11,1974/06/27,178,163,152,146,150,160,173,183,190,192,189,180,172,160,153,153,160,175,192,209,220,225,221,212
MA11,1974/06/28,196,181,166,154,150,152,160,170,180,190,195,196,192,188,182,178,178,185,196,208,220,228,229,224
MA11,1974/06/29,211,197,179,161,146,141,140,145,154,164,177,187,190,192,191,188,186,185,190,198,208,220,224,222
MA11,1974/06/30,218,205,188,168,150,134,126,124,130,140,152,166,180,188,193,193,190,186,185,186,196,206,216,222
MA11,1974/07/01,225,218,205,186,165,142,128,119,114,122,135,154,172,187,198,205,202,198,192,190,192,198,209,218
MA11,1974/07/02,225,225,218,200,179,156,134,116,106,106,115,134,153,175,193,203,205,202,194,188,186,186,195,206
MA11,1974/07/03,215,224,223,213,198,174,146,124,105,098,102,118,142,163,184,202,209,209,202,194,189,185,188,199
MA11,1974/07/04,212,226,232,228,215,194,169,142,117,102,100,110,128,152,177,198,212,213,210,200,190,183,182,186
MA11,1974/07/05,200,214,228,231,225,210,186,157,130,108,097,100,113,136,164,186,205,214,212,202,190,178,173,173
MA11,1974/07/06,184,200,215,226,227,218,196,170,140,114,100,094,098,120,144,167,191,204,206,200,188,174,164,160
MA11,1974/07/07,167,180,195,210,219,217,202,179,154,125,105,097,098,114,136,160,186,204,212,209,198,187,176,165
MA11,1974/07/08,166,176,192,210,224,228,223,204,182,156,134,119,114,124,142,166,190,212,221,222,216,204,190,179
MA11,1974/07/09,172,175,187,202,217,228,229,218,200,176,154,136,128,132,142,164,188,206,222,228,223,212,199,184
MA11,1974/07/10,174,173,176,192,208,222,225,224,212,194,176,158,146,143,150,164,184,204,220,229,227,218,203,188
MA11,1974/07/11,176,169,168,176,188,202,215,216,210,198,184,170,158,152,156,166,184,201,216,228,230,226,214,200
MA11,1974/07/12,184,174,166,164,172,183,195,204,204,200,192,180,170,164,162,166,176,192,206,217,224,223,210,198
MA11,1974/07/13,183,167,154,147,148,152,163,174,181,186,186,180,174,168,165,166,174,184,196,209,217,221,217,204
MA11,1974/07/14,191,175,159,147,138,137,143,151,163,173,179,184,186,184,183,184,186,191,199,207,219,227,226,220
MA11,1974/07/15,212,197,180,160,148,139,136,141,152,166,179,190,197,202,205,205,205,206,208,214,222,230,235,235
MA11,1974/07/16,230,219,202,180,158,140,128,126,128,140,157,175,191,203,210,213,210,207,204,204,207,215,223,229
MA11,1974/07/17,231,226,214,196,170,146,125,108,103,110,124,145,170,193,202,215,214,209,204,198,196,199,208,216
MA11,1974/07/18,227,233,227,215,192,166,135,110,093,089,097,116,144,171,196,212,218,218,209,200,194,193,198,209
MA11,1974/07/19,222,234,240,237,220,195,162,131,104,088,087,100,122,154,185,207,220,224,217,207,196,188,187,194
MA11,1974/07/20,210,228,242,244,239,222,192,158,124,097,086,088,103,132,162,192,214,221,216,205,192,182,174,172
MA11,1974/07/21,184,206,221,236,240,231,210,181,147,113,091,085,090,112,142,172,200,213,214,206,193,177,162,156
MA11,1974/07/22,159,174,195,216,231,234,226,204,174,142,117,101,098,112,138,167,196,218,226,222,210,192,175,160
MA11,1974/07/23,156,164,181,203,222,236,240,226,206,180,154,133,126,126,142,169,194,218,230,230,220,202,180,160
MA11,1974/07/24,149,148,155,172,190,208,219,218,208,190,169,148,136,132,140,157,182,205,221,227,222,210,189,167
MA11,1974/07/25,151,140,140,150,164,184,198,206,203,196,183,169,157,151,151,161,181,201,219,230,230,220,204,182
MA11,1974/07/26,162,150,140,138,148,161,176,188,192,192,190,184,174,168,168,171,185,202,215,227,232,228,218,201
MA11,1974/07/27,182,164,149,141,141,146,156,167,176,184,188,187,187,184,182,183,188,198,210,221,232,234,226,213
MA11,1974/07/28,198,181,164,150,140,140,142,150,159,171,180,186,190,192,192,192,192,196,204,213,222,226,225,220
MA11,1974/07/29,212,199,182,163,148,138,134,136,140,152,162,176,186,190,194,196,195,194,195,199,208,216,220,221
MA11,1974/07/30,219,209,197,180,160,144,132,124,125,134,146,162,178,190,201,205,201,200,196,194,197,202,209,216
MA11,1974/07/31,219,216,210,194,176,156,136,121,116,116,127,144,163,182,197,205,207,204,195,190,188,191,198,206
MA11,1974/08/01,218,225,222,212,195,174,150,130,112,110,116,130,152,175,194,207,210,207,200,192,186,184,187,197
MA11,1974/08/02,212,223,228,225,212,192,166,140,120,108,107,119,141,164,188,206,214,213,206,194,184,176,173,183
MA11,1974/08/03,198,213,226,230,222,206,182,156,129,113,104,111,130,135,180,204,217,215,210,197,184,173,167,170
MA11,1974/08/04,183,202,219,230,230,221,200,174,144,122,111,111,124,145,172,198,216,221,215,204,190,176,167,165
MA11,1974/08/05,175,192,210,228,236,231,214,192,164,140,124,116,124,144,169,192,215,224,223,214,199,183,169,162
MA11,1974/08/06,166,181,200,219,233,236,227,208,184,159,140,130,131,146,171,194,219,234,235,228,213,194,177,162
MA11,1974/08/07,159,169,185,205,225,235,234,222,201,179,159,144,142,149,167,188,209,228,236,230,217,200,180,163
MA11,1974/08/08,155,157,170,187,206,221,228,222,206,188,170,156,148,152,164,185,208,225,233,232,218,202,183,164
MA11,1974/08/09,152,148,152,166,182,199,211,214,206,194,180,166,158,154,165,181,199,215,228,230,224,211,192,173
MA11,1974/08/10,157,146,144,149,162,177,193,200,202,197,187,177,169,166,170,182,196,210,223,230,227,217,200,182
MA11,1974/08/11,165,150,142,141,146,158,174,184,191,194,191,187,182,179,180,187,198,207,219,228,232,226,214,200
MA11,1974/08/12,182,166,150,140,138,142,150,164,177,186,192,192,192,192,192,195,201,208,214,224,229,227,223,213
MA11,1974/08/13,200,184,166,150,136,132,132,142,155,168,182,192,197,202,204,204,204,206,211,217,223,228,229,226
MA11,1974/08/14,219,206,189,168,148,134,128,126,133,148,164,180,196,208,216,217,216,211,208,210,214,221,228,231
MA11,1974/08/15,234,229,215,196,172,150,132,118,118,128,143,164,187,206,219,225,225,220,210,205,206,210,221,231
MA11,1974/08/16,241,244,237,224,202,174,147,123,112,112,124,144,170,194,216,227,229,222,210,199,192,190,198,212
MA11,1974/08/17,229,242,249,242,226,202,170,141,118,105,109,125,150,180,207,226,233,230,215,200,188,180,183,192
MA11,1974/08/18,211,232,247,253,246,230,200,167,136,116,108,114,137,164,192,218,232,232,219,201,183,170,160,165
MA11,1974/08/19,185,207,230,247,252,246,224,192,162,134,116,116,129,154,184,212,232,236,228,210,188,167,152,150
MA11,1974/08/20,158,179,202,225,242,246,238,217,192,162,141,134,140,159,183,210,236,244,242,228,207,180,157,146
MA11,1974/08/21,146,159,183,206,228,245,247,232,212,190,169,154,152,162,188,214,239,253,252,242,223,197,170,151
MA11,1974/08/22,140,145,161,181,202,222,232,228,217,200,183,170,162,165,181,203,226,241,248,246,228,206,182,158
MA11,1974/08/23,142,138,144,160,178,197,212,217,214,205,194,182,176,173,182,199,218,234,246,248,239,220,197,175
MA11,1974/08/24,156,144,140,147,160,176,190,201,207,203,198,193,187,186,190,199,213,228,238,244,242,230,212,193
MA11,1974/08/25,174,160,150,148,152,162,174,185,194,198,197,196,195,196,199,203,211,220,231,238,240,233,221,208
MA11,1974/08/26,191,172,159,150,143,146,152,159,167,175,180,184,189,192,192,195,199,204,214,218,220,220,212,204
MA11,1974/08/27,193,176,161,147,135,130,129,133,142,152,162,173,180,186,190,190,190,189,189,194,202,205,207,207
MA11,1974/08/28,202,193,180,165,150,138,130,129,131,140,152,166,179,190,196,198,195,190,188,187,189,194,200,206
MA11,1974/08/29,210,206,199,185,166,149,135,124,120,126,138,156,174,186,197,204,203,196,187,182,181,181,188,202
MA11,1974/08/30,210,215,213,203,190,170,149,132,122,122,132,148,168,190,204,213,215,207,195,186,178,175,184,196
MA11,1974/08/31,210,224,228,226,212,192,172,148,132,125,130,145,166,188,208,223,224,216,203,189,178,170,171,184
MA11,1974/09/01,200,217,230,233,225,210,187,160,140,126,124,136,154,178,202,220,227,222,207,191,176,162,156,166
MA11,1974/09/02,184,204,225,238,237,226,207,182,158,140,135,139,155,180,204,225,238,236,222,204,184,165,154,156
MA11,1974/09/03,170,192,215,232,239,235,218,196,172,151,140,138,150,172,196,220,236,236,228,209,186,164,151,145
MA11,1974/09/04,153,174,197,218,233,237,225,208,185,161,146,141,149,166,190,213,232,237,232,217,194,169,150,138
MA11,1974/09/05,141,158,179,203,224,234,235,220,200,180,165,156,156,170,190,214,232,240,238,225,203,176,156,140
MA11,1974/09/06,132,140,157,179,201,220,225,218,205,188,170,159,156,162,180,199,217,229,232,224,204,182,159,138
MA11,1974/09/07,128,128,137,157,178,199,210,213,207,193,181,170,166,170,180,198,216,226,234,231,218,198,174,150
MA11,1974/09/08,135,129,131,141,161,181,196,208,207,201,194,185,179,180,185,196,210,222,229,231,224,206,187,164
MA11,1974/09/09,144,133,126,130,142,156,172,187,193,196,194,191,188,188,190,196,206,216,225,232,233,223,208,191
MA11,1974/09/10,172,156,144,136,138,147,158,172,183,193,198,200,200,200,200,203,208,214,221,226,230,226,218,205
MA11,1974/09/11,192,176,157,144,135,132,137,147,159,173,186,196,201,202,202,203,204,204,204,210,214,218,216,212
MA11,1974/09/12,203,190,175,157,138,128,123,123,134,148,165,182,194,202,205,204,200,194,190,191,194,198,206,211
MA11,1974/09/13,211,208,196,178,156,137,120,112,111,123,142,162,181,198,206,207,202,191,182,176,174,177,188,202
MA11,1974/09/14,212,218,217,203,185,159,136,118,108,112,128,151,174,196,211,216,212,198,184,168,163,164,174,190
MA11,1974/09/15,210,226,235,232,218,196,170,144,124,118,126,145,170,197,217,227,225,210,189,170,154,145,149,164
MA11,1974/09/16,186,210,227,234,231,215,189,162,138,123,122,134,154,184,210,225,229,216,194,170,146,130,124,133
MA11,1974/09/17,155,182,207,226,234,229,210,185,160,139,130,136,152,178,206,225,233,227,207,182,156,130,118,120
MA11,1974/09/18,130,156,184,211,227,230,224,203,180,156,143,139,152,174,199,225,238,237,223,198,170,140,120,112
MA11,1974/09/19,117,136,162,190,214,229,228,216,198,180,163,157,159,174,198,220,239,242,233,212,184,152,126,110
MA11,1974/09/20,106,116,137,160,186,206,212,209,200,187,171,162,160,169,187,209,227,237,233,218,194,167,140,120
MA11,1974/09/21,109,110,120,140,164,184,198,204,200,192,182,172,165,168,178,195,213,224,229,223,207,183,159,138
MA11,1974/09/22,120,114,118,127,143,160,177,188,192,189,183,176,172,170,176,187,200,213,219,219,210,194,174,154
MA11,1974/09/23,138,124,120,121,130,144,157,169,179,182,182,180,179,178,180,186,195,204,210,214,210,201,188,173
MA11,1974/09/24,156,142,132,129,131,138,147,159,170,178,183,188,188,189,190,191,197,201,208,216,218,216,210,201
MA11,1974/09/25,193,180,167,157,150,150,154,160,169,179,190,198,202,205,206,206,204,200,198,202,206,207,206,203
MA11,1974/09/26,197,188,176,163,151,144,140,142,148,158,171,184,192,199,201,199,194,188,182,181,184,188,194,198
MA11,1974/09/27,201,199,192,180,165,151,142,138,140,149,163,179,192,204,207,208,200,189,180,173,171,176,185,196
MA11,1974/09/28,207,212,211,200,186,173,158,147,144,150,163,180,200,214,224,226,218,202,187,176,169,170,180,195
MA11,1974/09/29,208,220,224,219,207,189,170,155,144,144,156,172,192,211,223,229,224,206,188,172,158,154,163,176
MA11,1974/09/30,197,216,227,229,222,205,186,164,148,146,151,166,188,209,226,233,228,213,192,170,152,142,144,158
MA11,1974/10/01,182,203,225,231,231,221,198,178,160,148,147,160,179,200,223,234,234,220,197,174,150,132,128,139
MA11,1974/10/02,157,185,212,229,236,230,214,194,173,156,153,160,175,198,220,234,239,228,206,180,154,132,121,123
MA11,1974/10/03,141,167,194,220,235,236,225,209,189,172,164,167,177,196,219,239,247,240,222,198,169,142,125,121
MA11,1974/10/04,129,151,181,209,230,240,234,222,206,187,176,174,179,193,216,234,245,244,233,211,183,154,129,118
MA11,1974/10/05,118,129,154,182,206,224,230,224,212,198,184,178,178,185,204,222,236,240,233,215,190,162,137,118
MA11,1974/10/06,111,114,131,156,180,204,217,218,212,201,190,184,180,184,200,217,230,237,237,226,206,182,154,132
MA11,1974/10/07,118,114,120,135,157,182,197,206,207,201,195,189,184,184,193,205,216,226,231,226,214,193,172,149
MA11,1974/10/08,132,122,120,126,141,160,178,194,204,207,204,200,199,198,200,207,217,225,232,232,226,216,199,180
MA11,1974/10/09,162,146,138,134,136,148,164,180,194,205,208,208,206,202,201,203,207,211,217,220,222,218,209,196
MA11,1974/10/10,180,166,152,140,135,136,142,154,170,184,196,202,202,202,200,196,192,191,192,198,202,203,203,201
MA11,1974/10/11,193,184,168,150,138,130,126,135,147,162,179,193,200,204,202,198,190,181,175,176,179,187,195,204
MA11,1974/10/12,208,205,194,178,163,146,136,136,139,155,173,190,206,214,216,211,198,182,170,163,162,169,183,196
MA11,1974/10/13,209,217,216,206,190,168,151,138,133,142,157,178,200,213,218,215,200,182,162,147,138,142,156,176
MA11,1974/10/14,196,214,223,222,210,190,169,150,138,140,152,170,194,211,222,223,207,185,160,136,122,118,126,144
MA11,1974/10/15,169,195,217,227,224,212,191,168,151,144,148,166,188,208,227,229,220,199,170,142,117,104,106,117
MA11,1974/10/16,140,172,199,218,226,220,204,187,166,152,151,161,178,201,224,233,232,213,185,154,123,102,094,097
MA11,1974/10/17,116,123,172,200,218,220,214,198,180,164,156,157,172,193,214,231,233,224,200,171,140,112,094,093
MA11,1974/10/18,101,124,155,181,206,220,219,211,198,180,171,170,175,194,216,234,244,240,221,198,167,136,116,103
MA11,1974/10/19,104,119,142,170,194,214,223,219,207,194,183,176,175,186,203,221,234,238,230,208,184,156,129,111
MA11,1974/10/20,103,109,126,148,171,191,204,209,206,196,189,182,178,183,196,212,225,233,230,216,197,173,146,126
MA11,1974/10/21,112,108,116,132,152,172,184,192,195,192,184,180,175,174,181,192,201,210,214,208,195,176,154,136
MA11,1974/10/22,120,114,115,123,138,154,171,183,191,192,190,188,184,180,184,190,198,206,213,214,210,200,187,172
MA11,1974/10/23,159,150,144,148,157,168,182,194,206,209,210,209,206,202,200,198,201,206,209,210,209,203,194,180
MA11,1974/10/24,166,157,148,142,141,146,153,164,176,184,191,194,193,190,186,185,180,178,180,183,186,189,187,182
MA11,1974/10/25,176,166,158,150,142,140,146,154,165,177,186,195,200,197,195,191,182,174,170,170,175,182,187,190
MA11,1974/10/26,190,188,181,171,162,156,151,152,161,172,185,198,205,208,206,196,186,172,162,159,162,168,179,190
MA11,1974/10/27,197,200,196,190,176,166,156,154,157,168,182,198,212,218,218,209,195,180,165,154,154,163,176,191
MA11,1974/10/28,206,220,224,218,208,195,179,170,169,173,184,202,214,224,228,220,206,187,165,149,142,140,154,172
MA11,1974/10/29,189,211,221,220,214,198,182,171,162,162,174,189,206,221,229,226,212,189,162,140,122,120,129,147
MA11,1974/10/30,174,199,217,224,222,212,196,181,171,166,172,187,205,222,235,240,228,204,180,152,129,122,121,136
MA11,1974/10/31,162,188,215,232,236,230,216,201,189,178,179,192,205,221,240,246,242,222,191,160,130,113,106,116
MA11,1974/11/01,138,166,196,218,231,229,219,202,188,177,172,180,194,210,230,237,230,215,188,154,123,099,086,087
MA11,1974/11/02,102,130,159,184,205,214,210,199,186,170,164,166,174,192,210,222,226,215,192,164,133,104,086,078
MA11,1974/11/03,084,106,130,159,187,204,208,202,193,182,172,170,172,187,206,221,229,226,211,189,159,130,106,090
MA11,1974/11/04,088,100,121,148,174,196,208,211,205,195,187,182,180,188,204,218,228,232,224,206,180,152,124,102
MA11,1974/11/05,094,095,104,123,148,172,190,200,200,194,186,180,176,177,188,198,209,217,216,209,194,173,148,124
MA11,1974/11/06,108,102,104,116,136,157,175,193,197,198,194,188,183,181,186,194,202,210,216,214,206,194,176,156
MA11,1974/11/07,139,126,119,119,132,147,164,183,194,200,202,199,192,186,185,184,187,192,198,202,201,200,192,177
MA11,1974/11/08,163,149,137,133,133,138,153,170,184,197,205,204,200,196,189,182,180,176,179,185,190,196,196,194
MA11,1974/11/09,190,180,165,154,150,148,152,165,181,194,207,216,214,210,202,189,178,169,163,167,174,184,194,200
MA11,1974/11/10,204,203,194,181,168,158,156,162,173,189,204,215,219,215,207,194,173,157,144,138,142,152,166,184
MA11,1974/11/11,200,206,206,197,185,171,160,156,161,173,190,208,218,223,218,207,188,161,144,130,123,130,145,163
MA11,1974/11/12,187,206,213,214,206,211,178,166,164,171,184,202,219,229,231,222,200,174,147,124,114,114,123,146
MA11,1974/11/13,171,194,214,220,218,212,196,183,178,176,182,197,212,226,232,226,211,182,152,124,100,091,095,109
MA11,1974/11/14,136,164,190,211,218,216,204,188,176,168,170,184,196,215,230,230,219,198,166,133,104,086,078,088
MA11,1974/11/15,109,138,169,192,208,213,207,196,184,170,168,174,187,204,221,228,226,208,180,149,116,092,076,074
MA11,1974/11/16,089,113,142,169,192,201,202,196,185,171,163,162,170,189,206,220,224,214,196,166,134,106,086,077
MA11,1974/11/17,082,102,126,154,179,196,202,200,192,182,172,167,170,182,203,219,229,228,216,194,167,140,117,104
MA11,1974/11/18,105,116,139,164,193,224,237,238,231,216,207,200,195,203,217,229,246,248,239,226,199,171,146,124
MA11,1974/11/19,115,118,126,146,166,186,200,210,206,201,194,185,180,180,188,199,213,220,220,211,192,171,146,125
MA11,1974/11/20,115,110,114,130,146,166,184,196,199,197,191,185,179,176,178,187,196,205,210,209,198,186,168,149
MA11,1974/11/21,137,130,131,138,150,166,185,200,208,212,209,204,197,192,188,190,195,202,208,210,208,200,185,173
MA11,1974/11/22,158,148,145,144,149,162,175,190,201,206,206,203,196,189,184,178,176,176,179,184,187,188,185,176
MA11,1974/11/23,165,156,149,146,146,152,164,176,186,196,201,200,194,186,178,168,162,158,159,164,171,177,182,184
MA11,1974/11/24,180,174,168,163,161,164,169,178,189,200,210,213,211,206,197,186,174,158,152,151,154,164,174,180
MA11,1974/11/25,184,183,178,170,164,159,159,161,169,181,192,200,202,198,189,176,158,142,130,122,126,137,149,165
MA11,1974/11/26,176,183,184,181,172,166,162,162,168,176,188,201,208,207,202,188,168,145,125,112,109,115,130,150
MA11,1974/11/27,169,184,195,192,188,180,170,164,165,168,180,195,205,212,212,200,180,154,126,108,097,098,110,131
MA11,1974/11/28,154,178,196,204,202,196,186,176,170,171,178,191,207,219,223,218,200,171,143,116,096,089,094,114
MA11,1974/11/29,122,172,198,211,218,215,205,196,186,182,186,196,210,224,235,235,223,198,164,132,104,088,084,095
MA11,1974/11/30,120,149,178,203,216,218,213,200,190,184,180,186,200,215,230,236,228,208,178,143,110,087,074,078
MA11,1974/12/01,095,119,154,183,204,215,212,204,192,182,177,177,188,204,219,233,232,220,196,165,132,099,078,071
MA11,1974/12/02,077,097,128,156,186,206,212,209,200,188,182,178,183,196,212,230,241,238,222,197,164,132,106,088
MA11,1974/12/03,084,094,118,146,176,200,214,218,212,201,191,183,181,189,204,220,233,237,232,217,195,167,137,114
MA11,1974/12/04,104,106,118,138,165,189,211,222,220,212,201,191,184,184,191,204,217,225,226,220,203,182,159,133
MA11,1974/12/05,116,111,114,126,148,173,194,210,215,212,204,192,182,177,178,185,195,208,216,216,211,201,182,161
MA11,1974/12/06,144,127,122,129,142,160,182,199,208,211,207,197,188,176,169,170,177,182,191,197,200,200,191,181
MA11,1974/12/07,168,155,146,143,147,161,176,192,207,217,215,206,194,179,168,160,156,156,161,169,179,186,186,185
MA11,1974/12/08,180,170,162,154,151,158,167,180,197,207,210,209,200,187,174,160,147,140,138,141,151,164,172,180
MA11,1974/12/09,182,182,180,169,163,164,166,173,184,196,206,211,207,196,183,164,147,131,120,120,124,135,150,166
MA11,1974/12/10,178,187,190,188,179,174,172,172,180,192,206,215,218,214,203,188,166,144,125,116,116,125,140,159
MA11,1974/12/11,179,196,206,208,203,196,190,184,182,194,204,213,224,226,219,205,180,154,129,107,100,100,109,130
MA11,1974/12/12,155,176,197,206,206,203,195,185,180,182,191,202,214,224,224,214,198,168,137,111,093,084,091,106
MA11,1974/12/13,130,157,183,199,206,205,200,191,180,176,182,190,206,223,233,229,217,194,167,136,111,097,094,105
MA11,1974/12/14,127,158,188,210,228,234,230,220,208,200,200,205,214,229,245,251,243,221,193,160,132,108,096,095
MA11,1974/12/15,110,136,163,187,208,217,216,208,198,186,179,179,186,204,221,232,233,222,200,170,139,111,093,088
MA11,1974/12/16,094,113,142,168,189,206,211,206,196,184,173,167,171,182,201,216,224,220,205,180,152,123,100,088
MA11,1974/12/17,088,102,125,150,172,194,202,202,194,183,170,161,161,168,184,200,213,216,209,190,166,139,112,096
MA11,1974/12/18,091,097,118,139,161,186,200,205,203,194,182,173,168,188,180,199,212,220,222,212,194,172,150,131
MA11,1974/12/19,120,119,132,148,167,190,204,214,213,208,196,182,172,170,172,183,197,206,210,208,195,178,160,140
MA11,1974/12/20,126,123,125,136,156,175,194,208,211,208,198,186,175,165,164,170,181,192,198,200,198,190,174,160
MA11,1974/12/21,147,141,138,141,149,162,175,188,199,203,200,193,186,175,162,154,156,164,173,178,179,177,167,156
MA11,1974/12/22,147,140,135,138,147,160,174,188,198,202,200,194,180,169,158,150,147,148,154,160,166,171,171,166
MA11,1974/12/23,161,156,152,150,154,161,172,184,194,201,202,196,186,174,160,148,138,132,133,137,146,156,162,165
MA11,1974/12/24,167,167,165,160,160,165,174,182,192,203,206,207,202,194,182,166,151,141,134,134,143,153,164,175
MA11,1974/12/25,184,191,192,189,184,183,183,187,194,204,213,214,211,202,191,176,155,134,121,114,114,123,136,153
MA11,1974/12/26,166,181,188,186,183,178,172,170,175,184,193,199,205,204,196,179,154,129,108,090,082,091,104,122
MA11,1974/12/27,147,168,182,188,188,184,178,172,170,175,184,193,202,208,206,196,174,148,119,092,078,076,085,104
MA11,1974/12/28,129,158,183,194,200,199,192,183,176,175,183,193,204,217,222,216,200,173,138,108,082,068,067,078
MA11,1974/12/29,103,136,164,186,200,204,198,188,178,171,171,179,192,207,221,227,218,197,164,130,098,078,065,066
MA11,1974/12/30,086,116,149,180,202,213,212,200,189,178,173,176,187,203,223,236,238,225,200,165,129,100,076,068
MA11,1974/12/31,078,101,131,163,192,210,216,209,194,183,172,166,171,185,205,225,232,229,214,189,156,121,093,077
