MA11,2019/01/01,253,253,249,243,239,240,243,250,261,273,282,284,281,274,261,245,228,211,201,199,203,211,225,239
MA11,2019/01/02,252,260,264,260,255,252,250,251,259,270,279,287,290,287,279,263,241,220,202,191,189,195,208,226
MA11,2019/01/03,246,262,272,274,271,266,259,255,257,264,272,283,292,295,291,279,257,232,208,188,178,178,187,205
MA11,2019/01/04,229,251,267,275,275,272,264,255,251,253,260,271,284,293,295,288,271,246,218,193,176,169,173,189
MA11,2019/01/05,215,242,264,282,290,287,279,270,262,259,262,272,285,298,306,306,294,271,242,211,187,171,166,177
MA11,2019/01/06,198,223,250,271,283,286,281,270,260,254,251,257,270,285,299,305,299,280,254,225,196,175,164,166
MA11,2019/01/07,182,206,234,259,277,285,284,275,264,254,247,248,257,272,289,300,300,289,267,238,209,183,165,160
MA11,2019/01/08,171,193,219,245,268,283,286,282,272,259,250,246,251,264,282,296,302,297,282,258,229,202,180,170
MA11,2019/01/09,173,187,209,235,260,277,284,281,271,260,247,238,239,247,263,279,288,290,281,261,237,210,185,169
MA11,2019/01/10,166,174,192,215,240,262,275,277,273,263,251,242,238,242,255,273,286,292,290,279,259,234,210,192
MA11,2019/01/11,182,183,197,216,239,259,274,282,279,269,257,244,236,235,241,253,265,274,276,269,254,235,214,195
MA11,2019/01/12,183,180,187,202,222,243,260,270,274,269,259,247,236,230,232,240,251,262,267,267,261,248,230,213
MA11,2019/01/13,200,193,194,203,218,236,253,266,272,271,263,252,240,230,226,229,236,244,251,256,257,251,240,227
MA11,2019/01/14,217,209,206,209,219,233,248,262,270,271,268,258,245,233,224,220,220,223,229,236,242,244,240,233
MA11,2019/01/15,226,220,215,215,220,230,242,255,265,272,272,267,258,246,236,228,223,221,223,229,237,244,247,248
MA11,2019/01/16,247,244,240,237,237,241,248,259,269,276,280,279,273,261,247,232,218,207,202,204,212,224,235,244
MA11,2019/01/17,252,256,255,253,251,251,256,263,271,281,289,292,289,281,268,250,231,213,199,194,197,208,222,237
MA11,2019/01/18,250,261,267,266,262,258,254,253,258,267,276,282,286,284,276,259,236,211,189,175,171,177,192,212
MA11,2019/01/19,234,255,268,273,271,267,260,254,253,257,266,277,284,288,284,272,250,222,192,167,154,152,162,182
MA11,2019/01/20,210,240,264,278,284,284,277,268,263,262,269,281,294,305,311,307,290,264,231,197,171,156,155,168
MA11,2019/01/21,192,224,254,276,288,291,284,272,261,256,257,264,277,292,304,308,301,281,250,215,181,156,145,149
MA11,2019/01/22,168,198,231,259,280,291,290,280,267,256,249,252,263,279,297,308,310,299,275,242,205,172,150,142
MA11,2019/01/23,150,173,204,236,263,281,287,281,269,255,245,241,247,263,284,303,314,313,299,273,239,204,176,157
MA11,2019/01/24,155,170,195,224,253,276,288,287,276,262,246,233,229,238,254,273,290,298,295,280,256,226,196,173
MA11,2019/01/25,162,165,182,206,234,261,278,282,277,264,247,233,224,225,236,253,270,285,291,286,273,252,227,205
MA11,2019/01/26,190,187,197,215,238,263,284,294,293,283,268,252,237,230,233,243,256,271,281,285,281,269,251,232
MA11,2019/01/27,216,207,208,217,233,254,273,286,289,283,270,252,235,222,216,218,226,236,248,256,260,258,249,237
MA11,2019/01/28,225,217,214,217,228,245,263,278,286,287,281,268,251,235,224,219,220,223,230,240,249,255,255,252
MA11,2019/01/29,246,240,235,233,239,252,264,275,284,287,283,274,259,242,229,216,208,206,208,214,223,232,238,243
MA11,2019/01/30,244,244,242,239,239,244,250,260,269,276,278,274,265,253,238,223,210,200,195,196,203,214,227,238
MA11,2019/01/31,248,255,259,259,259,260,262,267,272,278,285,289,286,277,265,249,231,215,202,195,196,204,217,233
MA11,2019/02/01,248,261,269,272,270,266,262,260,261,267,275,280,282,279,272,259,240,217,196,182,176,180,190,205
MA11,2019/02/02,224,244,260,269,270,266,259,253,249,250,256,266,274,279,278,270,254,230,205,184,170,167,172,186
MA11,2019/02/03,208,232,251,264,270,269,262,253,246,243,248,257,268,279,286,283,272,252,226,200,180,169,171,184
MA11,2019/02/04,206,233,259,278,289,291,283,271,259,249,246,253,264,278,290,292,283,266,239,208,182,163,156,160
MA11,2019/02/05,176,201,228,249,263,268,263,251,238,226,221,225,236,252,269,281,281,269,248,220,191,168,155,153
MA11,2019/02/06,167,189,215,242,261,271,271,262,248,235,227,227,236,252,271,288,295,291,275,249,221,195,177,170
MA11,2019/02/07,175,194,220,245,268,284,287,281,268,251,239,235,237,251,271,290,303,304,292,270,243,215,191,179
MA11,2019/02/08,179,192,212,235,258,275,281,278,266,248,233,223,218,225,241,259,275,283,280,266,244,219,196,179
MA11,2019/02/09,175,183,200,223,247,265,277,278,268,252,236,222,216,218,230,249,268,279,283,275,259,239,218,200
MA11,2019/02/10,192,195,207,225,247,266,279,282,276,262,244,228,216,211,217,230,245,259,267,266,257,242,224,207
MA11,2019/02/11,195,193,200,213,231,249,263,270,269,258,243,227,212,202,202,211,224,239,252,258,258,251,240,227
MA11,2019/02/12,215,209,209,216,230,247,261,270,272,265,254,239,222,208,202,201,207,217,228,238,243,243,238,230
MA11,2019/02/13,222,218,218,221,230,241,253,262,267,264,257,245,230,216,205,198,197,201,208,218,228,234,237,236
MA11,2019/02/14,233,232,231,231,235,242,251,260,265,265,261,253,241,226,211,198,188,183,185,191,202,213,222,228
MA11,2019/02/15,233,236,237,236,237,240,244,251,257,261,262,260,253,241,226,209,193,181,174,174,183,197,212,227
MA11,2019/02/16,242,253,258,260,259,257,256,257,261,267,272,277,278,271,260,244,222,199,182,172,170,179,195,214
MA11,2019/02/17,235,253,264,269,268,264,259,254,253,255,262,271,277,277,272,259,235,208,182,160,149,150,162,182
MA11,2019/02/18,207,233,253,264,268,264,254,245,239,237,244,255,267,276,281,275,257,230,198,168,145,134,137,153
MA11,2019/02/19,178,209,237,256,266,266,257,245,232,226,229,240,255,273,288,293,286,266,236,202,172,152,145,153
MA11,2019/02/20,174,205,237,262,278,282,275,260,243,228,223,228,242,261,282,297,300,289,265,231,196,167,148,144
MA11,2019/02/21,159,184,214,244,267,278,275,261,241,221,208,206,213,230,253,275,288,289,277,251,219,188,163,150
MA11,2019/02/22,153,171,198,227,252,269,271,260,240,216,198,189,191,204,227,251,272,282,280,266,244,216,190,172
MA11,2019/02/23,168,179,200,227,254,274,282,277,260,237,215,199,192,195,211,233,255,270,276,270,255,234,210,189
MA11,2019/02/24,179,181,195,216,240,261,273,272,260,239,215,194,181,177,185,202,222,240,253,258,253,241,225,209
MA11,2019/02/25,199,198,205,221,241,261,276,281,274,258,238,215,196,186,185,194,208,224,237,245,247,242,234,223
MA11,2019/02/26,214,209,211,219,234,251,265,272,270,260,244,226,207,193,184,184,191,200,211,222,230,233,231,228
MA11,2019/02/27,224,221,220,224,232,244,254,263,266,261,251,237,221,205,194,186,184,187,194,202,211,219,224,226
MA11,2019/02/28,228,229,230,231,235,242,251,258,262,264,260,252,241,227,215,204,196,192,192,196,204,213,222,231
MA11,2019/03/01,238,244,246,246,246,247,248,252,255,257,258,257,251,242,232,220,207,194,185,182,185,193,204,218
MA11,2019/03/02,231,241,248,249,247,245,242,241,243,247,252,257,257,253,246,234,217,199,184,175,172,178,189,205
MA11,2019/03/03,223,239,250,255,254,249,242,236,234,237,244,253,261,265,264,257,241,222,201,184,174,175,183,198
MA11,2019/03/04,220,242,258,268,270,265,257,247,239,238,244,255,268,278,283,283,271,251,227,203,187,180,183,196
MA11,2019/03/05,216,238,258,270,274,269,257,242,229,221,222,230,243,259,270,274,266,248,223,197,175,160,158,167
MA11,2019/03/06,187,212,236,254,264,263,252,237,221,209,207,214,229,248,266,278,279,267,245,218,193,175,168,173
MA11,2019/03/07,189,213,239,262,275,279,272,256,238,223,215,219,231,250,273,289,295,289,271,247,220,197,183,182
MA11,2019/03/08,192,213,237,259,276,282,275,259,236,214,201,198,205,222,243,264,277,278,267,246,220,195,176,168
MA11,2019/03/09,174,191,214,237,256,267,265,251,230,207,190,182,184,197,220,244,263,272,268,253,232,208,189,178
MA11,2019/03/10,179,191,212,235,257,271,273,263,244,221,201,188,184,191,209,233,255,268,271,264,249,230,212,200
MA11,2019/03/11,198,208,226,248,270,287,295,290,276,256,237,221,212,216,229,249,269,286,295,295,285,269,251,236
MA11,2019/03/12,228,230,239,255,273,288,296,293,281,262,239,219,203,196,201,215,233,251,264,271,270,261,249,238
MA11,2019/03/13,230,230,236,247,262,277,287,290,283,268,250,230,211,200,195,201,214,228,240,251,256,254,249,243
MA11,2019/03/14,237,234,237,244,254,266,275,278,273,262,247,230,211,194,184,182,187,196,208,221,234,240,242,242
MA11,2019/03/15,240,239,238,241,247,255,263,268,269,264,256,244,228,211,197,188,184,185,191,202,216,229,238,245
MA11,2019/03/16,250,252,253,253,255,258,263,268,271,271,269,264,254,240,224,209,195,186,181,183,193,206,220,235
MA11,2019/03/17,247,254,257,257,255,253,252,253,256,259,262,265,263,255,244,227,207,188,173,167,170,179,196,215
MA11,2019/03/18,234,249,258,259,256,250,241,236,234,237,246,255,262,264,259,247,227,203,179,163,156,160,175,197
MA11,2019/03/19,222,245,261,267,266,258,246,234,228,228,235,249,264,276,280,276,261,236,208,182,164,157,164,182
MA11,2019/03/20,209,236,257,270,271,262,247,231,215,208,212,226,244,263,278,285,279,259,231,201,175,160,158,171
MA11,2019/03/21,195,224,252,271,278,273,259,238,218,205,203,212,231,256,280,298,304,296,275,248,219,195,183,187
MA11,2019/03/22,203,229,256,279,293,292,279,257,230,208,195,194,207,230,257,281,294,295,282,260,232,205,187,182
MA11,2019/03/23,191,212,239,264,281,286,277,256,228,201,182,175,180,198,224,251,274,284,283,270,248,225,205,194
MA11,2019/03/24,197,212,235,260,281,291,288,272,245,215,189,173,169,177,197,223,248,265,272,267,254,236,217,204
MA11,2019/03/25,202,210,228,249,268,282,285,275,253,225,200,180,168,168,181,203,226,246,260,264,258,247,233,221
MA11,2019/03/26,214,217,228,244,263,278,284,280,265,243,219,197,182,175,181,197,215,233,250,258,259,255,246,237
MA11,2019/03/27,232,230,236,247,261,275,284,283,273,257,235,214,196,184,182,190,202,216,232,245,253,257,256,252
MA11,2019/03/28,248,245,247,252,261,273,281,283,280,269,254,236,217,202,192,190,194,202,211,222,232,238,242,244
MA11,2019/03/29,245,245,246,247,251,257,263,267,266,262,254,244,231,218,207,200,196,197,201,207,217,227,236,243
MA11,2019/03/30,249,252,252,252,251,251,253,256,257,258,258,253,247,238,228,218,209,204,202,203,209,223,235,247
MA11,2019/03/31,258,266,269,270,265,260,259,258,258,262,265,267,267,262,252,241,228,215,206,202,203,210,222,237
MA11,2019/04/01,251,263,269,268,262,253,245,239,236,239,246,254,260,262,259,250,236,219,203,193,190,194,206,223
MA11,2019/04/02,241,257,268,270,265,255,242,231,224,224,232,244,256,265,268,263,251,232,212,196,186,185,193,210
MA11,2019/04/03,231,251,266,272,269,258,243,226,214,209,215,229,245,261,270,271,263,247,224,204,188,181,186,200
MA11,2019/04/04,221,244,263,273,273,264,248,227,210,201,202,214,233,253,270,280,280,268,247,226,206,195,193,203
MA11,2019/04/05,222,246,267,282,286,279,263,241,219,204,200,208,226,249,272,289,295,289,272,251,228,209,200,205
MA11,2019/04/06,221,243,265,282,289,285,270,247,220,198,187,187,201,223,249,271,285,285,273,256,235,215,203,202
MA11,2019/04/07,211,231,254,273,284,285,274,253,226,202,185,180,189,210,236,262,282,290,286,272,253,233,218,213
MA11,2019/04/08,218,234,255,274,289,293,286,267,241,213,192,180,181,195,218,245,268,283,287,281,267,249,232,224
MA11,2019/04/09,225,234,251,270,284,291,288,272,248,221,196,178,171,176,193,218,242,262,273,274,267,254,239,229
MA11,2019/04/10,227,232,245,261,278,288,289,280,260,234,209,188,174,172,182,201,224,246,263,273,273,267,258,251
MA11,2019/04/11,249,250,258,270,284,294,299,294,279,258,234,211,193,182,181,190,207,226,244,257,264,264,258,252
MA11,2019/04/12,248,247,249,256,265,276,282,281,272,258,240,220,200,185,177,178,185,198,214,230,242,248,250,250
MA11,2019/04/13,249,247,247,249,254,260,266,268,265,258,247,233,216,199,186,178,176,179,188,202,217,230,239,246
MA11,2019/04/14,249,250,249,248,249,251,254,257,259,259,256,250,240,228,213,200,190,184,185,194,208,223,238,252
MA11,2019/04/15,262,268,270,268,263,259,256,256,258,263,268,270,268,261,249,232,215,199,189,188,194,206,222,240
MA11,2019/04/16,254,263,266,262,252,242,233,228,227,232,241,252,260,264,260,248,230,209,190,178,177,185,201,222
MA11,2019/04/17,244,261,270,269,259,245,230,216,210,212,222,239,256,269,276,273,259,238,214,195,185,185,197,218
MA11,2019/04/18,242,264,278,281,272,257,235,214,199,195,202,219,240,262,279,286,280,262,239,215,197,189,193,210
MA11,2019/04/19,235,259,278,286,280,264,241,214,191,180,181,193,215,242,266,282,287,279,261,238,216,200,195,204
MA11,2019/04/20,223,248,270,283,284,272,249,220,191,170,163,169,186,212,242,266,282,283,273,255,233,215,205,207
MA11,2019/04/21,222,244,267,284,291,284,266,238,205,178,162,158,169,192,220,249,271,282,281,270,254,236,223,219
MA11,2019/04/22,227,245,266,284,294,293,280,255,224,193,170,158,159,174,197,224,249,266,273,269,259,243,228,220
MA11,2019/04/23,221,231,248,266,280,285,278,259,232,202,176,158,151,158,176,199,223,244,257,261,258,248,237,228
MA11,2019/04/24,225,230,243,258,272,281,282,269,247,222,197,176,164,162,171,190,211,231,248,258,261,257,249,243
MA11,2019/04/25,241,242,249,261,273,283,288,282,267,248,226,205,189,180,181,191,207,223,238,251,258,260,257,253
MA11,2019/04/26,250,248,250,257,266,274,282,282,273,260,244,226,209,197,192,194,202,214,228,241,252,258,260,260
MA11,2019/04/27,259,258,257,256,259,265,270,271,268,261,251,238,224,212,202,197,198,203,211,221,232,241,247,251
MA11,2019/04/28,253,252,249,246,243,242,244,245,245,243,240,234,225,215,204,195,189,188,190,197,208,219,230,238
MA11,2019/04/29,243,246,244,239,233,229,226,226,228,232,236,236,234,228,219,210,201,193,190,193,201,213,226,239
MA11,2019/04/30,250,255,255,251,242,233,226,222,222,228,236,245,249,249,245,236,225,214,205,202,206,215,229,246
MA11,2019/05/01,260,270,273,268,258,246,234,225,222,227,238,252,264,272,274,268,257,242,227,218,216,221,233,249
MA11,2019/05/02,267,280,286,282,271,255,238,221,211,211,220,235,251,265,273,271,262,247,229,214,206,207,215,231
MA11,2019/05/03,250,268,278,279,268,251,230,208,191,186,192,208,229,250,265,271,268,256,238,221,209,203,208,221
MA11,2019/05/04,240,259,272,277,270,253,229,204,182,170,171,185,206,232,254,269,273,265,250,232,216,206,206,215
MA11,2019/05/05,232,253,270,278,275,262,237,208,181,161,155,163,183,210,238,260,272,273,263,248,231,218,212,216
MA11,2019/05/06,230,250,268,282,285,275,254,225,195,171,157,157,171,196,226,254,273,282,280,268,253,239,228,227
MA11,2019/05/07,236,252,272,287,294,289,272,246,214,184,163,155,160,178,205,234,259,275,280,274,262,249,238,233
MA11,2019/05/08,237,250,267,282,293,294,283,261,232,201,176,160,157,168,189,216,243,266,277,279,273,262,251,244
MA11,2019/05/09,242,250,263,277,290,296,291,276,252,224,196,175,163,163,175,196,222,246,263,272,273,268,260,252
MA11,2019/05/10,249,252,259,270,282,290,290,281,263,240,214,191,174,165,167,179,197,218,238,253,261,263,259,253
MA11,2019/05/11,250,249,251,257,266,275,280,278,268,252,233,213,194,180,173,176,185,201,220,237,251,258,260,258
MA11,2019/05/12,255,252,250,251,255,261,266,268,265,257,246,231,214,198,185,178,178,185,197,213,229,243,252,255
MA11,2019/05/13,255,252,246,242,240,241,244,247,249,250,248,242,232,219,204,191,183,181,186,198,214,231,244,254
MA11,2019/05/14,259,257,252,244,236,230,227,229,233,240,246,250,249,244,232,218,205,194,190,194,206,222,239,254
MA11,2019/05/15,263,266,261,251,237,224,215,210,212,220,232,245,254,257,254,243,228,212,201,197,202,215,233,251
MA11,2019/05/16,265,273,271,260,244,224,207,195,192,197,210,228,246,260,266,263,251,235,218,206,204,210,224,243
MA11,2019/05/17,261,274,278,271,254,230,207,186,173,172,183,202,225,247,263,269,266,252,235,219,210,209,217,233
MA11,2019/05/18,253,271,278,275,262,239,211,184,163,154,157,173,197,224,248,264,269,264,250,232,219,213,214,226
MA11,2019/05/19,245,264,278,282,274,254,226,195,167,149,145,155,175,203,231,254,268,271,262,248,233,222,218,224
MA11,2019/05/20,238,257,275,285,283,270,245,214,183,157,145,147,161,186,215,243,264,274,272,264,251,238,231,232
MA11,2019/05/21,242,258,276,290,296,289,271,243,211,182,162,156,164,182,207,235,260,276,282,278,268,256,246,241
MA11,2019/05/22,244,256,272,286,295,295,282,259,230,200,174,159,157,168,188,213,238,258,269,272,269,260,249,243
MA11,2019/05/23,242,248,260,274,285,290,285,269,245,218,192,174,165,167,180,200,224,246,261,270,271,266,258,251
MA11,2019/05/24,247,249,256,266,277,285,285,276,259,236,213,192,178,173,178,191,209,228,246,258,264,263,257,251
MA11,2019/05/25,246,244,246,252,259,267,271,269,258,240,221,204,188,177,176,182,194,210,226,240,251,255,255,251
MA11,2019/05/26,246,242,239,240,245,251,257,259,255,245,232,218,203,192,185,185,192,203,216,231,243,251,255,254
MA11,2019/05/27,251,247,242,238,238,240,245,249,250,248,243,235,225,214,205,200,201,206,216,228,242,254,261,265
MA11,2019/05/28,265,261,255,247,241,239,241,244,249,252,253,251,247,239,229,221,215,214,219,228,240,253,263,271
MA11,2019/05/29,274,272,266,256,244,236,232,232,236,242,249,255,257,254,247,238,229,221,218,220,229,241,254,264
MA11,2019/05/30,271,272,266,254,239,225,213,208,209,216,227,240,249,253,252,244,234,224,217,215,220,231,245,259
MA11,2019/05/31,270,274,271,259,243,225,207,195,192,198,211,229,246,258,265,262,254,242,231,224,225,232,245,260
MA11,2019/06/01,274,284,284,275,258,235,212,193,182,182,194,213,235,255,269,273,268,257,244,232,227,229,237,252
MA11,2019/06/02,268,280,285,279,264,242,215,188,170,164,170,189,213,239,260,272,275,270,257,244,235,231,234,247
MA11,2019/06/03,263,279,289,288,277,255,226,196,171,155,154,167,190,218,247,267,278,279,271,257,245,237,235,242
MA11,2019/06/04,257,273,287,292,286,269,243,210,179,155,144,148,166,194,225,253,272,280,277,267,256,246,240,242
MA11,2019/06/05,253,269,284,294,296,286,264,234,200,170,151,145,154,175,204,234,260,276,281,276,267,257,248,244
MA11,2019/06/06,250,262,277,291,298,294,280,254,221,189,162,147,145,157,180,209,238,260,273,274,269,261,251,243
MA11,2019/06/07,244,252,265,278,289,293,286,268,243,212,183,163,151,153,170,192,219,246,264,274,276,272,264,256
MA11,2019/06/08,252,256,264,276,288,297,299,290,271,247,221,197,179,170,174,188,209,233,255,270,277,277,271,262
MA11,2019/06/09,254,251,252,258,268,278,283,281,271,255,235,213,193,178,173,178,191,209,230,248,261,267,266,261
MA11,2019/06/10,254,247,243,244,248,257,265,270,269,263,252,238,221,205,194,190,194,206,222,241,257,268,272,270
MA11,2019/06/11,263,254,246,238,235,238,244,251,257,260,258,253,244,231,219,208,204,209,219,234,251,266,275,277
MA11,2019/06/12,274,266,254,241,231,226,225,231,238,245,253,258,258,252,243,231,222,217,219,227,241,257,270,277
MA11,2019/06/13,279,274,262,245,228,215,208,207,212,222,235,248,257,261,257,248,237,227,222,224,233,247,262,273
MA11,2019/06/14,280,279,269,252,232,212,196,187,187,196,211,229,246,259,264,263,255,244,235,230,233,244,257,272
MA11,2019/06/15,284,288,282,268,247,222,200,183,175,178,191,211,235,256,272,279,277,269,260,253,251,257,269,284
MA11,2019/06/16,301,311,312,303,284,260,235,211,193,188,194,211,235,260,280,293,298,294,283,271,261,258,263,273
MA11,2019/06/17,288,302,307,303,289,265,235,205,180,164,162,173,194,220,247,267,278,280,274,262,250,242,241,249
MA11,2019/06/18,263,279,290,293,286,269,243,212,183,161,151,156,173,199,227,253,272,281,281,272,261,252,246,249
MA11,2019/06/19,259,275,290,300,300,290,268,240,209,183,166,161,170,190,216,243,266,281,286,283,274,263,254,251
MA11,2019/06/20,257,270,285,298,304,300,286,261,231,201,178,166,167,180,202,227,252,271,282,282,275,265,255,247
MA11,2019/06/21,248,256,267,281,292,294,287,269,243,216,191,173,167,172,188,210,234,256,271,276,274,267,257,247
MA11,2019/06/22,245,248,256,270,282,290,290,278,259,236,211,192,181,179,189,207,228,250,268,277,280,276,267,258
MA11,2019/06/23,252,249,254,263,274,284,289,283,270,252,231,212,198,191,195,205,222,241,258,271,278,277,270,260
MA11,2019/06/24,252,246,245,249,256,266,272,272,266,253,238,222,207,197,194,199,210,227,243,257,267,269,266,259
MA11,2019/06/25,251,242,235,232,234,241,248,253,253,248,239,228,215,205,199,198,204,216,229,242,255,262,264,260
MA11,2019/06/26,252,242,232,225,223,225,230,237,243,245,244,240,232,224,217,213,214,219,229,242,255,266,271,271
MA11,2019/06/27,265,256,245,233,224,220,221,226,234,242,248,251,250,246,240,234,230,231,236,246,258,271,281,286
MA11,2019/06/28,286,279,267,252,238,227,222,222,229,240,251,261,267,268,265,260,253,249,248,251,260,271,282,290
MA11,2019/06/29,292,287,276,259,240,222,208,202,205,215,230,246,259,269,273,271,265,258,252,251,255,265,277,288
MA11,2019/06/30,296,297,289,273,253,230,209,195,190,196,212,233,254,272,283,285,282,276,267,260,259,264,274,287
MA11,2019/07/01,298,304,301,288,268,243,215,191,177,174,185,205,230,255,274,285,287,281,272,262,256,256,263,274
MA11,2019/07/02,289,300,304,298,282,257,227,196,172,160,163,178,203,233,259,278,288,289,281,269,259,254,255,263
MA11,2019/07/03,277,292,301,302,293,272,242,208,175,153,145,151,171,201,232,260,279,287,284,275,265,256,251,256
MA11,2019/07/04,269,285,301,309,308,297,272,239,205,173,154,152,164,187,217,247,272,288,292,287,277,266,257,254
MA11,2019/07/05,260,275,291,305,311,307,290,263,230,196,169,154,154,169,194,224,254,277,287,288,281,270,259,251
MA11,2019/07/06,252,262,276,291,303,307,301,282,254,222,192,170,159,163,179,203,232,257,274,280,277,269,257,246
MA11,2019/07/07,241,245,254,268,283,293,295,287,269,244,217,192,175,170,176,193,218,242,262,275,278,273,262,247
MA11,2019/07/08,238,234,236,246,259,272,281,282,275,260,240,218,198,186,185,194,210,232,253,270,279,278,270,258
MA11,2019/07/09,245,235,230,231,240,252,262,269,270,265,254,239,223,209,202,202,211,227,246,263,275,281,276,265
MA11,2019/07/10,251,238,226,219,220,226,235,245,252,256,255,250,241,231,222,217,219,228,241,257,270,278,279,273
MA11,2019/07/11,261,246,230,216,209,208,212,219,229,239,246,251,251,247,242,235,231,235,242,254,268,281,287,287
MA11,2019/07/12,280,268,252,233,218,208,204,206,214,225,238,249,257,261,260,256,250,247,248,254,265,277,286,292
MA11,2019/07/13,291,283,268,249,228,210,198,192,195,205,219,236,252,263,269,270,265,258,254,254,259,269,280,289
MA11,2019/07/14,294,293,284,267,244,222,202,188,183,188,201,219,240,258,271,277,276,270,263,257,256,262,272,284
MA11,2019/07/15,294,298,294,283,263,239,213,191,178,175,183,200,224,247,267,280,285,282,274,265,259,257,263,273
MA11,2019/07/16,285,296,299,293,278,255,227,199,177,164,166,178,198,223,247,266,277,278,271,261,252,247,249,256
MA11,2019/07/17,269,284,294,295,287,269,242,213,186,167,160,166,183,209,235,258,275,282,279,269,258,248,244,247
MA11,2019/07/18,258,274,287,294,292,281,259,231,201,176,161,160,172,194,220,247,268,279,281,275,264,251,244,244
MA11,2019/07/19,252,267,282,295,301,296,280,255,225,197,178,170,174,190,214,240,262,278,285,281,271,259,248,241
MA11,2019/07/20,243,254,269,284,295,296,286,267,240,212,190,176,174,184,203,227,251,271,281,281,274,262,249,239
MA11,2019/07/21,237,242,254,267,280,288,286,273,252,226,203,185,178,182,196,216,239,260,274,279,274,264,251,239
MA11,2019/07/22,233,234,241,254,268,280,285,279,264,244,223,204,193,192,199,215,236,256,272,281,281,274,262,249
MA11,2019/07/23,239,235,236,244,256,269,278,278,270,254,236,220,207,202,206,216,232,250,266,277,281,278,268,254
MA11,2019/07/24,242,233,230,231,240,251,261,266,266,258,246,232,220,212,212,217,229,243,258,271,278,278,271,259
MA11,2019/07/25,246,234,226,222,224,231,241,251,256,256,252,243,234,227,224,224,231,240,252,265,274,277,275,266
MA11,2019/07/26,254,241,228,218,213,215,222,230,239,246,248,248,245,240,237,237,239,244,252,262,271,278,279,274
MA11,2019/07/27,265,252,236,221,209,204,205,210,219,231,241,248,253,253,252,250,249,250,254,260,270,279,283,284
MA11,2019/07/28,279,268,253,235,217,203,195,194,201,213,228,243,255,262,265,264,261,257,255,257,263,270,278,283
MA11,2019/07/29,284,278,266,247,224,203,187,177,178,188,204,224,244,261,270,273,271,265,260,257,259,265,274,282
MA11,2019/07/30,289,291,284,268,245,219,193,174,164,167,180,201,226,249,267,278,279,275,267,259,256,258,265,277
MA11,2019/07/31,288,296,297,288,268,242,212,183,163,154,160,178,204,232,258,276,284,283,274,264,256,252,256,266
MA11,2019/08/01,280,294,302,301,290,268,237,203,173,153,148,158,180,210,242,268,285,289,284,274,262,252,250,256
MA11,2019/08/02,269,287,302,309,307,294,267,233,198,169,153,152,165,191,223,254,277,289,289,280,266,252,243,242
MA11,2019/08/03,251,267,286,301,308,305,289,262,227,194,170,158,161,180,207,238,266,283,289,284,271,255,240,232
MA11,2019/08/04,235,246,264,284,298,304,298,280,252,221,192,173,167,175,196,224,252,275,286,286,277,260,242,229
MA11,2019/08/05,224,229,243,260,278,292,295,288,270,245,219,197,183,183,196,217,243,267,283,289,284,270,251,233
MA11,2019/08/06,221,219,226,238,256,273,284,285,277,262,243,223,208,201,206,221,242,263,281,291,292,281,263,244
MA11,2019/08/07,228,217,216,220,232,248,262,271,273,267,257,244,230,222,222,229,243,261,277,289,294,289,276,260
MA11,2019/08/08,241,226,216,213,218,228,240,251,260,263,261,255,247,241,238,240,248,259,272,285,293,294,286,272
MA11,2019/08/09,256,239,225,214,210,212,219,229,239,249,255,257,257,255,253,252,253,259,268,278,287,292,289,281
MA11,2019/08/10,270,255,238,221,209,203,204,209,218,228,239,250,257,261,263,262,260,261,263,269,277,284,287,286
MA11,2019/08/11,280,269,254,236,218,205,197,196,200,210,223,238,252,263,269,271,269,265,262,263,268,274,281,286
MA11,2019/08/12,287,283,273,256,236,217,201,191,188,195,208,226,244,260,272,278,277,272,265,261,261,266,274,283
MA11,2019/08/13,291,295,291,279,260,237,215,196,185,185,195,212,233,254,273,284,286,281,271,262,257,257,262,273
MA11,2019/08/14,286,295,297,291,277,255,229,205,186,178,183,197,219,244,266,281,288,286,277,266,257,251,253,263
MA11,2019/08/15,277,292,302,303,294,276,251,223,199,184,181,190,208,234,260,281,292,294,287,276,263,253,250,257
MA11,2019/08/16,271,289,304,311,309,297,274,246,220,199,190,192,206,230,256,279,295,301,296,284,269,255,247,249
MA11,2019/08/17,260,277,295,309,313,307,289,263,235,210,195,192,201,220,245,271,290,299,297,286,270,254,241,237
MA11,2019/08/18,242,257,276,294,305,305,294,273,246,220,201,192,195,210,233,258,279,292,294,286,272,254,238,228
MA11,2019/08/19,229,240,258,277,292,299,295,280,257,232,211,198,196,205,224,248,271,286,292,288,275,257,240,226
MA11,2019/08/20,221,226,239,258,277,289,291,284,267,246,225,210,203,207,221,241,263,281,291,290,281,266,247,230
MA11,2019/08/21,220,218,226,241,258,274,283,281,271,255,237,222,212,212,220,236,255,272,284,289,284,271,253,235
MA11,2019/08/22,222,215,217,225,240,257,270,275,273,264,251,238,228,225,229,241,256,271,284,292,291,282,267,250
MA11,2019/08/23,233,221,217,220,230,244,258,269,274,272,267,259,251,247,248,254,264,275,285,295,298,292,281,265
MA11,2019/08/24,248,234,223,217,220,228,239,250,259,265,267,264,261,258,257,260,266,273,280,289,293,291,285,274
MA11,2019/08/25,260,245,231,219,213,214,219,228,240,250,259,265,267,269,269,269,271,274,277,283,289,292,291,285
MA11,2019/08/26,275,262,245,228,213,205,204,207,217,230,245,258,268,275,277,277,275,273,272,275,281,285,287,288
MA11,2019/08/27,285,276,262,242,221,204,192,187,191,203,221,241,258,272,281,283,281,276,270,270,272,276,283,291
MA11,2019/08/28,295,294,285,268,245,221,199,184,178,185,201,224,248,271,287,295,296,290,280,272,270,271,279,291
MA11,2019/08/29,302,309,308,297,277,250,221,194,176,171,180,199,227,255,278,293,297,291,279,267,259,255,259,270
MA11,2019/08/30,285,300,311,311,299,276,245,212,185,168,166,180,205,234,263,286,297,294,283,268,252,241,239,248
MA11,2019/08/31,265,285,304,313,311,297,272,238,204,179,166,169,187,215,246,273,290,293,283,266,246,228,219,221
MA11,2019/09/01,234,254,277,296,305,303,286,258,225,194,173,168,177,197,227,256,279,288,284,269,247,225,208,202
MA11,2019/09/02,208,226,250,274,292,300,295,276,250,221,198,185,185,200,224,251,276,291,293,283,263,238,216,202
MA11,2019/09/03,199,209,229,251,273,290,295,288,271,247,225,208,202,208,225,249,274,290,295,291,275,251,226,205
MA11,2019/09/04,195,196,208,226,248,267,279,281,273,258,240,224,215,215,224,244,265,283,293,293,282,263,239,216
MA11,2019/09/05,199,192,195,207,224,243,259,268,269,263,254,243,235,232,236,248,264,280,292,296,291,277,257,235
MA11,2019/09/06,216,203,198,201,210,225,240,252,258,260,259,255,250,248,248,254,265,276,286,293,294,286,272,255
MA11,2019/09/07,237,221,209,203,204,210,220,232,242,249,254,256,256,256,256,258,263,268,276,283,288,286,279,268
MA11,2019/09/08,255,240,226,213,206,205,209,216,226,236,247,256,262,266,268,268,269,270,272,277,282,284,283,279
MA11,2019/09/09,271,261,248,231,218,209,205,206,213,223,237,252,265,274,280,281,278,274,272,272,274,278,282,284
MA11,2019/09/10,284,279,269,254,237,221,208,202,201,208,221,238,255,268,277,281,277,269,261,256,255,259,265,274
MA11,2019/09/11,281,283,280,268,250,231,213,199,193,195,207,225,246,265,280,288,287,278,267,257,251,251,258,269
MA11,2019/09/12,281,290,292,286,273,253,229,207,194,190,198,215,236,258,277,288,289,280,265,250,239,234,237,250
MA11,2019/09/13,266,281,292,293,284,266,243,218,198,187,188,200,221,245,268,285,290,284,270,252,237,227,226,235
MA11,2019/09/14,252,273,290,297,294,282,260,233,209,193,189,198,217,241,267,287,297,294,281,262,242,226,220,226
MA11,2019/09/15,242,263,283,298,302,295,277,252,226,206,195,198,213,235,261,284,297,298,287,269,247,228,216,217
MA11,2019/09/16,229,251,275,296,307,307,295,273,248,226,212,210,220,239,264,288,303,307,300,284,262,240,223,216
MA11,2019/09/17,222,239,261,283,299,305,299,282,260,236,219,212,216,229,249,272,289,297,293,278,256,232,211,200
MA11,2019/09/18,200,211,232,255,277,289,291,281,265,245,229,219,219,228,247,269,287,297,298,288,269,246,224,208
MA11,2019/09/19,202,206,221,240,261,278,286,284,273,257,242,232,229,233,247,264,280,291,295,289,274,252,228,210
MA11,2019/09/20,198,196,204,220,239,259,273,277,272,262,251,241,234,235,244,259,273,285,290,287,276,258,236,216
MA11,2019/09/21,199,191,192,201,216,234,250,260,263,259,252,244,239,238,243,253,264,274,281,284,279,266,248,229
MA11,2019/09/22,212,200,194,195,202,215,230,243,252,256,256,254,251,248,250,256,263,270,277,281,280,273,262,248
MA11,2019/09/23,232,216,204,198,197,204,215,229,242,253,261,266,269,271,273,276,279,282,285,288,289,287,282,273
MA11,2019/09/24,259,243,227,211,200,195,196,204,216,231,246,259,269,274,275,274,271,268,266,268,270,272,273,272
MA11,2019/09/25,268,258,243,225,207,192,183,182,188,203,221,240,256,266,272,272,265,256,248,243,245,250,257,265
MA11,2019/09/26,270,268,260,244,222,199,179,167,165,174,193,217,240,258,270,273,267,255,241,232,227,230,239,253
MA11,2019/09/27,268,277,278,269,251,226,198,176,163,163,177,201,227,253,272,281,278,265,247,230,219,215,222,238
MA11,2019/09/28,259,278,290,292,282,260,230,201,179,169,173,190,216,244,269,284,286,275,255,233,215,204,204,218
MA11,2019/09/29,241,266,288,300,301,289,265,235,207,187,183,193,215,244,273,293,300,293,273,248,223,203,196,202
MA11,2019/09/30,221,247,274,296,307,305,289,263,235,211,198,198,212,237,264,288,299,296,280,255,227,200,183,180
MA11,2019/10/01,191,215,243,270,290,298,294,278,255,232,214,207,214,234,259,283,298,301,290,268,238,208,184,172
MA11,2019/10/02,174,190,214,241,267,283,288,281,267,247,230,221,221,233,254,277,295,303,298,281,256,227,200,181
MA11,2019/10/03,175,181,198,222,247,267,279,282,276,264,251,241,237,241,256,275,292,302,303,293,274,250,223,201
MA11,2019/10/04,188,186,195,212,233,253,270,279,280,276,269,262,259,260,269,283,297,308,314,312,301,282,257,232
MA11,2019/10/05,215,206,204,210,222,236,251,263,270,271,270,266,263,263,266,274,282,291,297,298,291,279,262,243
MA11,2019/10/06,226,213,206,205,211,221,232,244,254,260,265,266,265,265,266,269,272,276,279,283,282,276,265,252
MA11,2019/10/07,238,224,213,205,203,207,214,223,234,245,254,260,264,265,266,266,265,264,265,268,271,272,270,264
MA11,2019/10/08,257,247,236,225,218,214,215,221,230,243,256,268,277,281,283,282,277,270,266,265,267,270,273,275
MA11,2019/10/09,272,264,252,238,224,212,205,204,208,218,233,248,262,272,276,275,268,259,249,243,243,248,255,262
MA11,2019/10/10,268,270,264,253,238,221,207,199,198,204,218,237,255,269,278,280,273,260,246,236,231,234,244,257
MA11,2019/10/11,271,281,283,276,263,245,227,213,206,208,219,237,257,276,288,292,285,271,254,237,226,226,233,247
MA11,2019/10/12,266,281,289,290,281,264,243,224,211,208,215,233,254,275,292,302,299,287,270,252,238,236,246,263
MA11,2019/10/13,286,310,327,329,320,304,281,259,239,225,226,239,257,278,298,309,308,296,274,248,225,211,208,216
MA11,2019/10/14,236,259,278,291,294,284,266,244,223,209,206,215,233,254,275,291,294,284,264,239,213,194,187,193
MA11,2019/10/15,210,235,260,281,292,289,275,255,233,215,207,210,222,242,263,281,288,281,264,239,211,189,175,173
MA11,2019/10/16,186,209,236,261,279,285,279,264,245,228,216,215,223,239,260,278,287,286,273,249,222,196,176,167
MA11,2019/10/17,173,191,216,242,265,278,280,272,257,241,229,224,228,241,259,277,288,290,281,261,235,207,183,169
MA11,2019/10/18,167,178,198,223,248,267,275,273,263,251,239,232,232,240,254,270,283,288,285,270,248,223,198,179
MA11,2019/10/19,171,175,188,209,234,256,272,279,276,268,259,251,249,253,264,278,290,297,298,289,271,248,224,203
MA11,2019/10/20,190,184,188,200,218,239,255,266,269,267,262,256,251,251,258,266,275,282,284,280,270,253,233,212
MA11,2019/10/21,195,185,181,183,195,211,228,244,254,258,259,259,257,257,259,263,268,273,277,277,273,264,250,233
MA11,2019/10/22,218,204,193,188,191,199,211,227,241,253,261,265,268,269,268,269,270,271,274,277,278,278,274,264
MA11,2019/10/23,253,240,225,211,204,203,207,217,231,246,260,269,274,275,274,270,264,259,256,256,259,262,264,262
MA11,2019/10/24,257,248,234,217,202,191,185,188,199,214,232,250,262,268,270,265,255,245,236,232,235,242,251,260
MA11,2019/10/25,266,267,259,244,226,208,193,187,191,205,225,248,267,280,285,282,270,255,242,233,231,237,250,267
MA11,2019/10/26,284,296,298,291,274,252,231,216,210,214,230,252,274,292,302,300,287,268,245,226,215,215,224,243
MA11,2019/10/27,265,285,297,299,290,270,246,223,209,206,215,235,259,280,295,299,289,267,240,213,194,186,190,207
MA11,2019/10/28,232,259,281,294,295,284,263,240,221,210,212,227,249,272,293,302,296,277,248,218,190,173,171,181
MA11,2019/10/29,203,233,262,284,296,296,284,266,246,231,226,234,252,274,297,312,312,298,273,241,209,184,171,172
MA11,2019/10/30,188,215,245,272,292,299,293,280,262,244,235,235,244,263,284,301,306,298,277,248,214,184,164,156
MA11,2019/10/31,163,183,210,239,265,280,284,278,265,251,240,236,242,256,275,294,305,305,291,267,237,206,181,166
MA11,2019/11/01,164,174,195,221,248,269,281,284,279,270,260,253,252,259,273,289,300,304,297,280,255,228,200,179
MA11,2019/11/02,170,172,184,204,227,248,264,273,275,270,263,257,253,255,265,277,288,296,295,284,267,246,222,201
MA11,2019/11/03,188,183,187,199,217,236,252,265,271,270,268,266,262,261,265,272,280,288,291,288,278,263,245,226
MA11,2019/11/04,210,200,196,200,210,223,239,253,262,267,270,269,267,265,266,268,272,276,279,279,276,268,256,242
MA11,2019/11/05,228,217,208,205,207,215,225,238,250,260,266,269,270,269,268,266,264,264,264,266,267,266,262,254
MA11,2019/11/06,246,236,227,219,215,216,220,229,240,251,262,270,273,274,271,266,259,254,251,251,253,257,260,260
MA11,2019/11/07,257,251,243,233,223,218,218,223,232,244,258,272,280,284,283,277,267,256,248,243,243,248,255,261
MA11,2019/11/08,266,266,260,249,237,225,218,217,222,233,248,262,274,281,282,275,262,247,232,223,222,228,239,252
MA11,2019/11/09,263,271,272,266,254,240,227,220,220,227,241,258,273,284,289,284,271,252,232,217,211,215,227,244
MA11,2019/11/10,262,278,285,283,273,258,243,230,225,228,239,256,274,288,297,295,281,261,237,216,203,201,210,228
MA11,2019/11/11,251,271,285,291,286,274,258,244,234,231,240,255,274,292,304,306,296,275,250,224,204,197,201,216
MA11,2019/11/12,241,266,287,298,299,290,274,257,242,235,237,248,264,282,296,300,292,273,246,217,192,176,173,184
MA11,2019/11/13,206,234,260,280,290,287,275,261,246,235,233,239,254,273,290,300,298,283,258,229,202,181,171,176
MA11,2019/11/14,195,223,252,278,296,302,296,286,271,257,251,253,261,276,292,304,306,296,274,245,214,187,169,165
MA11,2019/11/15,174,195,223,251,274,286,288,282,271,258,250,248,254,268,286,299,305,301,285,260,229,199,176,164
MA11,2019/11/16,166,180,203,231,258,277,287,287,279,269,259,255,256,265,278,291,299,300,290,270,244,216,189,171
MA11,2019/11/17,163,167,183,206,231,255,271,277,275,267,258,252,249,253,264,275,285,290,286,273,254,229,202,181
MA11,2019/11/18,167,163,170,187,210,234,255,269,277,276,271,267,264,265,271,281,289,295,297,291,278,259,235,212
MA11,2019/11/19,196,186,184,192,207,225,246,264,276,280,279,274,270,267,267,269,273,278,282,282,277,267,252,234
MA11,2019/11/20,216,202,192,187,191,202,218,234,248,258,262,262,260,256,253,250,249,250,253,256,258,257,251,241
MA11,2019/11/21,228,214,200,189,184,186,196,210,226,241,252,258,259,256,251,244,236,231,230,231,236,241,244,244
MA11,2019/11/22,240,231,219,206,195,189,189,196,211,228,244,257,263,263,258,247,234,223,214,212,217,226,236,247
MA11,2019/11/23,254,254,249,237,222,208,200,202,210,225,243,259,269,273,270,258,241,222,205,196,196,204,220,238
MA11,2019/11/24,254,267,270,263,251,236,222,216,218,228,247,265,281,292,292,283,265,240,217,200,192,196,211,231
MA11,2019/11/25,254,276,288,291,284,270,255,242,235,238,251,268,283,295,298,292,274,247,216,188,171,166,174,193
MA11,2019/11/26,219,246,268,280,281,274,259,243,231,227,233,248,266,283,294,293,279,253,222,190,164,150,150,163
MA11,2019/11/27,188,219,248,269,280,280,272,258,245,236,236,245,262,282,298,303,296,276,246,212,181,159,150,154
MA11,2019/11/28,173,201,231,257,276,283,280,270,256,244,239,241,253,271,288,299,299,284,259,226,193,165,148,143
MA11,2019/11/29,153,175,204,232,256,272,277,274,265,255,247,246,252,266,283,298,305,299,280,252,220,189,165,153
MA11,2019/11/30,153,166,189,215,241,261,272,274,269,259,251,245,246,255,268,283,292,291,280,260,232,202,176,159
MA11,2019/12/01,151,157,173,195,218,240,256,263,263,257,250,243,241,246,256,270,282,286,282,270,250,226,202,181
MA11,2019/12/02,169,167,177,194,215,237,256,269,273,271,267,261,258,259,265,275,285,290,292,287,273,255,235,216
MA11,2019/12/03,201,194,195,204,217,233,251,265,272,274,272,267,261,256,255,259,264,269,273,272,267,256,242,227
MA11,2019/12/04,213,202,197,196,203,216,231,246,257,263,264,260,256,251,246,244,245,247,250,253,253,249,241,230
MA11,2019/12/05,219,208,200,195,197,205,217,230,242,252,257,257,254,249,242,235,230,227,227,231,235,238,238,234
MA11,2019/12/06,228,221,213,207,202,204,211,220,232,244,252,256,258,253,245,236,224,214,210,210,214,221,227,232
MA11,2019/12/07,234,232,227,220,213,210,211,216,227,239,250,258,263,261,255,243,229,215,204,200,204,212,223,234
MA11,2019/12/08,241,245,245,238,229,221,216,216,222,234,246,257,266,268,262,249,231,211,193,181,178,185,198,214
MA11,2019/12/09,229,241,246,243,235,226,218,213,215,224,235,249,261,267,266,257,238,214,190,172,165,169,182,201
MA11,2019/12/10,223,242,256,260,255,247,237,229,225,228,238,252,265,276,279,273,256,230,201,177,162,158,167,186
MA11,2019/12/11,210,236,256,267,269,263,252,241,233,232,238,250,265,280,288,286,273,249,220,191,170,158,162,178
MA11,2019/12/12,202,231,258,277,287,287,278,267,255,248,248,254,266,281,292,295,285,264,233,199,169,148,140,148
MA11,2019/12/13,168,196,228,253,269,275,270,259,248,239,235,239,250,266,281,289,287,271,245,213,180,153,138,136
MA11,2019/12/14,149,175,206,236,261,275,279,274,263,253,247,247,254,270,286,300,303,293,271,241,206,175,151,138
MA11,2019/12/15,141,158,184,214,242,261,271,271,263,254,244,238,240,249,263,278,285,284,273,251,221,190,161,143
MA11,2019/12/16,137,145,164,190,217,243,260,266,264,256,247,239,238,243,254,268,279,284,280,266,244,217,189,166
MA11,2019/12/17,153,150,161,180,205,231,252,265,269,266,259,250,243,244,251,261,274,284,286,282,270,250,227,205
MA11,2019/12/18,187,178,179,188,207,230,251,268,277,278,273,263,253,248,246,250,257,264,271,273,268,258,243,223
MA11,2019/12/19,207,193,185,187,196,210,230,248,262,270,269,262,254,245,239,238,238,242,249,254,258,259,253,244
MA11,2019/12/20,232,219,210,205,206,214,228,243,258,268,272,270,263,252,241,231,223,219,221,226,234,241,245,244
MA11,2019/12/21,241,233,223,214,208,209,216,227,243,256,266,269,266,257,245,232,218,208,202,203,210,221,232,240
MA11,2019/12/22,245,245,240,233,225,218,218,225,236,251,265,271,272,267,254,238,219,199,187,183,185,197,212,228
MA11,2019/12/23,245,257,262,260,253,245,240,239,245,256,268,279,286,285,277,261,238,213,191,176,172,179,192,210
MA11,2019/12/24,230,248,261,265,262,255,246,239,238,245,256,268,278,283,279,267,244,216,189,165,151,150,160,178
MA11,2019/12/25,203,228,248,260,263,259,251,241,236,237,244,256,270,282,287,282,266,240,210,180,158,148,151,165
MA11,2019/12/26,188,217,243,262,273,275,270,260,251,246,249,258,274,289,299,300,289,268,238,205,177,159,153,160
MA11,2019/12/27,180,209,240,266,284,293,293,285,276,269,266,269,279,290,300,307,304,288,263,230,195,169,153,150
MA11,2019/12/28,161,182,210,237,258,270,274,269,259,248,239,236,243,257,273,285,289,281,262,233,202,173,152,141
MA11,2019/12/29,144,161,187,213,236,255,264,264,256,246,236,230,232,243,258,273,282,281,269,247,219,190,164,148
MA11,2019/12/30,144,154,175,199,224,246,260,265,263,254,243,235,233,238,251,266,279,285,281,268,247,222,198,180
MA11,2019/12/31,171,175,190,210,234,257,275,284,284,279,269,258,248,244,247,258,269,277,279,271,256,237,215,195
