2003,2017/01/01,-33,-15,11,39,64,83,92,90,79,66,53,44,44,57,72,87,101,103,93,75,48,18,-7,-23
2003,2017/01/02,-28,-17,4,29,54,76,90,92,86,75,61,50,47,51,65,84,100,108,106,92,71,43,16,-2
2003,2017/01/03,-13,-11,6,26,50,75,92,100,98,88,75,62,52,50,58,71,85,97,102,97,84,63,38,18
2003,2017/01/04,5,1,7,22,42,65,86,100,102,97,87,72,58,52,53,61,73,83,92,96,89,75,56,37
2003,2017/01/05,22,13,12,19,35,55,75,90,97,98,92,77,62,50,42,43,47,53,64,71,72,70,61,47
2003,2017/01/06,35,24,19,20,28,43,59,74,87,93,90,81,68,52,39,30,27,30,37,46,56,62,62,58
2003,2017/01/07,50,42,36,32,33,41,53,65,78,88,90,86,77,62,48,33,19,13,13,20,32,45,54,60
2003,2017/01/08,63,61,56,51,47,48,53,62,74,87,96,98,94,86,71,53,34,17,9,9,16,31,48,63
2003,2017/01/09,76,83,84,82,77,74,75,78,86,98,109,116,118,114,103,84,60,34,12,-1,-2,7,23,42
2003,2017/01/10,64,81,88,88,84,78,71,67,69,78,89,101,111,114,113,102,78,44,10,-11,-21,-22,-12,11
2003,2017/01/11,39,66,85,93,92,87,78,68,64,67,76,88,102,112,115,110,93,62,28,-3,-26,-35,-30,-12
2003,2017/01/12,15,47,75,93,103,104,95,83,74,70,74,83,97,113,125,127,118,95,62,27,-4,-26,-33,-24
2003,2017/01/13,-2,30,62,87,104,112,106,93,79,69,67,72,85,104,122,132,133,118,92,59,22,-8,-25,-29
2003,2017/01/14,-15,12,43,72,95,111,112,102,87,74,65,62,69,84,105,123,132,128,112,83,49,17,-9,-22
2003,2017/01/15,-18,-1,26,57,84,103,109,103,91,75,60,51,49,63,83,104,120,123,114,96,67,36,8,-13
2003,2017/01/16,-19,-9,14,42,70,93,106,106,95,81,66,51,44,48,62,80,99,110,110,99,80,55,28,5
2003,2017/01/17,-7,-6,9,31,54,78,95,99,95,82,64,48,35,33,42,56,72,86,91,87,76,57,35,12
2003,2017/01/18,-5,-9,-2,12,33,56,75,84,83,75,61,43,29,23,25,34,49,62,72,9999,9999,9999,9999,9999
2003,2017/01/19,9999,9999,9999,9999,9999,9999,9999,9999,9999,9999,9999,9999,9999,9999,9999,9999,36,45,55,62,65,64,57,47
2003,2017/01/20,37,30,28,32,42,57,74,88,97,98,93,83,68,55,48,41,41,48,53,58,66,70,69,65
2003,2017/01/21,60,55,52,48,51,61,70,80,90,94,92,83,69,57,45,33,26,22,21,27,32,38,46,50
2003,2017/01/22,49,51,49,46,46,49,58,70,79,87,92,90,83,74,62,47,32,24,19,18,23,33,41,50
2003,2017/01/23,60,64,64,63,60,62,65,68,72,80,89,91,87,81,70,55,40,22,8,3,2,10,22,35
2003,2017/01/24,50,62,68,69,65,62,59,56,58,66,74,81,84,83,78,65,47,26,5,-9,-14,-10,0,16
2003,2017/01/25,35,53,68,73,72,68,60,53,50,53,61,71,80,85,84,74,58,35,9,-11,-23,-26,-18,-2
2003,2017/01/26,19,45,64,74,78,75,66,57,48,46,53,63,75,85,91,89,76,53,25,-2,-23,-31,-29,-16
2003,2017/01/27,8,36,60,77,87,88,79,67,58,52,53,64,79,93,106,110,100,78,46,15,-11,-30,-36,-29
2003,2017/01/28,-11,15,43,64,80,86,81,68,53,41,36,39,52,69,85,96,97,82,58,28,-3,-28,-42,-42
2003,2017/01/29,-28,-2,27,53,73,85,84,73,58,43,33,33,42,59,82,101,108,103,84,56,27,-1,-22,-29
2003,2017/01/30,-20,1,30,58,85,104,107,101,88,70,58,52,54,68,89,108,120,121,107,86,58,26,1,-14
2003,2017/01/31,-17,-3,20,42,69,91,97,94,81,60,44,31,23,31,50,71,91,102,99,85,61,31,5,-16
2003,2017/02/01,-24,-15,1,24,51,74,88,92,83,67,49,32,23,25,40,61,80,94,98,87,70,51,25,3
2003,2017/02/02,-6,-7,3,23,45,70,90,94,90,79,59,42,27,16,21,34,51,74,89,92,87,72,52,33
2003,2017/02/03,19,14,20,31,47,71,89,98,101,93,76,58,37,21,16,18,29,46,59,68,73,69,58,46
2003,2017/02/04,34,27,25,29,42,58,74,88,92,87,79,64,44,27,14,8,10,19,31,44,53,57,57,51
2003,2017/02/05,44,40,37,37,43,55,70,81,89,92,88,80,65,48,33,20,12,13,18,27,40,54,63,68
2003,2017/02/06,72,73,71,71,73,78,87,96,105,112,113,109,100,84,66,50,32,20,13,13,23,39,52,64
2003,2017/02/07,75,79,82,81,75,74,75,78,84,91,99,103,98,88,75,55,35,17,-2,-12,-10,-2,15,35
2003,2017/02/08,54,72,83,82,80,76,70,69,71,74,84,95,99,99,95,80,58,33,7,-12,-21,-18,-4,16
2003,2017/02/09,41,65,83,91,91,87,78,70,66,66,74,87,99,109,114,109,92,66,36,8,-11,-15,-9,8
2003,2017/02/10,36,65,88,105,111,107,98,85,73,69,73,81,95,109,119,123,114,92,63,29,2,-15,-20,-10
2003,2017/02/11,12,40,70,92,102,104,95,79,64,53,49,57,73,90,109,122,121,109,85,52,19,-7,-24,-23
2003,2017/02/12,-7,20,51,78,95,102,97,81,62,46,36,36,46,62,84,104,113,109,91,63,30,0,-21,-28
2003,2017/02/13,-18,4,34,63,85,97,96,83,62,43,28,21,27,42,64,86,101,107,98,75,49,20,-5,-18
2003,2017/02/14,-17,-2,24,52,77,96,100,91,73,50,32,21,18,28,48,69,88,98,97,85,65,39,14,-4
2003,2017/02/15,-9,-1,17,42,67,87,98,95,80,60,39,23,13,12,25,45,63,81,88,82,70,53,31,12
2003,2017/02/16,2,4,16,38,61,82,97,100,90,72,52,34,20,15,22,37,55,73,83,84,78,67,53,35
2003,2017/02/17,23,22,27,41,63,82,98,106,102,90,75,58,43,34,33,42,54,61,66,74,75,69,60,48
2003,2017/02/18,38,35,36,42,55,72,86,96,96,85,71,56,38,24,18,18,24,35,46,55,62,63,59,52
2003,2017/02/19,45,42,43,44,52,65,77,85,88,82,71,61,47,31,21,18,17,22,28,35,45,53,55,55
2003,2017/02/20,56,55,55,56,58,67,78,85,92,95,92,85,75,61,51,45,36,33,36,40,47,55,60,66
2003,2017/02/21,72,72,70,66,66,68,70,75,80,83,83,79,70,60,48,35,21,11,4,3,8,16,26,39
2003,2017/02/22,50,59,63,63,63,60,58,60,63,67,74,78,78,74,65,54,38,22,10,2,0,7,19,35
2003,2017/02/23,54,71,82,85,84,81,75,71,71,76,85,95,101,103,101,92,73,53,33,13,9999,9999,9999,9999
2003,2017/02/24,9999,9999,9999,9999,9999,9999,9999,9999,9999,9999,9999,9999,9999,9999,9999,9999,9999,9999,9999,9999,9999,9999,9999,1
2003,2017/02/25,25,50,72,84,89,86,73,59,48,41,45,57,71,86,99,100,91,72,45,17,-5,-18,-18,-6
2003,2017/02/26,16,43,67,85,95,93,81,64,47,35,31,41,58,76,95,104,102,88,62,31,5,-18,-28,-22
2003,2017/02/27,-6,18,48,70,85,90,80,62,43,24,15,21,34,55,79,96,103,96,76,47,16,-11,-28,-30
2003,2017/02/28,-18,6,34,60,81,90,85,69,46,24,8,4,13,31,57,84,99,102,92,68,38,11,-11,-20
2003,2017/03/01,-14,4,28,55,80,95,94,82,61,35,15,4,2,16,40,67,89,101,100,86,63,38,13,-1
2003,2017/03/02,-2,9,30,56,80,100,106,99,82,57,33,17,8,13,31,55,81,102,108,103,91,70,48,31
2003,2017/03/03,23,28,42,60,82,102,110,108,95,72,47,24,5,-3,3,19,42,64,80,86,80,67,50,34
2003,2017/03/04,23,24,32,45,65,84,97,103,95,78,58,36,14,1,-2,5,19,37,54,67,71,68,59,48
2003,2017/03/05,39,37,38,46,62,78,90,97,97,87,71,52,31,13,3,3,8,19,33,48,58,64,64,60
2003,2017/03/06,54,53,54,56,66,78,88,98,101,97,89,78,61,42,28,19,14,18,27,37,49,60,65,66
2003,2017/03/07,67,67,65,65,69,76,83,89,94,97,94,88,77,61,45,30,16,7,6,10,21,35,48,61
2003,2017/03/08,70,76,81,78,76,77,76,79,86,89,92,95,91,82,71,54,35,19,6,2,6,17,33,50
2003,2017/03/09,66,80,86,85,83,78,72,69,69,73,81,90,95,95,89,78,59,35,14,-1,-7,-2,13,33
2003,2017/03/10,55,75,88,91,89,82,70,61,56,54,61,74,84,91,95,90,73,51,26,3,-13,-16,-9,8
2003,2017/03/11,33,58,75,84,84,75,62,46,34,30,35,48,65,81,92,95,87,67,39,11,-10,-23,-22,-8
2003,2017/03/12,15,42,67,80,85,80,63,45,27,15,16,26,42,65,84,96,97,84,61,32,4,-15,-22,-15
2003,2017/03/13,5,33,58,79,89,88,74,53,31,13,6,12,27,48,73,93,103,99,82,56,29,6,-9,-8
2003,2017/03/14,6,30,59,82,97,102,91,71,47,25,12,10,18,38,64,88,104,107,97,77,53,28,9,2
2003,2017/03/15,9,28,55,81,101,111,106,88,64,38,19,10,12,27,51,77,98,109,106,93,73,48,27,15
2003,2017/03/16,15,28,49,72,92,105,103,89,67,40,18,3,-2,6,24,48,71,86,91,86,73,54,35,21
2003,2017/03/17,17,23,39,61,81,97,101,92,74,50,27,9,-1,-1,11,31,51,69,79,80,73,60,44,31
2003,2017/03/18,24,26,36,52,69,84,93,89,75,55,34,14,-1,-5,1,15,34,51,64,71,71,64,54,44
2003,2017/03/19,37,37,42,53,68,81,92,92,81,66,48,28,13,4,1,9,20,33,47,57,62,62,56,49
2003,2017/03/20,44,42,43,48,58,70,80,84,83,72,58,43,27,15,8,7,14,24,34,45,54,58,58,58
2003,2017/03/21,56,57,57,59,65,73,82,89,89,85,79,66,52,41,31,27,27,29,36,45,54,63,68,71
2003,2017/03/22,75,75,75,73,70,70,76,79,80,81,78,72,63,51,39,30,21,16,16,19,26,37,48,55
2003,2017/03/23,63,71,71,68,66,63,61,63,65,67,71,72,66,58,48,37,24,13,5,3,8,19,33,48
2003,2017/03/24,62,72,77,75,70,63,56,52,51,55,63,69,72,71,65,53,38,20,4,-4,-5,2,16,33
2003,2017/03/25,51,68,77,77,72,62,50,39,34,36,45,58,70,77,77,71,56,34,13,-4,-13,-12,-2,16
2003,2017/03/26,40,61,76,83,80,68,52,36,24,20,28,44,62,78,87,88,78,57,32,8,-10,-16,-10,6
2003,2017/03/27,30,57,78,90,90,80,62,41,23,13,15,29,50,73,91,101,99,84,59,32,10,-5,-8,3
2003,2017/03/28,24,50,75,92,96,90,70,45,20,1,-5,4,23,49,74,93,101,92,72,46,19,-1,-12,-9
2003,2017/03/29,8,33,59,82,92,90,76,51,20,-4,-17,-18,-4,20,49,79,96,98,87,65,40,18,1,-3
2003,2017/03/30,8,27,53,77,92,97,89,66,37,8,-15,-25,-18,0,30,63,88,103,103,89,68,46,28,19
2003,2017/03/31,21,34,57,79,97,107,103,85,58,26,-1,-19,-24,-14,7,36,66,86,95,92,80,61,43,31
2003,2017/04/01,27,35,53,72,91,105,107,96,75,47,19,-4,-19,-21,-9,14,39,63,80,87,84,73,58,47
2003,2017/04/02,41,42,52,67,83,99,106,102,87,64,39,16,-5,-16,-14,-2,18,40,58,71,77,74,67,58
2003,2017/04/03,51,49,54,63,75,88,98,98,90,76,57,34,14,-1,-9,-7,4,16,31,48,59,64,63,59
2003,2017/04/04,55,52,51,54,61,69,78,82,79,72,61,46,29,11,-4,-11,-11,-7,3,17,31,42,49,52
2003,2017/04/05,52,51,51,49,50,54,59,64,66,66,63,56,45,31,17,4,-4,-8,-6,1,15,28,40,51
2003,2017/04/06,58,61,61,57,52,50,49,51,54,58,63,65,63,57,48,34,21,9,1,2,9,18,35,52
2003,2017/04/07,65,74,76,71,64,56,49,45,44,49,58,67,73,75,70,61,44,24,9,1,2,11,25,44
2003,2017/04/08,63,76,82,81,70,58,47,35,30,33,43,58,72,83,88,84,72,52,29,13,6,9,21,41
2003,2017/04/09,62,81,94,96,87,72,55,37,25,21,30,45,63,82,93,94,87,67,42,22,6,-1,6,23
2003,2017/04/10,45,68,83,88,83,68,47,24,5,-4,-1,12,33,57,75,87,88,73,52,30,9,-3,-3,8
2003,2017/04/11,31,56,76,90,90,78,58,34,9,-6,-9,1,22,47,72,93,103,99,85,64,44,29,22,30
2003,2017/04/12,48,71,94,109,112,105,86,58,30,6,-7,-6,7,30,55,77,94,97,85,67,46,25,14,15
2003,2017/04/13,26,46,70,88,97,95,79,54,25,-1,-17,-21,-15,5,30,54,74,85,84,74,58,38,23,19
2003,2017/04/14,24,39,61,81,94,97,87,66,38,11,-9,-19,-18,-3,20,45,69,85,88,82,70,52,37,29
2003,2017/04/15,29,39,57,75,91,98,94,78,54,27,3,-13,-18,-10,6,29,54,73,82,83,77,63,49,39
2003,2017/04/16,36,41,53,69,84,95,95,85,64,39,17,0,-10,-9,1,18,39,58,72,79,79,71,59,50
2003,2017/04/17,46,47,53,65,78,87,92,87,71,52,31,9,-4,-10,-7,6,23,40,56,67,73,74,68,65
2003,2017/04/18,64,64,70,78,88,102,110,110,102,86,69,51,34,25,23,26,35,47,57,71,81,82,81,80
2003,2017/04/19,77,74,74,75,81,88,95,98,93,83,72,58,42,32,24,19,22,27,34,45,55,60,63,65
2003,2017/04/20,65,63,61,62,61,62,68,70,69,68,62,52,42,31,20,13,11,12,18,29,41,51,61,69
2003,2017/04/21,75,76,73,70,65,62,63,65,68,72,73,72,67,59,48,37,29,22,20,26,37,48,61,75
2003,2017/04/22,83,87,87,80,71,63,56,54,55,59,67,73,74,71,63,49,34,21,11,9,15,27,42,59
2003,2017/04/23,73,82,85,79,67,52,39,30,28,34,45,59,70,75,74,65,50,32,15,4,4,11,23,42
2003,2017/04/24,61,75,82,80,66,47,28,11,1,2,15,33,53,69,78,75,63,45,24,8,0,1,10,30
2003,2017/04/25,53,72,85,88,77,57,35,11,-8,-12,-3,16,40,65,83,90,88,74,52,30,14,7,10,25
2003,2017/04/26,48,71,90,98,93,76,50,22,-3,-17,-16,-1,24,56,84,101,108,101,82,62,44,30,27,36
2003,2017/04/27,55,78,99,114,114,101,78,45,12,-12,-22,-16,4,33,66,93,108,111,100,82,63,45,35,37
2003,2017/04/28,51,71,94,112,117,110,92,61,24,-6,-26,-32,-22,3,34,66,92,105,104,94,77,59,45,41
2003,2017/04/29,48,65,86,105,117,118,105,81,47,13,-12,-29,-31,-16,8,38,70,90,98,98,88,73,59,50
2003,2017/04/30,51,62,77,94,110,115,110,95,66,33,5,-18,-31,-27,-10,15,45,71,86,92,90,81,68,59
2003,2017/05/01,55,59,70,84,99,109,111,102,83,57,29,3,-16,-24,-19,-5,16,40,60,73,78,74,65,57
2003,2017/05/02,52,51,55,64,74,85,93,90,78,62,41,18,-3,-18,-23,-20,-8,10,28,44,57,62,60,55
2003,2017/05/03,51,46,44,47,54,62,70,73,69,62,49,33,16,1,-10,-15,-10,-1,13,30,45,56,61,61
2003,2017/05/04,59,56,50,47,47,51,56,60,62,62,58,52,41,27,14,4,-1,2,10,20,36,52,61,68
2003,2017/05/05,69,65,61,54,47,45,45,46,52,58,63,65,63,56,45,32,21,13,11,17,29,44,58,70
2003,2017/05/06,77,78,74,64,52,43,38,35,38,45,55,66,72,73,68,58,45,33,24,23,30,41,57,72
2003,2017/05/07,85,91,89,80,66,50,37,28,25,32,44,58,72,82,83,78,66,52,37,26,26,34,48,67
2003,2017/05/08,84,95,98,91,76,58,39,24,15,17,29,45,64,79,87,88,81,66,48,33,26,28,38,54
2003,2017/05/09,73,88,95,93,80,58,35,12,-5,-10,-3,13,35,58,75,84,83,73,56,39,28,24,28,42
2003,2017/05/10,64,82,94,97,88,70,46,19,-3,-13,-13,0,23,47,71,89,95,91,78,60,46,37,36,46
2003,2017/05/11,64,84,101,108,105,90,65,36,10,-9,-16,-9,8,33,60,82,94,95,85,71,56,43,35,39
2003,2017/05/12,53,72,90,101,103,93,71,43,13,-11,-24,-23,-10,12,38,62,82,91,88,77,62,48,38,37
2003,2017/05/13,46,62,80,95,102,98,82,57,27,0,-18,-23,-17,1,27,54,79,94,96,91,82,67,55,51
2003,2017/05/14,53,64,81,96,105,106,93,72,44,14,-9,-22,-23,-12,9,34,58,77,86,87,80,67,55,48
2003,2017/05/15,47,54,68,81,94,99,94,79,55,28,4,-13,-20,-15,0,22,44,65,80,85,82,75,66,57
2003,2017/05/16,54,55,64,77,88,97,99,89,69,46,22,3,-9,-11,-4,11,32,51,67,79,83,79,72,63
2003,2017/05/17,57,56,59,67,79,88,92,89,77,58,39,19,5,-3,-3,6,22,39,55,69,77,79,77,70
2003,2017/05/18,63,59,58,60,65,73,80,80,75,63,47,32,17,4,-1,2,10,23,38,52,64,72,74,72
2003,2017/05/19,65,60,56,52,53,58,63,68,69,64,55,44,31,19,9,5,6,13,25,39,52,65,73,74
2003,2017/05/20,73,68,60,53,48,47,50,56,61,62,61,59,52,40,29,20,14,14,20,29,43,59,69,77
2003,2017/05/21,80,76,69,58,46,38,35,37,42,50,58,63,64,58,49,38,27,21,19,22,34,50,64,77
2003,2017/05/22,84,86,81,67,51,37,26,21,25,34,48,63,73,77,75,65,52,39,29,27,33,45,61,76
2003,2017/05/23,90,98,95,83,64,42,22,10,6,12,27,47,68,81,86,84,73,58,44,34,32,40,55,73
2003,2017/05/24,91,103,105,97,79,53,26,4,-10,-10,3,25,51,74,90,96,92,79,63,48,39,40,49,65
2003,2017/05/25,85,103,112,108,93,68,36,5,-18,-29,-24,-5,24,54,81,98,104,98,83,66,52,46,48,60
2003,2017/05/26,79,99,113,117,108,88,57,21,-12,-33,-40,-29,-4,25,57,86,100,104,98,82,66,56,50,56
2003,2017/05/27,72,90,109,120,118,106,80,43,6,-25,-44,-45,-31,-6,27,59,84,98,98,89,76,61,52,51
2003,2017/05/28,60,76,95,109,115,111,93,64,28,-8,-34,-48,-46,-28,-2,28,59,81,90,89,80,68,57,51
2003,2017/05/29,52,64,79,96,109,111,103,83,53,19,-12,-33,-41,-35,-17,10,39,66,83,89,87,78,66,57
2003,2017/05/30,54,59,70,83,97,107,106,96,76,49,21,-3,-20,-25,-16,1,25,51,72,85,91,88,79,69
2003,2017/05/31,61,58,63,73,84,97,104,101,90,72,49,27,7,-5,-6,3,19,41,61,79,91,93,87,80
2003,2017/06/01,72,65,62,65,73,82,91,97,94,85,72,55,38,24,14,14,23,37,54,73,88,99,100,93
2003,2017/06/02,86,78,70,67,68,73,82,88,91,91,88,80,67,53,41,34,33,39,50,65,81,94,99,98
2003,2017/06/03,93,83,72,62,56,54,56,61,68,74,77,78,74,65,54,45,37,36,42,51,65,81,92,96
2003,2017/06/04,95,88,76,63,50,41,38,39,44,52,62,70,74,73,67,57,47,40,38,41,52,66,79,89
2003,2017/06/05,93,90,81,65,48,33,21,16,18,25,39,54,65,73,73,68,60,50,40,37,42,53,68,81
2003,2017/06/06,90,92,85,72,53,33,15,3,-1,3,16,34,53,67,77,78,71,60,50,41,40,47,59,74
2003,2017/06/07,89,97,97,87,69,47,24,4,-6,-8,2,22,44,65,81,89,89,82,69,58,51,52,62,76
2003,2017/06/08,91,106,111,105,91,69,43,18,-1,-9,-4,12,35,60,82,97,103,97,85,72,60,56,59,69
2003,2017/06/09,85,101,111,112,103,82,55,26,2,-13,-16,-4,17,41,67,88,99,100,92,78,66,57,55,61
2003,2017/06/10,77,93,106,115,111,95,72,42,13,-9,-16,-10,7,29,54,77,96,104,99,88,75,63,57,57
2003,2017/06/11,68,86,102,112,114,104,85,57,26,0,-16,-18,-8,11,37,64,86,99,102,94,82,71,61,56
2003,2017/06/12,63,77,91,105,112,109,95,70,39,10,-11,-22,-18,-3,19,45,69,86,95,92,83,71,60,52
2003,2017/06/13,53,62,76,90,101,104,95,76,50,22,-2,-17,-21,-12,6,29,54,76,88,92,88,78,66,56
2003,2017/06/14,52,57,67,80,94,101,99,87,66,40,16,-2,-12,-10,1,20,43,65,81,89,89,84,74,62
2003,2017/06/15,56,56,60,71,83,93,97,93,79,57,35,15,1,-4,0,13,32,52,71,85,90,90,83,72
2003,2017/06/16,64,60,57,62,73,83,91,93,85,71,55,36,20,10,7,13,28,45,62,77,87,92,88,79
2003,2017/06/17,70,61,54,52,55,63,72,78,78,73,62,49,35,21,15,14,20,32,46,62,76,85,87,82
2003,2017/06/18,74,64,53,44,42,45,51,60,66,67,67,62,51,40,31,24,24,30,40,54,70,83,90,90
2003,2017/06/19,84,77,62,47,38,33,34,42,52,60,69,73,71,65,56,48,43,41,45,55,68,82,93,98
2003,2017/06/20,99,90,76,59,39,24,18,18,25,38,52,65,74,75,71,64,54,47,44,47,56,71,85,95
2003,2017/06/21,101,100,89,69,46,25,8,0,2,12,30,52,71,84,92,90,83,74,67,63,67,77,90,103
2003,2017/06/22,116,120,113,96,71,43,15,-6,-14,-12,3,28,53,75,91,97,94,85,73,63,59,63,74,89
2003,2017/06/23,105,116,118,109,88,60,27,-3,-23,-29,-21,0,29,60,85,99,105,100,89,76,67,63,70,82
2003,2017/06/24,98,115,124,122,110,86,51,15,-15,-34,-37,-25,0,32,65,90,105,108,101,89,77,68,65,72
2003,2017/06/25,88,107,123,130,126,110,82,47,11,-18,-33,-32,-16,12,45,77,100,112,112,103,91,79,70,69
2003,2017/06/26,79,97,114,129,134,125,105,76,37,2,-21,-33,-28,-10,18,50,78,98,105,99,89,76,63,57
2003,2017/06/27,60,73,90,107,119,121,110,89,59,24,-5,-25,-31,-22,-1,28,57,81,95,96,91,80,65,54
2003,2017/06/28,52,57,71,87,103,113,112,101,80,51,22,0,-15,-16,-3,17,43,69,88,96,95,87,73,61
2003,2017/06/29,52,50,56,69,83,97,104,100,87,68,45,23,5,-4,-2,12,33,56,77,91,96,92,81,68
2003,2017/06/30,57,49,47,53,63,77,89,93,90,80,65,49,33,21,17,22,35,53,74,90,100,102,95,83
2003,2017/07/01,70,59,50,48,53,62,72,80,84,82,76,66,54,43,36,33,39,53,69,85,98,104,102,94
2003,2017/07/02,83,70,57,46,42,46,53,60,67,72,73,72,66,58,51,44,44,51,61,74,89,98,102,100
2003,2017/07/03,91,79,66,51,41,35,36,43,50,58,66,72,74,73,69,63,59,59,64,73,85,98,107,109
2003,2017/07/04,106,97,83,65,49,36,29,29,34,43,54,67,76,81,81,77,71,66,63,68,77,89,99,107
2003,2017/07/05,110,105,95,79,59,41,27,18,18,25,37,54,68,79,86,86,79,72,65,61,64,74,85,95
2003,2017/07/06,103,105,98,83,63,41,21,6,-1,2,14,31,52,71,83,90,88,80,71,63,61,66,75,86
2003,2017/07/07,99,107,105,95,78,55,31,10,-5,-8,0,16,39,61,79,91,95,90,79,69,63,61,67,80
2003,2017/07/08,93,106,112,108,94,72,44,19,-2,-13,-11,2,23,49,74,91,100,100,90,78,67,62,62,71
2003,2017/07/09,86,102,112,113,105,88,62,33,9,-11,-16,-8,10,35,63,85,101,106,100,90,78,67,63,68
2003,2017/07/10,80,97,112,120,119,107,84,55,24,0,-12,-12,2,25,52,78,97,108,107,98,84,72,64,61
2003,2017/07/11,70,85,101,115,120,113,95,68,38,11,-9,-15,-8,9,36,64,88,104,108,102,92,78,65,58
2003,2017/07/12,62,75,91,107,118,120,109,88,60,30,7,-6,-8,4,26,52,77,98,108,107,98,87,73,61
2003,2017/07/13,59,66,78,95,110,118,115,99,74,49,25,6,0,4,18,42,67,88,103,108,104,93,78,64
2003,2017/07/14,56,56,65,79,94,106,110,103,86,62,39,20,6,4,12,29,52,75,92,102,102,94,82,66
2003,2017/07/15,54,49,49,57,72,87,96,98,90,74,55,36,20,14,16,27,44,63,82,96,101,99,89,74
2003,2017/07/16,60,48,42,45,54,67,81,88,89,84,71,57,43,33,29,35,47,64,80,94,105,106,101,89
2003,2017/07/17,73,58,47,40,40,49,60,71,79,80,77,70,59,50,43,41,46,56,69,85,97,104,104,97
2003,2017/07/18,85,70,53,38,32,32,39,49,59,69,76,78,75,70,64,59,57,61,68,79,93,104,108,106
2003,2017/07/19,99,85,67,47,29,19,17,22,32,46,61,71,79,82,79,74,70,66,67,74,85,97,105,107
2003,2017/07/20,107,99,81,59,36,16,3,0,4,17,35,53,71,83,88,87,82,75,71,69,75,86,96,106
2003,2017/07/21,112,111,100,81,55,29,5,-12,-16,-8,7,31,55,76,92,98,95,89,80,73,74,79,87,100
2003,2017/07/22,112,119,117,105,81,53,22,-6,-23,-26,-16,6,32,62,87,100,103,99,88,78,72,71,78,91
2003,2017/07/23,107,120,129,126,111,87,55,22,-5,-20,-21,-8,17,50,80,103,115,117,107,93,81,74,74,83
2003,2017/07/24,99,118,132,139,134,117,88,53,19,-7,-20,-16,2,31,63,93,113,120,117,104,89,77,69,71
2003,2017/07/25,85,102,120,134,139,131,111,80,42,10,-11,-20,-11,12,40,72,98,112,115,106,91,76,63,57
2003,2017/07/26,64,80,98,117,130,131,121,98,66,33,6,-10,-11,3,27,56,85,104,111,107,95,78,60,48
2003,2017/07/27,47,56,72,90,107,118,116,103,80,51,23,2,-7,-2,15,40,67,91,104,107,99,84,65,49
2003,2017/07/28,40,43,54,69,87,103,110,105,92,71,47,26,13,10,19,37,61,85,102,109,106,94,76,59
2003,2017/07/29,46,40,43,53,67,84,95,99,93,79,63,46,31,25,28,38,57,78,96,107,109,103,87,69
2003,2017/07/30,54,42,36,40,49,62,76,83,84,82,72,59,48,41,39,45,56,71,89,102,109,109,99,83
2003,2017/07/31,69,55,44,40,41,49,60,69,75,78,76,71,65,59,55,56,62,72,84,97,106,110,106,95
2003,2017/08/01,81,67,53,41,37,38,43,51,60,68,74,76,74,72,70,67,67,72,80,90,101,108,108,104
2003,2017/08/02,94,81,67,52,40,34,31,34,42,51,61,70,75,78,79,76,73,73,72,77,87,95,99,102
2003,2017/08/03,98,88,76,59,42,30,20,16,21,30,43,58,70,79,84,84,79,74,71,71,75,83,92,98
2003,2017/08/04,100,97,88,73,54,35,20,9,6,12,25,42,60,76,86,90,88,82,75,70,69,75,84,93
2003,2017/08/05,102,106,101,90,73,51,29,11,1,2,12,28,51,72,88,98,98,92,83,74,68,68,74,86
2003,2017/08/06,99,109,112,105,89,67,42,19,2,-5,0,16,38,64,86,101,107,104,94,82,71,66,69,78
2003,2017/08/07,93,109,119,118,107,89,63,34,10,-4,-6,4,25,52,80,101,113,112,103,90,77,68,66,73
2003,2017/08/08,89,106,122,131,126,112,89,60,32,12,3,8,25,50,78,104,120,125,119,106,91,76,67,69
2003,2017/08/09,80,99,118,130,134,127,108,80,48,22,7,3,12,34,62,89,111,123,121,110,94,77,63,58
2003,2017/08/10,66,81,101,121,132,132,119,96,65,36,15,6,7,23,48,75,100,116,118,113,98,78,62,52
2003,2017/08/11,51,63,81,100,118,126,121,105,79,52,28,10,6,16,35,60,86,105,114,112,100,81,62,46
2003,2017/08/12,39,43,57,76,97,112,118,111,92,67,44,25,16,19,32,54,78,99,111,115,107,90,71,51
2003,2017/08/13,37,34,40,55,73,91,103,104,94,77,59,40,28,25,33,48,68,88,102,110,109,96,78,59
2003,2017/08/14,41,31,29,35,50,68,83,92,92,85,73,60,48,41,42,51,65,81,97,108,111,105,91,72
2003,2017/08/15,54,39,29,27,32,45,61,74,82,85,81,74,66,59,57,61,68,80,93,104,112,111,102,88
2003,2017/08/16,71,52,36,24,20,25,36,48,61,71,76,77,75,72,69,68,71,77,85,96,105,109,107,99
2003,2017/08/17,87,71,52,34,20,13,15,23,34,48,62,72,78,81,80,78,76,76,79,85,94,101,104,104
2003,2017/08/18,99,88,71,50,29,13,3,2,9,23,41,59,74,85,90,90,87,82,77,78,84,91,99,105
2003,2017/08/19,107,105,94,74,50,26,5,-7,-9,-2,17,39,61,80,93,97,96,88,78,72,72,76,85,97
2003,2017/08/20,108,113,111,98,76,49,21,-2,-17,-18,-6,14,41,68,88,100,102,93,80,70,63,61,67,81
2003,2017/08/21,96,110,118,115,101,77,46,15,-9,-21,-18,-2,24,53,78,98,106,101,88,73,60,52,53,64
2003,2017/08/22,81,101,117,123,119,103,74,41,10,-12,-19,-11,10,38,68,94,109,109,97,80,62,49,43,48
2003,2017/08/23,63,84,107,122,127,120,100,70,38,10,-7,-7,7,30,61,92,110,116,110,93,73,53,39,37
2003,2017/08/24,47,66,90,112,125,127,116,93,63,34,13,4,9,28,56,86,109,119,120,108,88,66,48,38
2003,2017/08/25,41,55,76,99,118,128,125,109,85,58,33,19,16,27,49,75,100,115,118,111,94,70,50,34
2003,2017/08/26,28,34,51,72,93,108,113,107,93,73,51,35,28,31,47,70,92,108,118,115,101,81,59,40
2003,2017/08/27,28,25,35,50,67,86,98,98,91,77,60,46,36,34,44,60,79,98,110,112,105,89,68,49
2003,2017/08/28,33,25,28,38,52,68,83,89,88,81,71,60,51,48,52,63,78,93,105,113,111,99,83,65
2003,2017/08/29,49,38,33,35,44,56,70,80,85,85,80,73,68,63,62,69,78,89,100,108,111,105,93,78
2003,2017/08/30,62,48,39,34,34,41,51,59,68,74,77,76,74,72,73,74,78,85,92,101,105,105,99,90
2003,2017/08/31,77,63,50,38,31,31,35,43,53,62,71,78,80,82,84,82,82,84,85,92,99,101,103,99
2003,2017/09/01,90,81,69,55,42,34,31,33,38,48,61,72,82,89,92,91,87,82,80,81,85,92,95,98
2003,2017/09/02,99,92,82,68,50,37,28,20,23,33,46,63,79,89,98,101,97,91,83,80,83,88,95,105
2003,2017/09/03,111,111,106,92,74,55,37,24,18,22,35,53,71,89,102,106,103,92,79,69,64,64,71,83
2003,2017/09/04,94,102,102,93,76,56,33,12,0,-2,8,26,48,71,90,101,101,91,77,64,54,49,54,68
2003,2017/09/05,83,98,107,105,91,72,46,20,1,-8,-5,10,34,60,83,99,104,97,82,66,50,42,43,54
2003,2017/09/06,72,94,111,116,111,95,72,44,16,1,-2,7,28,55,82,104,115,113,98,80,61,44,38,46
2003,2017/09/07,62,85,108,122,125,116,95,66,37,14,4,7,22,48,76,102,118,120,111,93,71,49,36,35
2003,2017/09/08,46,69,96,116,129,128,113,90,61,34,18,12,20,41,67,94,114,121,116,98,74,50,30,21
2003,2017/09/09,26,42,67,93,112,121,117,98,74,48,27,17,19,31,56,83,104,116,116,104,82,55,31,16
2003,2017/09/10,11,21,41,66,91,108,113,104,85,63,42,28,24,32,49,72,95,109,115,108,89,64,39,16
2003,2017/09/11,5,5,17,39,63,85,100,100,90,76,58,43,37,37,48,69,90,106,115,115,104,83,60,39
2003,2017/09/12,22,14,20,34,56,80,95,103,104,96,85,75,65,64,69,80,96,110,120,124,117,102,83,59
2003,2017/09/13,38,24,16,19,30,45,63,79,85,86,83,76,71,68,69,75,85,96,105,111,112,105,91,74
2003,2017/09/14,55,37,23,16,15,25,38,52,65,73,78,80,80,77,75,76,81,86,91,99,105,103,97,89
2003,2017/09/15,74,57,40,24,15,15,18,28,42,55,68,76,81,85,85,84,83,82,82,87,92,95,97,95
2003,2017/09/16,88,78,62,42,24,11,5,6,14,28,46,62,76,85,88,86,81,74,69,69,73,78,86,92
2003,2017/09/17,95,92,83,66,45,24,8,-1,-1,10,28,49,70,86,95,96,91,80,71,67,68,74,86,105
2003,2017/09/18,122,129,129,120,103,85,62,34,16,15,26,45,67,85,98,103,98,85,70,55,48,49,56,72
2003,2017/09/19,91,106,115,113,98,76,48,20,1,-5,1,19,45,71,92,105,105,93,73,54,39,30,34,48
2003,2017/09/20,68,90,108,116,112,96,71,42,18,3,2,16,39,67,95,114,120,113,93,68,48,33,29,38
2003,2017/09/21,54,79,104,119,124,118,97,69,42,19,10,15,32,58,85,107,118,114,97,73,46,24,13,15
2003,2017/09/22,29,51,77,100,112,113,102,80,52,29,14,10,22,44,71,98,113,114,103,81,55,30,11,5
2003,2017/09/23,13,32,58,84,103,112,108,92,70,48,30,22,27,43,67,92,111,117,111,95,70,42,19,7
2003,2017/09/24,6,18,40,64,86,102,106,98,82,63,45,34,34,43,62,85,105,115,114,102,80,54,31,13
2003,2017/09/25,5,11,26,46,68,86,97,97,88,74,59,47,42,46,59,79,98,109,113,107,90,68,45,25
2003,2017/09/26,13,10,18,34,53,71,85,91,88,81,72,61,56,56,63,78,93,104,111,109,97,79,59,39
2003,2017/09/27,24,17,18,27,41,56,72,82,86,84,79,73,68,66,70,80,90,100,108,109,103,92,76,58
2003,2017/09/28,45,33,28,31,39,51,63,74,84,88,88,89,86,80,80,83,91,101,106,109,109,102,91,78
2003,2017/09/29,63,50,40,34,34,38,45,54,64,72,78,81,83,83,83,84,84,84,85,87,89,88,82,74
2003,2017/09/30,65,54,44,33,25,23,25,29,40,51,61,72,78,80,81,79,75,70,66,67,72,74,75,76
2003,2017/10/01,72,66,55,41,30,19,12,12,18,29,45,59,70,80,84,84,78,68,62,59,60,66,73,79
2003,2017/10/02,83,82,74,62,47,30,17,11,11,21,37,56,75,88,96,98,91,78,66,57,54,56,66,81
2003,2017/10/03,93,99,99,89,73,54,35,22,17,20,33,55,76,93,105,109,101,86,68,52,42,40,49,64
2003,2017/10/04,80,96,103,100,88,68,44,24,10,7,17,35,59,81,98,106,104,88,66,44,28,21,26,41
2003,2017/10/05,64,87,103,108,101,83,58,33,12,2,5,20,43,69,92,106,107,94,72,46,23,9,6,17
2003,2017/10/06,40,68,92,106,109,99,77,50,27,10,5,13,32,57,84,102,108,101,81,53,25,4,-6,-1
2003,2017/10/07,18,49,78,100,114,112,97,75,50,29,19,20,33,55,81,104,116,112,95,69,38,10,-9,-13
2003,2017/10/08,-3,22,53,82,103,113,107,90,67,46,30,26,32,49,73,98,113,115,104,81,50,19,-7,-21
2003,2017/10/09,-19,-2,24,55,83,100,105,99,83,64,49,41,41,53,73,94,111,119,114,98,74,44,15,-6
2003,2017/10/10,-15,-7,10,35,65,87,100,104,96,82,70,58,54,61,74,91,109,118,120,112,92,65,38,12
2003,2017/10/11,-3,-6,0,17,40,64,85,96,97,92,83,74,67,67,75,88,101,113,119,116,105,87,64,42
2003,2017/10/12,23,9,5,11,25,44,63,78,87,88,86,82,77,74,76,81,88,97,104,105,101,90,75,56
2003,2017/10/13,35,20,9,3,8,19,32,49,64,72,78,80,78,76,73,74,77,79,84,89,89,86,80,69
2003,2017/10/14,56,41,25,14,7,8,14,25,41,53,65,75,78,77,77,74,70,69,69,71,75,79,81,79
2003,2017/10/15,73,64,50,33,18,8,5,9,20,35,50,65,75,78,77,73,64,54,48,44,46,55,61,68
2003,2017/10/16,73,72,64,49,31,16,3,-1,5,18,35,56,71,80,85,80,68,54,40,33,33,37,50,64
2003,2017/10/17,76,86,86,75,60,40,19,8,5,10,27,50,70,86,96,93,83,64,43,27,19,20,31,47
2003,2017/10/18,66,83,91,89,78,58,35,17,6,6,18,39,62,81,95,98,87,67,44,21,5,1,7,24
2003,2017/10/19,47,72,91,97,92,80,58,35,19,9,14,31,52,77,98,104,99,83,57,30,7,-5,-4,8
2003,2017/10/20,31,59,83,100,105,96,80,58,37,24,21,31,51,74,98,113,112,98,73,43,15,-5,-12,-6
2003,2017/10/21,13,41,70,91,105,106,94,75,54,36,28,30,44,66,89,108,114,104,84,56,26,2,-12,-13
2003,2017/10/22,0,24,51,77,99,107,102,90,71,52,43,41,48,67,91,111,122,121,106,84,56,30,13,5
2003,2017/10/23,13,36,62,96,130,143,148,148,133,114,91,79,88,93,105,126,134,134,126,98,70,45,16,3
2003,2017/10/24,4,9,29,53,73,93,102,97,89,74,59,53,50,54,71,87,99,107,102,88,66,39,15,-3
2003,2017/10/25,-12,-8,6,24,47,68,80,86,84,73,62,54,49,52,63,77,89,97,98,90,73,52,31,10
2003,2017/10/26,-1,-2,4,16,35,53,68,79,83,78,72,66,61,60,66,76,84,91,95,91,79,64,45,26
2003,2017/10/27,12,5,4,10,24,38,51,66,75,75,74,71,66,63,66,70,74,80,85,85,80,70,56,39
2003,2017/10/28,24,15,9,8,15,25,35,49,60,66,70,72,69,67,66,65,66,67,70,73,71,69,64,51
2003,2017/10/29,41,33,22,18,19,20,30,43,54,67,78,84,89,90,88,85,83,83,82,86,92,95,98,97
2003,2017/10/30,89,82,68,45,38,38,31,41,54,56,66,79,82,86,86,77,70,62,55,56,59,64,72,76
2003,2017/10/31,79,78,68,56,45,33,26,27,32,44,60,76,87,92,93,86,70,53,41,34,34,44,56,67
2003,2017/11/01,79,84,80,70,56,40,25,19,21,29,46,67,84,96,103,96,80,61,41,25,20,27,39,57
2003,2017/11/02,77,89,94,91,77,57,39,25,19,23,36,56,76,93,104,102,87,65,39,16,3,3,15,35
2003,2017/11/03,61,85,99,103,96,78,58,41,28,25,35,53,75,98,114,117,106,83,54,24,2,-6,-2,15
2003,2017/11/04,43,74,98,112,114,103,83,62,44,32,35,50,68,89,110,119,115,95,64,30,-1,-21,-26,-17
2003,2017/11/05,7,41,72,96,109,105,90,72,51,35,31,36,51,73,94,108,110,97,71,37,2,-26,-41,-42
2003,2017/11/06,-25,4,36,68,92,100,96,85,66,48,39,38,47,67,89,105,114,108,88,58,22,-10,-35,-47
2003,2017/11/07,-41,-20,9,40,70,88,94,90,76,60,49,44,46,60,80,98,110,113,102,79,49,15,-14,-33
2003,2017/11/08,-39,-30,-9,20,50,74,90,95,90,79,68,61,59,67,81,97,112,119,115,100,78,50,19,-7
2003,2017/11/09,-21,-25,-17,2,25,50,72,84,86,81,72,65,58,58,66,77,89,100,103,96,83,62,37,14
2003,2017/11/10,-5,-17,-19,-10,7,28,49,68,77,80,79,73,67,65,67,74,84,92,98,100,95,84,68,50
2003,2017/11/11,35,20,13,14,20,33,53,67,80,89,91,87,80,76,76,74,74,78,82,84,86,83,75,65
2003,2017/11/12,51,35,22,13,8,13,23,36,52,64,73,76,74,71,66,59,55,54,54,58,64,67,68,67
2003,2017/11/13,61,53,41,28,19,15,17,26,40,56,71,80,83,83,78,68,58,48,42,42,48,57,65,71
2003,2017/11/14,76,75,67,56,43,9999,9999,9999,9999,9999,9999,9999,9999,9999,9999,81,65,51,39,31,33,41,54,67
2003,2017/11/15,78,85,85,76,63,49,36,29,33,44,62,79,93,102,103,93,75,52,31,16,11,15,27,47
2003,2017/11/16,68,83,92,90,80,67,51,36,32,37,49,68,84,97,103,97,80,56,31,8,-4,-6,3,22
2003,2017/11/17,46,68,85,93,90,78,61,45,36,33,40,57,76,93,104,103,89,66,37,10,-9,-15,-10,6
2003,2017/11/18,31,59,83,98,104,99,82,65,52,43,47,62,78,99,115,117,109,89,60,30,3,-13,-17,-11
2003,2017/11/19,12,41,67,90,101,98,88,74,56,44,41,47,64,83,99,109,106,89,63,31,0,-22,-32,-27
2003,2017/11/20,-9,17,45,70,88,95,91,79,62,49,41,42,53,70,88,103,107,96,77,50,21,-3,-19,-25
2003,2017/11/21,-15,2,22,47,72,87,89,82,69,54,44,39,43,57,74,90,99,95,79,55,26,-3,-25,-35
2003,2017/11/22,-33,-19,6,32,54,74,83,80,73,62,50,45,46,56,72,88,100,101,91,74,49,21,-3,-19
2003,2017/11/23,-22,-13,5,29,54,75,90,95,92,85,76,68,66,70,80,94,106,110,106,93,72,45,18,2
2003,2017/11/24,-8,-7,4,21,42,63,78,87,87,81,73,63,55,56,63,73,84,91,92,85,70,49,29,9
2003,2017/11/25,-6,-10,-7,4,19,38,55,66,72,72,66,60,55,51,52,57,63,69,73,70,63,51,34,16
2003,2017/11/26,0,-8,-9,-5,5,21,37,52,62,66,66,63,58,52,48,47,48,54,59,60,59,54,43,29
2003,2017/11/27,15,4,-3,-6,-2,6,18,32,46,56,62,61,59,54,47,42,38,37,39,41,44,45,42,37
2003,2017/11/28,29,19,12,5,1,5,12,24,38,49,59,66,65,61,55,44,34,27,24,26,32,38,45,48
2003,2017/11/29,45,43,35,24,17,14,16,25,37,52,67,76,80,78,70,57,41,25,16,12,15,24,35,47
2003,2017/11/30,55,57,54,45,32,23,19,19,28,41,57,72,83,86,82,69,51,30,11,1,1,9,26,45
2003,2017/12/01,61,73,78,72,61,48,35,28,30,40,56,73,87,95,93,83,62,32,5,-15,-23,-19,-4,18
2003,2017/12/02,43,64,78,81,73,60,44,32,28,30,42,59,76,90,95,89,71,41,8,-20,-40,-45,-36,-15
2003,2017/12/03,14,44,69,82,83,75,62,46,35,32,38,52,71,89,101,103,89,62,29,-8,-36,-52,-54,-38
2003,2017/12/04,-10,22,57,81,90,92,84,68,54,45,44,55,72,92,109,117,113,95,64,25,-9,-34,-47,-42
2003,2017/12/05,-21,10,46,78,99,110,109,97,81,69,62,65,77,94,112,127,129,116,91,56,16,-18,-41,-50
2003,2017/12/06,-42,-19,12,46,74,92,100,95,83,71,59,55,60,72,89,107,114,111,97,69,37,2,-30,-48
2003,2017/12/07,-52,-41,-16,13,43,69,83,86,82,70,59,53,51,59,73,90,104,110,104,92,67,36,7,-19
2003,2017/12/08,-34,-32,-19,4,32,60,81,91,91,85,75,66,59,59,66,80,94,105,107,101,85,62,37,12
2003,2017/12/09,-7,-15,-12,0,21,44,66,83,89,88,82,70,60,55,54,60,70,78,84,86,78,66,50,29
2003,2017/12/10,10,-3,-8,-6,6,25,45,64,76,81,79,72,63,55,49,49,54,60,67,75,77,73,67,57
2003,2017/12/11,42,32,22,18,22,33,48,67,82,91,96,92,83,74,64,56,54,53,56,62,68,72,72,70
2003,2017/12/12,65,56,46,37,33,37,44,57,73,86,93,95,89,78,67,54,42,33,29,32,38,45,52,59
2003,2017/12/13,61,59,54,46,38,33,36,45,57,71,83,88,89,84,74,58,40,24,14,10,14,22,35,49
2003,2017/12/14,58,65,67,60,50,44,39,40,49,60,72,84,90,89,82,67,47,26,8,-3,-5,2,16,32
2003,2017/12/15,49,62,71,71,64,55,46,40,43,52,66,80,91,96,94,83,63,39,15,-3,-12,-11,2,21
2003,2017/12/16,42,64,80,86,84,77,67,58,54,56,65,78,92,104,108,102,86,62,36,13,-4,-11,-2,15
2003,2017/12/17,37,61,82,91,92,86,76,66,57,54,59,69,84,99,107,105,94,71,42,13,-11,-24,-24,-12
2003,2017/12/18,8,34,61,79,89,90,82,69,58,50,50,57,71,87,101,106,101,82,54,24,-2,-22,-30,-25
2003,2017/12/19,-9,18,46,69,86,93,90,82,70,61,58,61,72,87,100,108,104,88,65,37,5,-20,-34,-37
2003,2017/12/20,-24,-1,26,52,73,85,86,77,66,55,47,45,52,67,84,97,102,95,74,47,18,-12,-31,-39
2003,2017/12/21,-35,-17,10,36,59,78,84,80,71,58,47,41,44,56,73,88,97,95,83,61,32,3,-20,-33
2003,2017/12/22,-36,-25,-4,20,44,64,76,77,70,60,49,40,38,45,59,75,88,93,88,71,48,22,-2,-20
2003,2017/12/23,-27,-23,-8,13,35,57,73,80,78,70,59,48,43,44,52,66,78,86,86,76,60,38,14,-5
2003,2017/12/24,-17,-19,-11,6,26,47,65,76,79,75,66,56,49,47,49,58,69,79,87,87,78,64,46,27
2003,2017/12/25,13,9,13,26,44,62,81,94,98,94,86,77,69,57,51,55,61,68,76,79,75,66,51,35
2003,2017/12/26,23,13,11,15,24,39,57,73,88,96,95,85,73,61,54,51,51,51,55,67,71,67,62,54
2003,2017/12/27,42,34,27,23,27,35,50,68,81,89,92,84,74,64,51,41,36,33,35,42,50,58,62,60
2003,2017/12/28,55,48,41,35,31,34,41,52,65,78,85,85,80,70,56,40,26,15,11,15,23,34,46,55
2003,2017/12/29,59,60,56,49,43,40,41,47,57,71,83,89,91,87,74,57,38,18,4,-2,0,9,25,43
2003,2017/12/30,56,66,69,62,54,49,44,45,51,63,78,87,91,92,82,64,42,14,-11,-24,-28,-21,-4,17
2003,2017/12/31,40,62,74,75,71,63,54,49,49,56,69,82,94,101,99,87,66,36,4,-21,-34,-36,-25,-2
