2003,2022/01/01,27,52,71,79,78,72,64,56,54,59,67,77,88,94,92,79,55,23,-11,-39,-56,-63,-54,-33
2003,2022/01/02,-5,25,53,72,81,83,76,67,61,59,66,77,88,102,108,102,87,60,24,-10,-40,-60,-65,-57
2003,2022/01/03,-37,-6,27,52,71,80,78,70,62,56,56,61,73,90,102,105,98,77,46,10,-25,-50,-66,-67
2003,2022/01/04,-50,-23,8,40,65,82,88,83,72,62,55,57,66,82,97,109,110,96,73,40,3,-30,-53,-64
2003,2022/01/05,-60,-43,-16,12,39,64,77,77,70,61,50,44,47,58,75,92,99,97,85,60,27,-7,-37,-59
2003,2022/01/06,-65,-54,-35,-10,20,47,63,69,66,56,46,35,31,39,52,69,85,91,86,72,49,20,-9,-32
2003,2022/01/07,-45,-43,-30,-9,17,40,57,66,64,59,48,32,22,23,31,45,61,72,78,73,58,38,13,-11
2003,2022/01/08,-28,-33,-27,-14,6,30,50,62,67,65,55,41,29,22,23,30,43,56,64,66,62,50,33,14
2003,2022/01/09,-1,-8,-8,-1,15,35,53,67,73,73,67,54,38,27,20,18,24,32,40,48,51,48,40,26
2003,2022/01/10,13,5,1,1,10,26,43,56,66,72,69,60,48,35,24,16,14,18,23,30,38,42,40,37
2003,2022/01/11,32,25,22,19,23,34,46,58,71,80,81,76,67,57,46,33,26,25,26,32,42,51,56,60
2003,2022/01/12,59,52,49,48,44,49,61,68,77,87,89,88,83,70,55,39,21,8,2,0,6,18,28,39
2003,2022/01/13,49,54,57,58,56,57,60,64,72,82,88,89,87,81,71,54,35,16,0,-6,-2,4,17,33
2003,2022/01/14,47,61,70,71,69,67,65,64,66,73,80,84,87,86,77,62,42,18,-4,-20,-26,-21,-11,5
2003,2022/01/15,23,40,55,61,62,62,58,52,51,55,61,70,76,79,76,65,47,23,-5,-26,-37,-42,-37,-18
2003,2022/01/16,4,26,47,61,67,65,60,57,49,47,57,64,73,84,86,83,69,45,19,-10,-32,-41,-41,-28
2003,2022/01/17,-5,19,44,62,71,74,69,59,51,47,48,54,64,76,86,87,77,59,32,2,-23,-40,-45,-37
2003,2022/01/18,-19,7,34,57,72,78,76,70,58,50,50,53,62,77,88,96,96,77,49,19,-12,-36,-50,-51
2003,2022/01/19,-36,-12,16,44,64,76,78,70,57,48,41,41,50,63,80,94,96,89,70,41,11,-18,-40,-47
2003,2022/01/20,-41,-22,6,33,58,76,82,78,68,55,46,43,44,57,76,91,100,98,84,60,29,-1,-25,-41
2003,2022/01/21,-42,-29,-6,21,46,67,79,77,67,54,41,31,29,37,53,70,83,89,83,67,44,15,-12,-32
2003,2022/01/22,-41,-36,-18,7,33,57,72,77,70,58,45,33,24,27,39,53,70,81,81,74,59,35,10,-11
2003,2022/01/23,-25,-26,-16,2,27,52,71,81,78,68,55,39,27,25,30,42,58,71,79,80,71,56,38,18
2003,2022/01/24,2,-3,-1,8,26,47,67,80,81,74,63,46,29,19,17,23,35,48,59,65,66,59,47,31
2003,2022/01/25,16,7,5,10,23,41,58,73,78,75,67,50,31,19,11,8,14,23,33,42,49,52,49,41
2003,2022/01/26,32,25,21,22,29,42,57,72,80,83,78,66,49,32,18,10,7,8,14,23,33,43,49,52
2003,2022/01/27,50,45,42,42,43,49,59,70,79,83,82,73,59,41,24,8,-5,-11,-12,-8,1,15,29,40
2003,2022/01/28,49,53,56,56,54,56,61,68,76,83,88,86,77,65,49,29,9,-8,-21,-25,-21,-10,7,25
2003,2022/01/29,42,57,67,70,70,67,66,69,74,79,87,92,90,83,71,53,28,3,-20,-34,-38,-34,-21,-1
2003,2022/01/30,22,45,63,72,74,72,68,65,64,68,75,84,89,90,86,73,49,20,-9,-34,-49,-53,-47,-30
2003,2022/01/31,-5,23,49,68,78,80,74,66,60,57,63,73,83,93,98,92,77,50,16,-17,-45,-62,-65,-55
2003,2022/02/01,-32,-2,29,54,72,79,76,67,57,49,50,58,69,85,100,104,97,78,46,10,-22,-47,-60,-58
2003,2022/02/02,-44,-19,13,41,63,76,76,68,55,41,34,36,42,58,78,91,95,88,64,31,-3,-34,-55,-62
2003,2022/02/03,-55,-35,-6,23,49,67,74,67,54,39,26,22,28,41,64,85,97,98,84,58,27,-7,-35,-49
2003,2022/02/04,-50,-36,-12,15,43,66,76,75,63,47,32,21,17,26,44,66,85,96,94,80,58,30,1,-19
2003,2022/02/05,-25,-19,-1,23,49,72,86,89,80,63,44,28,17,18,31,49,69,83,87,82,68,46,21,-1
2003,2022/02/06,-13,-12,2,21,43,66,80,84,79,63,45,26,9,2,7,20,38,56,66,68,64,50,30,13
2003,2022/02/07,1,-4,2,16,35,55,71,78,77,66,50,31,12,-2,-6,1,16,30,41,50,51,44,35,23
2003,2022/02/08,12,8,10,18,36,54,67,79,80,70,60,43,22,9,0,-3,3,12,22,32,38,41,38,31
2003,2022/02/09,26,23,23,26,36,50,61,70,74,70,62,49,31,15,2,-6,-8,-5,1,11,21,28,32,34
2003,2022/02/10,34,34,35,36,43,51,59,70,75,74,72,63,50,37,23,11,2,-3,-3,3,10,20,29,35
2003,2022/02/11,42,47,49,51,53,56,62,67,70,73,74,70,61,50,37,23,8,-4,-12,-14,-10,-1,10,23
2003,2022/02/12,35,45,51,54,55,56,56,58,60,63,67,69,66,59,51,39,22,3,-12,-22,-23,-16,-5,10
2003,2022/02/13,27,43,54,59,60,59,55,51,50,51,56,64,67,66,64,53,35,13,-9,-28,-37,-37,-27,-11
2003,2022/02/14,11,34,52,63,66,64,59,53,47,47,52,61,70,77,80,74,58,37,11,-16,-33,-39,-36,-21
2003,2022/02/15,1,27,51,66,73,74,67,58,50,45,48,59,69,82,92,93,84,64,36,6,-18,-32,-34,-24
2003,2022/02/16,-3,25,51,72,85,87,80,68,55,46,44,51,64,78,94,102,97,81,56,24,-5,-27,-38,-33
2003,2022/02/17,-16,9,39,64,81,89,84,70,55,41,34,38,48,62,81,97,101,93,72,42,10,-18,-36,-41
2003,2022/02/18,-31,-8,21,48,69,81,77,64,46,26,14,13,19,34,56,74,84,85,72,47,17,-13,-37,-49
2003,2022/02/19,-43,-25,2,30,54,71,75,65,47,27,12,4,4,16,38,61,80,89,86,70,46,19,-6,-24
2003,2022/02/20,-27,-15,8,37,64,83,93,90,74,51,32,17,10,14,29,54,76,88,93,88,67,44,21,-2
2003,2022/02/21,-13,-10,4,27,52,71,82,83,70,47,24,4,-10,-13,-4,14,36,55,66,68,60,44,25,7
2003,2022/02/22,-5,-6,2,18,40,61,74,78,69,50,27,6,-13,-23,-19,-7,9,26,41,50,51,44,33,20
2003,2022/02/23,10,8,10,20,37,55,70,78,73,59,41,18,-4,-20,-26,-23,-12,2,16,31,40,43,40,33
2003,2022/02/24,28,27,27,33,46,60,73,81,80,71,56,37,15,-6,-18,-23,-23,-16,-6,5,18,26,31,35
2003,2022/02/25,38,40,43,44,50,59,67,75,78,73,65,53,35,17,1,-12,-22,-25,-23,-17,-6,6,19,30
2003,2022/02/26,39,47,52,54,57,61,66,71,74,75,74,69,60,46,30,14,-3,-19,-27,-27,-21,-10,5,22
2003,2022/02/27,40,56,67,72,74,74,74,75,77,81,85,89,87,77,65,45,19,-3,-22,-35,-38,-34,-23,-1
2003,2022/02/28,22,46,63,70,71,68,62,56,54,55,60,68,73,75,73,62,41,15,-13,-35,-47,-52,-44,-26
2003,2022/03/01,-1,25,48,64,71,68,61,51,41,38,45,57,71,83,91,90,76,52,23,-6,-28,-41,-44,-31
2003,2022/03/02,-8,20,48,68,76,76,68,53,38,29,28,39,54,72,89,96,90,72,43,9,-20,-40,-49,-42
2003,2022/03/03,-22,5,34,59,74,79,73,57,37,22,16,18,30,51,74,90,93,83,62,31,-2,-27,-42,-45
2003,2022/03/04,-31,-6,21,47,67,74,68,53,31,8,-5,-7,3,22,49,75,89,90,77,54,24,-3,-24,-32
2003,2022/03/05,-24,-4,22,48,71,84,84,71,50,26,7,-1,3,17,45,73,91,100,96,77,54,30,4,-11
2003,2022/03/06,-10,5,29,54,78,94,96,85,65,38,13,-4,-12,-6,13,40,64,80,85,77,61,40,20,4
2003,2022/03/07,-1,7,24,46,69,86,90,85,67,40,16,-3,-16,-17,-4,17,39,58,69,70,62,47,31,17
2003,2022/03/08,10,13,26,43,63,79,87,85,72,50,27,6,-12,-20,-16,-2,17,35,50,56,54,47,36,24
2003,2022/03/09,19,21,27,40,56,71,79,81,72,54,34,15,-4,-16,-19,-13,-1,12,26,37,41,40,35,28
2003,2022/03/10,24,25,28,35,48,61,69,73,69,56,41,24,6,-8,-16,-17,-12,-4,7,18,26,32,33,32
2003,2022/03/11,32,34,38,42,49,57,64,70,68,61,52,40,25,12,2,-4,-7,-5,0,8,19,29,35,40
2003,2022/03/12,46,50,52,56,58,60,63,66,67,65,60,53,45,31,18,8,-4,-12,-14,-11,-4,5,15,26
2003,2022/03/13,36,44,50,50,50,52,52,52,54,54,55,56,52,43,34,23,9,-4,-13,-17,-14,-4,10,25
2003,2022/03/14,42,57,64,66,68,64,60,58,55,56,61,65,67,66,60,48,32,12,-6,-18,-21,-16,-4,13
2003,2022/03/15,33,52,64,71,72,67,59,52,46,47,55,63,73,79,78,69,50,28,7,-13,-26,-29,-21,-2
2003,2022/03/16,21,43,61,70,71,65,53,41,32,28,33,45,59,72,79,80,69,47,22,-4,-24,-33,-30,-15
2003,2022/03/17,9,35,58,72,76,71,57,41,27,16,15,26,42,59,75,83,77,60,36,6,-19,-36,-42,-32
2003,2022/03/18,-10,18,46,66,74,72,58,38,19,4,-1,7,23,43,67,83,90,83,63,36,9,-14,-24,-18
2003,2022/03/19,0,30,60,84,101,103,89,70,46,24,11,12,25,46,74,98,110,111,98,73,45,18,-2,-7
2003,2022/03/20,3,23,49,72,88,92,81,59,33,6,-14,-21,-16,0,27,55,76,85,82,67,43,17,-3,-15
2003,2022/03/21,-13,5,29,53,73,82,78,60,34,5,-20,-36,-39,-28,-5,23,50,67,74,68,52,32,12,-2
2003,2022/03/22,-4,5,25,48,70,84,84,71,47,18,-11,-33,-43,-40,-25,0,25,46,61,65,59,46,30,18
2003,2022/03/23,13,16,28,47,68,82,87,79,60,33,4,-20,-36,-42,-36,-18,4,27,46,55,56,53,45,37
2003,2022/03/24,33,34,40,53,69,84,92,88,74,53,29,5,-15,-29,-34,-26,-12,3,18,33,41,43,43,39
2003,2022/03/25,36,38,39,44,56,67,74,75,68,52,33,13,-7,-26,-36,-38,-35,-27,-16,-1,11,21,28,33
2003,2022/03/26,37,42,45,47,55,63,69,75,76,69,60,47,31,16,4,-5,-8,-5,1,10,21,32,42,51
2003,2022/03/27,60,67,70,70,71,71,72,71,69,68,65,58,51,39,23,9,-6,-18,-22,-22,-16,-3,11,26
2003,2022/03/28,43,55,62,64,61,56,49,44,43,46,50,51,50,45,35,19,0,-17,-32,-41,-42,-35,-23,-3
2003,2022/03/29,18,35,47,51,48,42,32,24,20,22,30,41,50,54,52,44,27,3,-17,-34,-43,-42,-32,-13
2003,2022/03/30,13,36,52,59,58,50,36,21,10,8,15,31,48,62,70,70,58,37,11,-12,-29,-36,-31,-14
2003,2022/03/31,10,36,57,68,70,63,46,25,6,-4,-1,13,34,56,73,81,77,59,34,8,-14,-28,-31,-19
2003,2022/04/01,3,28,50,65,68,61,44,21,-2,-19,-23,-14,5,30,54,70,75,67,47,22,-1,-21,-30,-26
2003,2022/04/02,-8,17,42,60,68,65,49,24,-4,-27,-38,-35,-20,6,35,58,72,73,60,39,16,-6,-20,-21
2003,2022/04/03,-9,12,36,57,69,69,54,30,1,-27,-45,-51,-43,-21,7,36,58,66,60,47,28,7,-9,-14
2003,2022/04/04,-6,11,32,54,68,72,63,42,12,-17,-39,-52,-52,-37,-12,17,42,57,61,54,40,23,8,1
2003,2022/04/05,5,16,35,56,71,79,76,58,32,4,-21,-39,-45,-38,-21,4,30,49,60,60,53,39,26,18
2003,2022/04/06,18,25,39,56,72,81,81,69,48,23,-1,-22,-36,-36,-26,-7,16,35,50,56,54,46,36,28
2003,2022/04/07,25,28,37,50,63,74,78,71,55,34,10,-10,-26,-33,-29,-16,1,20,36,48,55,54,48,44
2003,2022/04/08,43,44,50,59,68,78,81,76,64,47,28,8,-10,-22,-25,-21,-11,2,16,30,41,45,45,44
2003,2022/04/09,43,45,48,53,60,68,72,73,67,57,45,30,14,3,-7,-10,-6,0,8,22,33,40,44,48
2003,2022/04/10,50,53,54,55,58,62,65,66,63,57,51,40,27,16,4,-4,-8,-9,-7,2,14,24,33,43
2003,2022/04/11,50,54,56,56,54,53,54,53,52,52,52,48,42,34,24,13,3,-7,-11,-8,1,12,25,40
2003,2022/04/12,52,60,64,63,58,53,49,46,45,47,53,56,58,57,48,36,23,7,-5,-9,-7,2,18,36
2003,2022/04/13,54,66,72,71,65,54,45,37,33,36,44,53,62,68,66,57,41,20,1,-12,-17,-12,0,21
2003,2022/04/14,42,58,68,70,62,50,36,21,11,11,19,33,48,61,68,65,53,34,9,-10,-20,-24,-14,9
2003,2022/04/15,32,53,71,75,69,56,36,16,2,-4,2,17,38,60,77,84,78,62,39,16,-3,-11,-7,10
2003,2022/04/16,35,60,81,91,86,72,51,25,1,-11,-10,2,24,50,74,89,92,82,60,35,12,-5,-10,-1
2003,2022/04/17,19,43,66,79,79,66,43,13,-16,-36,-43,-37,-17,11,41,66,81,80,67,49,27,6,-4,0
2003,2022/04/18,15,37,62,80,85,77,57,26,-6,-34,-49,-51,-39,-14,18,48,72,82,79,69,51,30,17,13
2003,2022/04/19,22,42,64,83,93,90,75,47,11,-21,-44,-55,-52,-35,-8,23,51,69,75,72,61,44,28,21
2003,2022/04/20,25,37,56,75,87,91,81,57,25,-9,-38,-56,-64,-56,-36,-10,18,42,55,62,60,50,39,32
2003,2022/04/21,31,38,51,67,82,89,86,69,43,13,-17,-41,-55,-59,-49,-30,-7,17,37,48,54,54,48,45
2003,2022/04/22,43,44,53,68,81,91,95,88,70,46,21,-3,-23,-36,-37,-28,-13,5,22,38,49,55,56,56
2003,2022/04/23,55,56,59,67,75,83,89,88,78,64,46,23,1,-16,-27,-30,-23,-13,-2,12,27,37,43,49
2003,2022/04/24,53,53,53,54,58,63,66,68,66,58,49,37,21,6,-8,-19,-20,-18,-12,0,13,26,39,49
2003,2022/04/25,57,61,61,58,54,52,53,55,55,56,55,51,43,32,18,4,-7,-15,-17,-13,-3,11,25,39
2003,2022/04/26,52,60,61,57,48,41,39,37,37,44,51,56,61,58,47,35,21,6,-2,-3,4,16,30,48
2003,2022/04/27,64,74,79,75,63,49,36,25,21,26,36,47,58,65,63,53,38,20,1,-9,-11,-7,8,26
2003,2022/04/28,44,60,66,63,51,32,14,-2,-12,-10,3,19,39,55,63,61,52,33,14,-1,-9,-9,2,20
2003,2022/04/29,40,58,70,72,62,43,22,-2,-19,-22,-13,5,29,51,68,75,73,62,45,27,15,10,16,33
2003,2022/04/30,53,72,87,88,79,62,35,6,-18,-32,-31,-17,5,32,56,71,77,70,53,34,18,7,7,18
2003,2022/05/01,36,57,74,83,81,67,43,14,-15,-36,-42,-35,-14,14,41,65,79,79,68,53,38,27,22,26
2003,2022/05/02,42,62,79,92,92,81,61,31,-1,-27,-42,-41,-27,-3,27,55,74,82,78,65,51,37,26,26
2003,2022/05/03,38,54,72,86,90,83,67,39,7,-22,-43,-51,-44,-26,1,29,53,68,70,65,53,40,30,26
2003,2022/05/04,31,45,62,76,85,85,74,52,22,-7,-29,-43,-46,-34,-14,11,36,55,64,65,59,48,38,32
2003,2022/05/05,33,41,54,68,79,81,74,57,31,3,-21,-40,-48,-45,-31,-8,16,37,52,59,58,52,43,37
2003,2022/05/06,36,40,51,63,72,79,78,66,46,21,-3,-21,-36,-40,-31,-16,4,26,42,53,58,55,48,44
2003,2022/05/07,42,43,49,58,67,75,77,71,58,39,18,0,-16,-24,-22,-15,-1,15,31,45,56,60,59,57
2003,2022/05/08,54,50,50,54,59,65,68,67,61,47,31,15,-2,-15,-22,-22,-15,-4,9,24,36,43,47,47
2003,2022/05/09,46,46,44,44,47,50,54,56,52,47,40,28,14,1,-9,-14,-14,-10,-2,10,21,33,41,45
2003,2022/05/10,48,47,43,40,36,35,37,38,40,42,39,34,29,18,6,-4,-13,-16,-13,-6,7,21,34,44
2003,2022/05/11,49,50,48,41,33,27,24,24,27,30,36,41,39,34,26,13,1,-9,-14,-12,-3,12,29,42
2003,2022/05/12,52,57,54,46,34,22,14,9,9,16,27,38,48,51,47,37,23,9,-2,-7,-2,10,26,44
2003,2022/05/13,60,69,69,61,46,29,12,0,-4,1,14,31,48,61,66,64,51,35,19,8,6,14,29,48
2003,2022/05/14,69,84,89,82,65,44,21,1,-10,-10,0,22,46,66,80,81,72,58,40,21,12,12,21,41
2003,2022/05/15,63,80,88,84,69,44,16,-12,-33,-41,-35,-16,10,39,64,79,82,74,57,38,24,18,21,35
2003,2022/05/16,55,76,89,90,79,57,26,-7,-35,-54,-56,-43,-21,11,43,67,81,83,74,58,43,33,28,36
2003,2022/05/17,53,72,90,98,92,75,47,9,-25,-51,-64,-62,-45,-18,14,45,68,80,79,69,58,46,37,38
2003,2022/05/18,49,65,84,95,96,85,62,28,-9,-42,-65,-73,-67,-47,-18,14,42,62,70,70,63,53,43,40
2003,2022/05/19,45,57,73,88,97,93,78,52,18,-16,-45,-63,-68,-59,-38,-11,17,42,59,67,67,62,55,49
2003,2022/05/20,48,55,68,81,92,97,90,72,46,15,-16,-40,-53,-54,-45,-27,-4,20,40,53,60,61,56,52
2003,2022/05/21,50,51,58,68,79,88,91,81,64,41,15,-10,-30,-40,-40,-31,-15,4,24,41,54,60,61,58
2003,2022/05/22,55,53,55,60,67,77,84,83,74,61,42,22,3,-12,-21,-20,-12,0,17,33,49,61,65,66
2003,2022/05/23,64,59,55,53,55,60,66,70,69,63,53,40,25,8,-5,-11,-12,-7,4,16,32,46,54,59
2003,2022/05/24,59,55,48,40,34,34,36,41,46,49,49,46,39,28,15,5,-3,-6,-1,7,21,38,49,57
2003,2022/05/25,62,59,51,42,30,21,18,19,24,34,42,48,51,46,37,27,15,7,7,10,20,36,50,62
2003,2022/05/26,70,71,65,52,36,20,9,4,6,15,30,45,56,61,59,51,41,30,22,21,25,36,52,66
2003,2022/05/27,77,83,79,67,49,28,10,1,-1,5,20,42,62,75,79,75,68,56,44,38,38,45,59,74
2003,2022/05/28,89,98,99,89,70,46,22,2,-9,-10,2,23,45,66,81,85,81,72,58,45,41,43,50,65
2003,2022/05/29,81,94,100,95,78,54,26,0,-19,-27,-21,-3,22,48,70,83,86,81,69,56,47,44,48,59
2003,2022/05/30,74,89,99,99,87,66,38,7,-19,-35,-37,-25,-3,24,51,72,82,83,77,64,51,45,46,53
2003,2022/05/31,67,82,95,100,94,77,52,21,-9,-30,-40,-36,-18,8,36,62,80,87,86,76,64,56,51,53
2003,2022/06/01,64,79,92,101,100,88,66,37,3,-24,-41,-45,-34,-12,14,41,64,77,80,76,66,56,49,47
2003,2022/06/02,54,68,82,93,98,93,77,52,21,-8,-29,-40,-37,-23,-1,26,53,72,80,81,74,63,55,52
2003,2022/06/03,54,63,76,87,95,97,86,66,39,9,-16,-30,-36,-31,-13,11,35,58,71,74,74,67,58,52
2003,2022/06/04,51,56,67,77,87,92,87,73,52,26,1,-19,-29,-30,-21,-3,19,39,58,67,68,66,59,51
2003,2022/06/05,49,51,57,66,76,83,85,77,62,42,19,0,-13,-21,-19,-8,10,30,48,61,69,70,66,59
2003,2022/06/06,53,51,54,59,68,76,81,79,72,58,41,24,7,-2,-5,-1,13,32,49,67,81,86,87,83
2003,2022/06/07,77,73,70,69,73,78,83,85,81,74,64,49,34,20,10,7,10,21,36,50,64,74,77,74
2003,2022/06/08,68,61,53,48,46,47,51,55,59,59,55,49,39,27,16,8,5,9,19,32,48,61,68,70
2003,2022/06/09,66,59,48,37,29,25,25,30,35,41,46,48,45,38,28,17,9,7,10,20,35,51,62,67
2003,2022/06/10,69,65,53,39,25,13,8,9,13,23,35,46,54,54,48,39,27,19,16,19,30,45,59,71
2003,2022/06/11,76,73,62,45,25,7,-7,-12,-11,-1,16,35,52,62,66,62,51,41,33,29,35,49,63,78
2003,2022/06/12,89,91,85,67,44,21,-2,-16,-21,-16,1,23,46,69,83,86,83,73,62,52,49,54,66,79
2003,2022/06/13,93,101,98,85,61,32,3,-23,-38,-40,-30,-9,19,47,70,84,86,83,72,58,50,50,56,69
2003,2022/06/14,84,96,100,92,73,45,11,-20,-46,-61,-60,-45,-20,12,42,66,80,84,78,67,55,49,51,58
2003,2022/06/15,73,90,100,101,91,68,35,0,-34,-58,-68,-64,-44,-16,16,47,69,82,85,79,70,62,56,58
2003,2022/06/16,70,86,101,109,106,92,67,32,-5,-37,-59,-66,-59,-38,-10,21,49,70,80,80,75,67,59,55
2003,2022/06/17,62,75,90,104,109,104,89,61,26,-8,-36,-54,-57,-46,-25,2,31,55,71,79,77,72,63,54
2003,2022/06/18,55,62,73,88,100,104,98,81,53,21,-9,-32,-44,-45,-34,-13,12,38,58,69,74,74,66,56
2003,2022/06/19,52,53,60,70,84,95,96,88,72,48,21,-3,-22,-30,-26,-14,5,28,49,65,74,76,72,64
2003,2022/06/20,56,52,52,57,67,79,88,88,81,67,48,28,8,-6,-10,-5,7,24,44,60,72,78,76,70
2003,2022/06/21,61,50,42,40,44,54,64,70,72,68,57,43,28,14,5,4,9,21,36,51,66,75,76,72
2003,2022/06/22,66,54,41,33,30,32,39,48,55,59,59,54,46,36,26,20,19,23,35,48,62,75,80,79
2003,2022/06/23,73,64,50,34,22,17,18,24,34,42,49,54,53,49,42,34,29,30,35,44,58,70,80,83
2003,2022/06/24,82,76,61,42,27,14,7,11,19,28,42,56,62,65,65,59,54,50,49,53,64,76,86,94
2003,2022/06/25,96,92,82,61,39,19,3,-3,-1,6,23,40,54,66,72,69,64,58,51,51,55,63,74,84
2003,2022/06/26,91,94,85,67,46,22,-1,-15,-21,-17,-4,15,36,56,68,73,73,67,60,55,53,59,69,79
2003,2022/06/27,90,97,93,83,63,37,12,-11,-25,-27,-18,0,23,44,65,78,79,77,71,59,56,57,61,72
2003,2022/06/28,85,93,99,93,77,56,27,-1,-21,-33,-32,-16,5,31,57,74,85,88,80,71,64,59,60,69
2003,2022/06/29,80,94,104,103,94,75,47,18,-10,-30,-36,-29,-10,15,43,66,81,88,86,75,65,59,57,61
2003,2022/06/30,72,86,98,105,102,87,64,34,3,-22,-36,-36,-24,-1,25,51,72,83,84,77,67,59,53,52
2003,2022/07/01,61,75,87,96,100,92,74,48,17,-12,-33,-42,-36,-19,5,33,58,74,80,79,69,60,52,46
2003,2022/07/02,51,63,76,88,96,94,83,62,33,4,-20,-34,-36,-26,-6,20,46,67,78,79,74,65,54,47
2003,2022/07/03,46,52,65,77,88,94,89,74,50,23,-2,-20,-29,-26,-12,11,36,60,76,83,82,75,65,54
2003,2022/07/04,50,53,60,72,84,93,94,87,68,45,22,0,-13,-16,-9,6,29,51,70,81,82,78,69,57
2003,2022/07/05,50,47,49,58,69,79,87,85,75,59,40,20,4,-4,-3,7,26,46,65,80,87,86,78,67
2003,2022/07/06,56,48,46,48,56,67,76,79,78,69,55,40,24,12,8,11,21,39,56,71,83,85,79,70
2003,2022/07/07,58,47,39,35,37,45,54,63,68,67,62,53,40,29,21,19,24,35,49,65,79,85,84,77
2003,2022/07/08,65,52,39,27,22,25,30,39,49,55,58,60,56,49,42,37,36,40,50,63,77,89,92,88
2003,2022/07/09,79,67,50,34,22,16,16,23,33,44,57,68,72,72,69,64,61,59,62,70,82,95,103,103
2003,2022/07/10,98,86,68,47,27,12,3,1,7,19,37,54,67,78,82,80,76,71,67,69,77,88,98,104
2003,2022/07/11,105,98,82,60,35,13,-6,-18,-18,-10,7,30,52,71,85,90,90,85,77,72,73,80,90,99
2003,2022/07/12,106,107,98,79,54,26,-1,-24,-36,-36,-24,-2,25,52,75,90,95,94,87,80,75,77,85,96
2003,2022/07/13,108,116,114,103,82,53,21,-10,-34,-46,-45,-29,-4,25,54,78,92,97,93,84,77,73,76,85
2003,2022/07/14,98,113,120,118,107,83,50,15,-18,-43,-51,-45,-28,0,31,60,83,95,95,90,81,71,68,72
2003,2022/07/15,84,100,116,124,121,108,83,48,11,-21,-41,-46,-38,-18,10,42,70,88,96,94,86,77,68,64
2003,2022/07/16,72,87,104,119,125,122,107,82,47,11,-17,-32,-34,-21,2,30,58,81,93,96,91,80,66,57
2003,2022/07/17,57,67,82,100,114,120,114,99,72,39,9,-12,-21,-17,-2,23,49,73,90,97,94,85,71,56
2003,2022/07/18,48,50,61,75,93,106,109,103,86,60,34,12,-5,-8,2,18,42,66,82,92,94,87,75,58
2003,2022/07/19,44,40,43,52,68,84,94,97,90,74,55,36,20,11,13,25,45,65,83,98,104,101,90,73
2003,2022/07/20,57,46,40,42,50,64,81,88,87,82,70,55,41,30,28,34,46,63,80,94,101,101,93,79
2003,2022/07/21,64,48,34,27,29,38,49,60,68,70,67,61,53,46,42,42,49,60,72,86,97,100,97,87
2003,2022/07/22,72,57,42,28,22,24,31,42,53,61,67,69,67,65,60,59,63,68,77,89,98,104,105,98
2003,2022/07/23,88,75,57,39,26,18,17,23,31,42,54,63,68,70,71,70,69,69,72,78,86,95,98,96
2003,2022/07/24,90,81,65,46,28,13,3,0,5,16,29,44,57,66,70,73,72,69,68,69,75,84,89,94
2003,2022/07/25,96,89,78,62,41,20,2,-11,-12,-6,7,26,44,59,71,77,77,74,69,65,68,73,81,88
2003,2022/07/26,93,96,91,77,57,34,11,-7,-18,-18,-7,11,33,54,72,82,87,85,78,71,67,68,75,83
2003,2022/07/27,91,99,100,91,74,53,26,1,-17,-26,-21,-5,16,41,64,80,88,88,80,71,64,61,64,71
2003,2022/07/28,83,95,102,100,88,69,42,13,-12,-29,-31,-21,-2,23,50,71,84,87,82,72,62,54,52,57
2003,2022/07/29,70,86,97,100,95,81,57,26,-3,-25,-35,-33,-18,7,36,62,80,88,85,76,65,54,48,49
2003,2022/07/30,59,74,89,100,102,93,74,47,16,-12,-30,-35,-26,-5,23,51,74,88,88,81,70,57,48,44
2003,2022/07/31,50,65,81,95,104,103,89,67,37,7,-14,-26,-25,-9,14,43,69,85,91,86,74,62,48,38
2003,2022/08/01,40,51,66,83,96,102,96,79,54,26,1,-15,-20,-13,7,33,59,80,91,89,80,67,50,38
2003,2022/08/02,35,39,53,70,86,98,101,92,73,48,23,4,-5,-4,8,30,53,75,90,94,89,75,58,44
2003,2022/08/03,34,32,40,54,69,86,94,93,83,65,46,27,13,10,15,30,52,73,88,97,94,82,67,47
2003,2022/08/04,33,28,29,37,51,65,78,84,81,70,57,41,27,20,21,31,48,66,83,94,96,89,75,57
2003,2022/08/05,40,27,21,22,30,43,57,67,72,72,66,57,47,39,37,42,53,68,83,94,100,98,86,70
2003,2022/08/06,52,34,21,14,14,21,33,45,54,61,65,63,60,56,53,55,59,67,79,90,98,100,94,81
2003,2022/08/07,64,46,29,14,4,3,9,17,28,40,51,59,64,66,66,66,67,70,77,85,93,98,97,91
2003,2022/08/08,81,65,45,26,9,-2,-6,-4,5,18,33,50,63,73,80,83,82,81,81,85,92,98,102,103
2003,2022/08/09,98,87,71,50,25,6,-8,-17,-17,-7,8,29,51,69,84,92,92,88,84,80,83,89,94,101
2003,2022/08/10,106,103,93,75,50,23,-1,-21,-30,-30,-18,3,27,53,77,90,95,94,85,78,75,74,82,93
2003,2022/08/11,102,111,111,99,80,52,21,-7,-30,-40,-35,-21,3,34,62,84,98,100,93,82,72,67,69,79
2003,2022/08/12,94,108,118,117,105,83,51,16,-13,-35,-43,-35,-16,11,43,71,89,96,91,80,69,56,51,57
2003,2022/08/13,71,88,106,117,117,104,79,45,9,-20,-37,-38,-25,-1,31,61,84,97,96,85,70,54,43,40
2003,2022/08/14,49,69,91,110,121,119,103,75,41,9,-15,-26,-21,-3,23,53,79,95,98,90,75,56,38,29
2003,2022/08/15,31,43,65,88,106,114,109,91,63,32,6,-10,-13,-4,19,46,72,92,100,96,85,64,42,26
2003,2022/08/16,20,26,43,65,86,104,108,99,82,57,33,16,7,10,26,47,72,94,104,103,95,74,51,32
2003,2022/08/17,17,14,23,36,57,77,88,90,80,63,45,27,16,17,26,44,66,84,97,102,94,79,60,37
2003,2022/08/18,20,12,11,22,40,59,76,86,88,82,71,58,48,46,52,63,80,97,109,116,114,101,82,61
2003,2022/08/19,42,27,19,18,26,41,55,67,73,74,71,64,57,54,55,62,74,87,98,106,108,102,89,73
2003,2022/08/20,55,38,26,19,19,26,37,47,57,64,67,68,68,67,68,72,77,86,94,101,107,105,97,87
2003,2022/08/21,71,56,42,28,19,19,23,31,40,50,60,67,72,75,77,79,82,85,88,93,98,100,97,91
2003,2022/08/22,82,70,56,39,24,14,10,12,19,29,42,55,66,74,80,82,82,82,82,84,88,92,94,96
2003,2022/08/23,93,86,76,60,42,26,15,9,9,17,31,49,65,79,89,94,94,90,85,82,83,86,90,95
2003,2022/08/24,99,98,91,77,57,35,15,1,-5,-2,9,29,50,68,85,93,94,90,82,75,72,72,77,87
2003,2022/08/25,97,102,102,93,76,53,28,6,-9,-11,-4,13,36,60,81,95,100,96,86,77,69,65,70,80
2003,2022/08/26,93,106,113,112,99,79,52,24,1,-10,-9,4,27,54,78,96,105,101,91,78,66,58,58,67
2003,2022/08/27,82,99,111,117,112,96,71,42,13,-6,-12,-5,15,41,68,91,104,104,95,80,65,53,47,52
2003,2022/08/28,64,81,100,111,111,104,84,54,23,-1,-16,-16,-1,23,51,78,95,99,91,75,56,38,26,25
2003,2022/08/29,36,55,77,94,103,101,87,62,32,5,-13,-20,-13,8,35,63,85,93,88,75,55,33,19,13
2003,2022/08/30,18,35,58,80,97,103,98,80,54,27,6,-6,-4,11,35,63,87,99,100,90,71,48,28,16
2003,2022/08/31,15,26,47,71,91,105,107,97,77,54,33,18,13,22,42,67,90,106,111,105,88,62,39,21
2003,2022/09/01,11,15,31,50,71,90,100,97,86,71,51,34,27,29,42,64,85,99,109,107,92,70,46,24
2003,2022/09/02,9,5,12,26,44,64,79,85,82,73,60,47,40,39,44,58,76,91,101,103,94,76,53,29
2003,2022/09/03,10,-1,-2,6,20,37,54,66,72,72,67,61,55,52,56,66,78,91,101,107,103,90,71,51
2003,2022/09/04,30,14,5,3,8,19,34,47,58,65,68,70,69,68,70,74,81,89,97,103,104,98,85,69
2003,2022/09/05,50,31,17,6,0,2,10,21,32,43,56,65,69,74,78,81,84,86,89,94,97,97,91,81
2003,2022/09/06,69,53,35,18,3,-4,-6,-3,7,21,37,54,69,81,90,94,94,93,91,92,95,98,98,96
2003,2022/09/07,91,79,63,44,23,4,-8,-16,-15,-6,11,32,53,71,84,91,91,85,79,76,76,79,85,92
2003,2022/09/08,96,96,88,72,50,24,1,-16,-24,-22,-8,12,36,61,80,93,97,90,79,69,62,62,69,81
2003,2022/09/09,95,106,108,100,81,56,27,-1,-19,-27,-21,-2,23,50,75,93,98,92,78,62,49,43,46,59
2003,2022/09/10,77,95,108,110,99,77,48,16,-11,-27,-28,-16,6,35,63,85,96,93,78,61,43,28,25,34
2003,2022/09/11,53,77,99,111,112,99,74,43,12,-11,-21,-17,1,27,56,81,96,97,85,66,43,22,10,13
2003,2022/09/12,28,53,80,102,113,110,95,70,40,14,-3,-6,5,26,55,82,98,103,95,76,50,24,4,-2
2003,2022/09/13,7,27,54,80,99,108,102,83,58,33,14,6,11,28,52,77,96,104,100,84,58,31,6,-8
2003,2022/09/14,-10,2,26,52,75,91,95,85,67,46,28,19,19,30,50,74,94,106,105,94,73,46,18,-1
2003,2022/09/15,-10,-7,9,32,55,75,87,87,77,62,47,36,33,39,54,74,93,105,108,103,86,61,35,14
2003,2022/09/16,-1,-5,2,17,37,57,73,80,77,69,59,50,45,48,56,71,89,99,106,104,92,73,51,28
2003,2022/09/17,11,0,-2,7,21,37,54,65,68,68,64,59,57,56,61,72,85,96,103,104,98,85,66,47
2003,2022/09/18,30,16,8,7,12,24,38,50,59,63,65,66,66,67,70,76,85,93,97,101,100,91,79,66
2003,2022/09/19,51,39,28,20,18,23,31,41,52,61,70,76,80,85,88,92,95,98,101,104,104,101,96,90
2003,2022/09/20,81,70,58,46,37,35,36,39,45,50,55,64,72,79,83,83,81,81,81,81,83,85,83,82
2003,2022/09/21,78,71,59,44,28,15,8,6,9,19,34,48,62,73,79,82,80,73,68,65,65,67,71,74
2003,2022/09/22,76,75,68,54,37,18,2,-8,-10,-2,13,30,49,66,76,81,78,70,60,53,51,52,57,68
2003,2022/09/23,78,84,85,76,59,40,19,1,-8,-6,6,26,50,71,85,93,90,79,65,52,46,45,50,63
2003,2022/09/24,79,92,100,96,83,65,40,16,0,-6,1,20,43,67,86,95,95,85,68,52,37,30,33,45
2003,2022/09/25,65,84,97,102,95,77,54,26,1,-9,-7,5,29,56,79,96,99,88,70,49,29,17,15,25
2003,2022/09/26,45,68,89,102,102,92,71,42,17,-1,-7,1,21,47,74,93,101,94,75,52,29,9,0,5
2003,2022/09/27,21,47,74,93,103,9999,9999,9999,9999,9999,9999,9999,9999,9999,9999,9999,9999,9999,9999,9999,33,8,-7,-11
2003,2022/09/28,1,25,52,77,96,102,97,80,56,35,18,13,23,43,68,94,109,111,99,77,49,21,-2,-12
2003,2022/09/29,-8,8,34,61,85,101,103,92,75,55,38,31,32,44,67,89,106,113,105,86,60,29,1,-16
2003,2022/09/30,-20,-12,7,31,57,9999,9999,9999,9999,9999,9999,9999,9999,9999,9999,9999,97,107,104,91,68,38,9,-12
2003,2022/10/01,-25,-24,-13,5,29,51,67,74,73,67,59,51,47,50,60,76,91,101,103,96,79,53,26,2
2003,2022/10/02,-14,-22,-20,-10,6,25,44,56,63,64,62,59,57,56,62,73,83,93,98,96,85,67,45,22
2003,2022/10/03,3,-11,-18,-17,-9,5,20,34,46,54,60,63,65,66,69,75,82,88,91,94,90,81,67,49
2003,2022/10/04,32,16,3,-5,-7,-3,6,17,30,45,56,66,75,80,83,86,88,87,88,92,92,89,83,72
2003,2022/10/05,58,44,28,11,-2,-7,-9,-6,5,19,35,52,64,74,80,80,77,72,68,67,70,74,77,76
2003,2022/10/06,73,66,53,34,17,2,-10,-14,-10,1,19,38,56,71,79,82,77,67,57,52,50,55,66,73
2003,2022/10/07,80,84,76,62,42,20,3,-9,-15,-8,8,28,51,72,84,89,84,69,55,45,37,39,51,65
2003,2022/10/08,82,96,98,92,77,53,28,7,-7,-6,5,24,50,74,89,98,94,77,56,35,19,16,22,38
2003,2022/10/09,62,84,97,100,91,71,46,18,-1,-6,-3,13,38,62,83,97,95,79,56,32,11,-2,-1,16
2003,2022/10/10,43,72,96,110,111,100,80,56,33,19,19,31,50,74,98,113,114,103,80,49,22,2,-7,-1
2003,2022/10/11,19,47,76,98,109,107,92,70,48,30,23,27,41,62,85,103,110,101,79,50,17,-11,-27,-29
2003,2022/10/12,-14,11,41,69,88,94,87,70,50,32,20,19,30,48,70,91,100,97,81,54,22,-7,-28,-37
2003,2022/10/13,-32,-13,16,44,68,84,86,76,62,45,33,31,34,48,70,88,101,104,92,70,43,12,-12,-28
2003,2022/10/14,-31,-19,2,27,55,76,84,84,74,61,51,44,44,55,70,88,102,106,101,85,59,31,6,-15
2003,2022/10/15,-23,-20,-7,13,36,57,74,78,74,67,58,53,52,55,66,81,92,99,98,86,67,44,19,-2
2003,2022/10/16,-14,-20,-15,-1,16,37,53,63,67,65,60,58,57,59,67,78,87,95,97,91,79,62,42,23
2003,2022/10/17,8,-1,-4,2,14,30,44,58,68,72,72,73,73,74,79,86,92,97,100,98,91,79,66,50
2003,2022/10/18,32,19,12,6,9,17,27,40,52,59,65,70,72,74,74,75,78,78,78,79,76,70,63,52
2003,2022/10/19,40,28,16,8,4,3,8,18,28,41,52,60,66,67,67,67,64,60,58,59,60,60,59,57
2003,2022/10/20,51,42,32,19,8,2,-2,1,12,25,38,52,61,66,68,65,59,52,47,45,45,48,54,57
2003,2022/10/21,58,57,49,34,20,8,-3,-6,0,12,28,46,61,70,74,72,64,51,40,34,31,35,46,56
2003,2022/10/22,64,70,68,58,44,26,10,0,0,8,23,45,64,77,85,84,73,56,40,29,21,22,35,49
2003,2022/10/23,66,81,86,82,70,51,31,15,6,10,22,43,67,85,95,95,84,63,40,22,9,7,17,34
2003,2022/10/24,55,78,92,95,89,72,49,28,13,9,18,35,58,81,96,101,93,73,47,22,1,-8,-3,12
2003,2022/10/25,36,63,86,98,99,89,69,46,28,17,19,34,56,78,97,107,102,82,55,24,-4,-21,-23,-13
2003,2022/10/26,9,38,68,90,100,98,82,60,41,26,20,29,46,68,91,105,105,90,63,31,-2,-28,-40,-37
2003,2022/10/27,-20,9,40,69,90,96,88,74,56,38,29,30,43,64,84,101,107,97,75,44,7,-24,-42,-48
2003,2022/10/28,-40,-18,12,43,70,85,88,83,71,56,45,40,47,62,81,99,109,106,90,63,29,-5,-30,-45
2003,2022/10/29,-46,-31,-8,20,50,72,84,86,80,69,60,54,55,64,79,97,108,111,103,82,53,22,-8,-30
2003,2022/10/30,-38,-36,-22,0,25,48,66,75,77,74,68,65,64,68,79,92,102,108,105,91,70,44,15,-8
2003,2022/10/31,-24,-33,-29,-17,0,21,40,55,64,67,67,67,65,65,71,78,87,93,94,89,75,57,35,12
2003,2022/11/01,-8,-20,-26,-24,-14,-1,16,33,45,54,60,64,65,66,68,73,77,81,84,84,79,71,57,39
2003,2022/11/02,23,8,-5,-12,-12,-7,4,18,33,45,57,67,71,72,74,72,70,69,70,71,73,72,68,62
2003,2022/11/03,52,38,25,12,4,1,2,12,27,41,56,71,79,83,85,79,70,63,59,60,64,69,76,79
2003,2022/11/04,77,70,56,40,25,13,7,10,20,34,51,69,80,87,88,79,64,51,39,32,34,43,54,65
2003,2022/11/05,75,77,72,61,45,28,15,9,12,23,39,58,73,84,88,81,64,43,24,11,7,14,28,47
2003,2022/11/06,65,78,81,76,63,45,26,14,10,15,29,50,67,82,90,84,69,45,19,-2,-15,-15,-2,17
2003,2022/11/07,42,64,76,80,74,57,38,24,14,12,23,41,60,78,90,90,77,53,24,-4,-25,-32,-24,-6
2003,2022/11/08,22,51,74,88,90,81,65,50,37,30,34,48,65,84,99,101,90,68,39,7,-22,-38,-40,-28
2003,2022/11/09,-4,26,54,75,85,83,71,55,41,30,28,37,53,71,89,96,91,75,47,13,-18,-41,-51,-46
2003,2022/11/10,-28,0,32,59,78,85,79,68,56,42,36,41,52,69,89,100,101,90,64,33,1,-28,-45,-49
2003,2022/11/11,-41,-17,13,40,65,78,78,72,60,46,39,38,45,60,77,90,97,91,73,47,13,-16,-37,-50
2003,2022/11/12,-48,-31,-7,20,47,66,75,76,68,58,51,47,50,61,76,92,102,101,90,68,41,13,-12,-29
2003,2022/11/13,-33,-26,-9,16,41,64,79,85,84,78,70,67,67,73,86,98,109,112,106,93,69,41,16,-8
2003,2022/11/14,-23,-21,-12,5,28,50,68,79,82,79,73,70,67,68,76,85,93,98,95,86,71,51,30,10
2003,2022/11/15,-4,-9,-7,2,18,37,56,72,79,80,79,75,72,71,75,81,88,92,93,89,80,67,51,34
2003,2022/11/16,18,6,2,4,11,23,39,54,67,75,75,73,71,68,68,69,69,71,72,72,69,62,52,39
2003,2022/11/17,25,13,4,0,0,7,19,33,48,57,63,68,67,64,63,59,56,55,54,56,56,54,53,47
2003,2022/11/18,38,29,19,10,5,5,10,21,35,48,61,69,71,70,67,60,53,47,42,42,44,48,54,56
2003,2022/11/19,55,49,39,26,16,9,7,11,22,37,53,65,71,72,67,57,46,33,22,19,20,27,38,48
2003,2022/11/20,55,57,52,42,29,17,9,8,16,29,47,63,74,79,76,66,51,31,14,6,4,11,26,43
2003,2022/11/21,58,70,72,66,55,41,27,20,23,33,48,67,83,90,91,81,61,37,14,-3,-11,-7,7,27
2003,2022/11/22,50,69,82,84,76,62,45,33,26,28,40,58,76,89,94,88,67,40,12,-13,-28,-30,-21,0
2003,2022/11/23,26,52,75,88,88,79,65,49,39,36,44,60,78,95,106,105,90,64,32,2,-22,-33,-30,-13
2003,2022/11/24,13,45,76,96,104,103,92,76,64,55,54,66,84,103,117,119,110,86,51,16,-17,-40,-47,-41
2003,2022/11/25,-23,7,40,67,87,95,92,82,68,55,51,55,67,85,101,110,108,90,61,26,-10,-39,-56,-59
2003,2022/11/26,-46,-22,8,40,66,83,90,88,80,69,62,63,72,87,103,117,121,111,89,58,22,-11,-38,-54
2003,2022/11/27,-54,-43,-19,10,39,62,76,80,78,70,62,56,58,68,82,97,107,105,92,69,37,3,-26,-50
2003,2022/11/28,-60,-55,-41,-20,7,31,50,63,65,63,61,54,53,60,68,80,93,97,93,81,59,32,4,-21
2003,2022/11/29,-35,-39,-34,-22,-2,23,44,60,69,72,72,70,65,64,70,77,88,96,97,92,83,64,40,17
2003,2022/11/30,-6,-18,-18,-14,-4,14,31,47,61,64,66,67,62,60,62,62,64,66,69,72,70,63,51,33
2003,2022/12/01,14,-1,-8,-10,-7,4,17,32,48,59,65,66,64,58,51,45,43,43,45,51,54,55,54,47
2003,2022/12/02,37,25,13,5,2,3,11,23,37,50,61,64,62,58,48,36,26,18,16,20,25,34,41,43
2003,2022/12/03,41,37,27,16,8,4,5,14,26,40,53,62,67,66,57,44,28,13,5,3,9,21,33,46
2003,2022/12/04,54,56,55,46,35,30,26,26,34,43,55,69,76,76,68,51,30,7,-12,-20,-19,-9,7,26
2003,2022/12/05,42,54,59,56,47,39,31,26,29,39,53,68,80,86,82,68,46,21,-4,-21,-28,-24,-10,11
2003,2022/12/06,32,53,68,72,67,59,49,42,41,45,56,71,86,96,98,91,71,43,12,-13,-29,-33,-23,-4
2003,2022/12/07,20,45,67,78,80,76,65,54,47,47,54,65,78,92,98,94,79,53,21,-9,-33,-46,-44,-30
2003,2022/12/08,-5,25,51,70,79,78,71,62,52,48,50,57,71,83,91,94,84,61,32,-1,-30,-48,-54,-47
2003,2022/12/09,-26,0,29,55,71,77,75,67,56,48,47,52,64,80,94,102,99,81,55,25,-7,-32,-46,-49
2003,2022/12/10,-37,-12,16,44,66,78,81,76,66,58,52,50,58,72,86,98,100,89,68,40,9,-20,-41,-48
2003,2022/12/11,-43,-25,2,30,56,73,81,79,71,64,57,54,59,70,83,97,103,98,83,59,29,0,-24,-41
2003,2022/12/12,-43,-33,-14,12,37,58,73,75,69,65,58,49,49,56,68,82,91,93,85,67,44,17,-10,-29
2003,2022/12/13,-37,-33,-19,1,26,51,69,76,76,73,67,59,57,61,70,81,91,98,96,85,67,42,16,-5
2003,2022/12/14,-19,-23,-13,4,23,46,67,81,86,81,72,63,53,47,51,59,68,74,75,70,61,46,27,8
2003,2022/12/15,-6,-14,-14,-6,8,26,45,61,69,72,68,61,54,48,46,50,55,60,66,67,63,55,41,26
2003,2022/12/16,13,2,-3,-2,3,16,34,50,60,66,66,59,51,44,38,34,34,36,39,44,46,45,39,29
2003,2022/12/17,17,7,-1,-5,-5,2,16,32,45,57,64,62,58,52,43,37,31,29,31,36,43,50,53,52
2003,2022/12/18,50,43,34,28,24,24,32,45,59,72,80,79,74,67,55,42,30,19,15,15,19,30,39,46
2003,2022/12/19,51,50,46,38,29,24,25,31,41,54,65,70,70,64,53,35,17,0,-13,-17,-13,-2,13,29
2003,2022/12/20,40,49,51,46,37,30,26,25,33,45,57,66,71,68,59,42,19,-6,-26,-37,-39,-30,-13,8
2003,2022/12/21,30,49,62,65,60,53,44,38,38,46,60,71,80,84,79,64,41,12,-16,-36,-46,-44,-30,-7
2003,2022/12/22,19,46,70,81,84,83,74,66,63,66,77,92,105,116,123,114,91,62,28,-3,-24,-36,-33,-15
2003,2022/12/23,13,44,73,94,106,109,103,92,83,80,84,93,106,118,125,121,104,77,43,6,-25,-44,-50,-42
2003,2022/12/24,-21,10,46,76,98,110,111,103,92,85,83,85,93,107,121,128,122,102,70,33,-3,-32,-50,-56
2003,2022/12/25,-44,-18,13,44,71,89,98,97,91,84,76,73,81,95,112,126,129,118,97,65,28,-6,-36,-51
2003,2022/12/26,-49,-35,-11,19,49,73,87,90,88,81,71,63,64,72,88,104,114,115,102,78,48,14,-17,-39
2003,2022/12/27,-49,-45,-28,-5,23,51,70,79,81,76,67,56,51,56,66,80,94,101,98,86,65,37,7,-18
2003,2022/12/28,-34,-38,-31,-14,9,34,56,70,76,75,68,56,48,46,50,62,75,86,91,87,76,59,35,11
2003,2022/12/29,-8,-18,-19,-11,5,26,46,63,73,75,69,59,47,37,34,38,46,56,65,68,66,59,44,26
2003,2022/12/30,9,-4,-10,-6,4,20,40,56,68,75,73,64,53,41,31,25,26,31,40,48,54,55,51,42
2003,2022/12/31,31,21,14,11,15,26,40,54,67,76,78,72,63,50,35,22,16,13,16,24,34,43,49,49
