2003,2021/01/01,-41,-17,12,39,63,80,86,80,70,60,53,50,55,67,83,96,101,94,76,49,15,-17,-42,-57
2003,2021/01/02,-55,-40,-16,13,41,63,74,75,68,58,50,41,41,51,68,84,93,93,84,63,35,6,-24,-44
2003,2021/01/03,-52,-47,-29,-3,25,50,66,72,70,60,49,39,33,36,48,63,76,83,80,69,50,23,-3,-26
2003,2021/01/04,-41,-42,-33,-16,8,34,55,65,66,61,50,37,28,26,32,44,55,65,71,67,57,39,15,-7
2003,2021/01/05,-25,-35,-32,-21,-2,23,44,60,69,67,59,47,35,29,30,34,43,53,60,67,66,57,42,25
2003,2021/01/06,8,-3,-9,-7,4,24,46,64,76,81,76,63,50,39,31,28,30,35,43,53,58,60,57,47
2003,2021/01/07,38,30,22,18,22,36,53,69,83,94,93,84,76,62,49,42,33,27,32,38,43,49,53,55
2003,2021/01/08,55,47,38,32,30,34,45,57,71,85,87,84,76,62,46,31,15,5,2,5,15,28,39,50
2003,2021/01/09,59,64,62,55,50,49,52,59,71,84,92,93,89,79,63,44,22,2,-11,-17,-14,-4,11,30
2003,2021/01/10,47,58,64,63,59,55,51,51,57,68,76,82,85,81,68,49,25,-2,-24,-38,-42,-36,-24,-3
2003,2021/01/11,23,44,58,66,66,61,54,49,49,56,67,76,83,86,81,67,44,13,-16,-38,-52,-56,-48,-30
2003,2021/01/12,-3,28,51,67,75,73,67,60,55,55,63,71,85,97,100,97,81,51,18,-11,-36,-49,-49,-38
2003,2021/01/13,-14,16,44,67,82,87,82,72,63,57,57,65,78,92,104,107,97,75,41,6,-24,-47,-58,-54
2003,2021/01/14,-37,-10,23,51,70,83,83,73,61,52,45,45,53,66,82,94,93,77,52,19,-16,-45,-63,-70
2003,2021/01/15,-59,-36,-10,18,44,63,69,62,51,42,34,29,36,52,72,89,98,93,75,49,18,-14,-37,-49
2003,2021/01/16,-47,-31,-6,21,50,73,84,82,73,61,47,38,37,44,61,81,94,95,86,67,40,10,-18,-39
2003,2021/01/17,-46,-38,-20,3,30,54,67,72,67,56,45,32,24,28,41,58,74,82,81,71,49,25,1,-21
2003,2021/01/18,-32,-32,-20,-1,22,46,66,72,69,64,51,36,26,24,31,46,61,75,82,77,67,51,29,9
2003,2021/01/19,-6,-10,-2,11,29,44,54,66,72,63,49,35,20,13,14,19,30,42,51,55,50,39,26,10
2003,2021/01/20,-6,-13,-11,-5,7,26,45,55,59,60,52,38,22,10,4,4,9,19,28,35,39,37,29,18
2003,2021/01/21,8,3,1,3,13,29,44,55,63,66,61,49,36,23,13,8,8,11,17,25,32,36,36,33
2003,2021/01/22,29,26,25,25,31,42,53,63,71,76,75,67,54,41,28,16,8,3,3,8,14,23,30,33
2003,2021/01/23,35,36,33,32,33,37,45,51,58,66,70,66,60,50,35,21,8,-4,-11,-11,-6,4,15,25
2003,2021/01/24,34,41,42,40,41,44,45,48,55,63,67,68,65,60,49,33,15,-4,-18,-25,-24,-17,-5,10
2003,2021/01/25,25,37,45,46,44,44,42,40,42,47,54,60,62,60,54,40,22,1,-21,-38,-44,-39,-27,-10
2003,2021/01/26,11,31,45,51,53,50,45,40,38,40,47,55,63,68,66,58,43,16,-12,-32,-46,-49,-40,-22
2003,2021/01/27,3,30,50,65,71,69,65,58,50,49,55,63,72,79,80,75,63,40,10,-20,-44,-57,-56,-43
2003,2021/01/28,-18,13,40,58,69,72,67,56,45,41,44,52,66,80,91,96,89,69,43,11,-19,-36,-45,-39
2003,2021/01/29,-18,13,46,72,89,97,94,84,71,59,53,58,68,84,101,110,108,94,68,36,3,-28,-48,-51
2003,2021/01/30,-38,-14,16,44,65,77,78,69,53,37,26,25,31,44,65,82,91,89,72,44,12,-21,-46,-58
2003,2021/01/31,-56,-37,-9,20,48,66,70,64,50,32,19,11,10,23,42,62,79,84,75,56,29,-4,-32,-52
2003,2021/02/01,-58,-47,-25,3,34,57,70,72,60,44,30,17,12,20,37,58,78,90,91,83,63,35,8,-14
2003,2021/02/02,-26,-23,-8,15,42,69,87,93,87,72,52,29,14,10,17,31,51,68,76,75,65,48,26,4
2003,2021/02/03,-9,-12,-6,9,31,54,73,80,77,68,49,28,9,-2,0,10,23,40,53,59,62,54,39,25
2003,2021/02/04,10,1,2,9,25,49,69,82,87,82,70,57,39,19,4,-1,8,23,33,42,50,49,43,35
2003,2021/02/05,26,21,18,19,28,43,59,73,80,78,70,56,37,18,5,-2,-4,0,7,17,28,37,42,43
2003,2021/02/06,42,40,38,37,41,50,62,73,81,84,80,70,54,36,20,5,-5,-9,-11,-6,5,18,28,38
2003,2021/02/07,46,51,54,53,53,56,62,70,78,83,85,82,71,58,42,20,1,-13,-24,-28,-23,-12,4,20
2003,2021/02/08,36,50,57,61,61,59,58,61,65,70,76,78,76,71,60,43,22,1,-19,-31,-36,-32,-17,1
2003,2021/02/09,21,42,56,64,66,62,57,54,52,55,64,72,77,77,72,60,39,11,-14,-35,-48,-49,-40,-25
2003,2021/02/10,-1,25,45,59,66,66,60,54,49,46,52,64,73,82,87,81,65,42,13,-17,-39,-49,-48,-36
2003,2021/02/11,-12,16,43,62,73,76,69,57,46,38,37,44,55,68,78,82,76,58,31,-2,-31,-50,-60,-55
2003,2021/02/12,-36,-11,19,45,60,67,63,50,35,22,17,23,35,51,72,83,83,72,48,15,-16,-43,-60,-61
2003,2021/02/13,-49,-25,4,30,50,62,61,51,36,18,9,9,16,33,55,74,83,79,63,38,7,-22,-42,-52
2003,2021/02/14,-47,-28,-1,26,50,66,69,62,47,27,12,6,8,22,45,67,83,89,81,62,35,6,-18,-31
2003,2021/02/15,-32,-18,7,32,56,75,84,81,67,48,33,21,18,30,52,77,103,116,109,94,82,60,34,19
2003,2021/02/16,11,13,27,45,68,88,93,91,81,61,42,26,14,14,28,48,66,80,86,83,72,54,32,14
2003,2021/02/17,4,7,20,37,58,78,90,93,86,69,51,34,17,12,18,30,47,64,75,78,72,59,44,28
2003,2021/02/18,17,15,20,33,52,68,81,88,82,70,54,34,17,5,2,9,21,34,48,56,57,52,42,30
2003,2021/02/19,22,20,23,32,46,62,75,82,82,74,61,44,26,11,5,3,9,19,29,39,46,46,43,37
2003,2021/02/20,31,30,33,37,46,59,68,76,80,74,65,53,37,22,12,6,5,9,14,21,31,37,38,38
2003,2021/02/21,36,36,39,39,44,54,63,70,73,71,66,59,46,32,20,8,0,-3,-3,2,11,21,30,38
2003,2021/02/22,43,50,53,54,57,60,64,70,73,75,76,73,66,56,43,30,18,5,-1,-2,3,14,28,42
2003,2021/02/23,55,63,68,70,67,62,60,60,63,65,66,65,62,55,47,33,14,-4,-19,-29,-30,-22,-8,10
2003,2021/02/24,28,44,56,60,61,58,53,48,45,46,50,57,62,62,57,47,29,7,-15,-34,-43,-42,-32,-13
2003,2021/02/25,10,33,51,62,65,62,54,47,41,39,44,54,65,72,75,72,57,33,6,-21,-40,-47,-43,-26
2003,2021/02/26,-1,26,51,67,74,74,63,49,38,30,32,45,57,69,82,85,75,55,26,-5,-31,-49,-52,-42
2003,2021/02/27,-20,9,37,57,71,72,61,48,31,16,14,21,34,54,73,84,83,69,42,8,-25,-51,-65,-63
2003,2021/02/28,-45,-19,12,40,57,64,57,40,21,3,-6,-3,9,28,53,74,84,81,62,33,1,-30,-50,-57
2003,2021/03/01,-49,-25,5,34,59,69,66,54,32,9,-6,-12,-6,13,37,63,83,90,85,68,39,9,-15,-30
2003,2021/03/02,-27,-9,16,44,72,91,94,84,63,38,16,4,1,10,29,54,74,85,86,76,57,34,7,-13
2003,2021/03/03,-19,-13,4,31,56,75,83,75,57,30,1,-18,-28,-29,-13,9,30,51,63,61,52,36,16,-2
2003,2021/03/04,-12,-12,-1,19,41,60,71,71,57,33,8,-15,-33,-42,-36,-20,0,20,38,46,46,40,28,15
2003,2021/03/05,6,4,10,23,42,61,74,77,71,55,32,10,-12,-27,-30,-24,-13,2,19,32,39,42,40,33
2003,2021/03/06,28,27,29,35,49,64,75,82,81,68,52,32,8,-12,-26,-30,-27,-20,-11,2,13,20,26,27
2003,2021/03/07,26,28,29,30,39,49,57,65,66,61,53,41,23,6,-9,-19,-26,-28,-23,-17,-8,4,15,24
2003,2021/03/08,32,38,42,43,44,48,52,55,58,59,56,52,42,28,14,0,-16,-28,-33,-33,-28,-18,-4,11
2003,2021/03/09,24,37,44,46,47,47,45,45,47,49,52,55,53,46,36,24,7,-13,-26,-33,-35,-28,-14,3
2003,2021/03/10,22,42,56,60,61,57,50,45,42,39,42,52,57,55,52,43,25,2,-21,-39,-46,-46,-36,-19
2003,2021/03/11,2,25,44,52,54,50,39,28,21,20,25,38,51,60,65,63,49,25,0,-24,-42,-49,-45,-30
2003,2021/03/12,-8,19,41,55,60,57,45,30,17,10,13,25,41,56,69,75,69,50,23,-4,-28,-44,-46,-36
2003,2021/03/13,-16,12,38,56,68,68,56,39,20,7,5,13,31,53,74,89,90,78,59,34,7,-11,-20,-15
2003,2021/03/14,2,26,51,73,87,91,81,60,38,18,6,9,22,40,63,84,91,87,73,49,21,-2,-16,-18
2003,2021/03/15,-7,15,40,62,79,85,77,59,36,12,-4,-8,-1,16,41,63,79,82,73,54,31,6,-13,-20
2003,2021/03/16,-13,5,28,52,72,82,79,63,40,17,-3,-13,-10,5,28,55,77,87,87,74,53,30,10,-3
2003,2021/03/17,-2,11,29,50,69,82,83,70,48,23,-1,-18,-23,-18,-1,24,47,63,69,63,49,32,15,3
2003,2021/03/18,0,7,23,43,62,77,80,72,54,28,4,-14,-25,-26,-14,7,29,47,60,62,55,41,25,14
2003,2021/03/19,10,13,24,39,56,71,77,73,58,36,14,-6,-21,-27,-21,-7,12,31,45,51,51,44,32,23
2003,2021/03/20,20,19,25,37,50,63,72,72,62,45,25,6,-10,-21,-23,-14,-1,14,29,41,47,46,42,38
2003,2021/03/21,36,37,42,50,60,71,80,82,77,66,52,36,21,11,4,6,13,22,34,43,47,51,53,53
2003,2021/03/22,53,57,59,61,65,70,75,77,74,67,58,46,32,17,4,-5,-8,-6,0,11,21,29,35,40
2003,2021/03/23,44,48,51,52,55,57,58,61,61,58,54,46,36,24,10,-1,-11,-18,-19,-15,-8,5,16,28
2003,2021/03/24,39,47,51,52,51,50,47,46,47,48,50,49,46,41,29,16,1,-15,-25,-29,-25,-13,2,19
2003,2021/03/25,36,49,57,59,56,50,44,40,39,40,46,54,57,57,53,42,23,3,-15,-27,-31,-26,-10,12
2003,2021/03/26,34,54,66,70,69,62,50,40,34,34,41,52,63,71,73,66,48,22,-4,-24,-36,-39,-29,-8
2003,2021/03/27,16,41,59,67,66,56,41,25,12,8,12,25,44,60,72,75,64,43,17,-11,-33,-42,-40,-23
2003,2021/03/28,4,32,57,72,75,67,49,29,12,1,1,14,34,59,80,92,92,78,54,25,-3,-23,-28,-17
2003,2021/03/29,4,35,64,84,92,87,71,47,20,2,-5,1,20,46,73,97,107,102,85,57,28,3,-13,-13
2003,2021/03/30,3,27,56,80,91,90,76,50,20,-7,-23,-25,-14,9,39,67,88,97,90,72,48,22,4,-2
2003,2021/03/31,6,25,50,75,93,97,87,63,32,2,-23,-34,-31,-16,10,41,67,85,88,79,63,42,21,9
2003,2021/04/01,10,22,43,66,85,95,90,71,41,8,-20,-40,-48,-43,-24,2,29,51,63,64,56,42,27,15
2003,2021/04/02,10,16,33,51,68,81,83,70,47,17,-12,-37,-52,-56,-47,-28,-4,18,36,46,47,42,34,26
2003,2021/04/03,22,25,35,49,64,78,84,79,63,40,14,-10,-30,-42,-42,-32,-16,2,20,35,44,48,47,44
2003,2021/04/04,43,45,49,57,69,80,88,89,80,65,47,25,6,-10,-20,-19,-13,-3,11,26,39,48,54,58
2003,2021/04/05,60,61,63,67,70,75,82,85,82,75,64,47,30,14,1,-7,-10,-9,-4,5,17,27,36,45
2003,2021/04/06,52,56,58,57,58,59,61,63,63,61,58,51,42,30,17,4,-7,-12,-14,-12,-2,8,20,37
2003,2021/04/07,50,59,64,62,59,57,53,52,53,56,60,64,63,58,49,35,20,3,-8,-11,-9,-1,14,31
2003,2021/04/08,47,61,67,68,63,54,45,39,36,40,48,57,65,70,66,56,38,19,2,-11,-15,-11,1,19
2003,2021/04/09,39,57,68,71,65,53,39,24,15,16,23,34,47,59,63,61,49,27,5,-13,-24,-25,-18,-2
2003,2021/04/10,21,40,55,62,57,44,28,9,-5,-9,-4,11,29,47,61,66,59,43,19,-2,-17,-26,-23,-9
2003,2021/04/11,12,34,52,63,61,50,30,7,-14,-26,-25,-12,6,29,50,62,64,54,33,11,-7,-20,-24,-14
2003,2021/04/12,5,27,48,62,64,54,36,11,-14,-31,-35,-27,-9,16,42,62,71,67,52,31,12,-4,-13,-8
2003,2021/04/13,10,30,52,70,76,71,56,32,5,-16,-26,-23,-8,16,44,67,83,88,78,61,44,26,14,15
2003,2021/04/14,26,43,64,82,92,90,75,53,25,-2,-19,-24,-18,2,28,53,75,86,81,69,55,36,22,16
2003,2021/04/15,21,36,55,71,83,85,76,56,26,-3,-24,-37,-38,-24,-1,26,51,66,70,64,52,37,23,15
2003,2021/04/16,18,27,42,60,73,78,74,56,30,4,-20,-38,-43,-36,-19,6,30,50,61,61,55,44,31,24
2003,2021/04/17,23,29,42,58,70,80,80,67,46,21,-4,-24,-36,-35,-25,-6,18,40,55,64,65,60,52,48
2003,2021/04/18,48,52,61,75,88,96,99,92,76,55,33,12,-2,-9,-7,5,23,40,57,70,75,74,69,63
2003,2021/04/19,59,57,59,65,74,81,85,82,70,54,36,16,0,-11,-17,-14,-4,9,24,37,47,52,53,52
2003,2021/04/20,52,52,53,58,62,68,73,73,67,59,46,31,16,2,-8,-10,-7,-2,8,20,32,42,48,51
2003,2021/04/21,53,53,52,51,52,54,56,57,55,51,46,37,25,12,-1,-12,-19,-21,-17,-7,7,21,33,44
2003,2021/04/22,51,55,56,54,51,50,49,50,51,52,55,54,49,41,29,14,2,-9,-15,-11,-3,11,28,44
2003,2021/04/23,55,63,64,58,50,42,34,30,30,35,42,49,53,51,44,32,14,-3,-17,-22,-19,-7,11,30
2003,2021/04/24,48,60,64,60,50,38,25,15,11,15,26,41,55,64,65,59,42,21,1,-13,-17,-11,5,27
2003,2021/04/25,50,68,77,77,66,50,31,14,3,3,14,31,53,71,81,81,70,50,25,3,-10,-13,-3,18
2003,2021/04/26,42,63,78,80,70,52,27,1,-18,-25,-19,1,28,54,76,88,87,74,51,26,5,-6,-5,8
2003,2021/04/27,31,56,75,82,77,59,31,0,-28,-46,-48,-36,-13,18,48,71,83,81,65,44,23,6,0,8
2003,2021/04/28,27,51,74,87,88,74,49,16,-18,-43,-55,-53,-36,-8,25,55,77,85,82,68,49,33,21,22
2003,2021/04/29,35,54,78,96,101,96,76,42,7,-26,-48,-54,-47,-26,5,37,66,86,94,92,82,69,57,51
2003,2021/04/30,57,73,93,110,122,122,107,79,45,8,-22,-39,-43,-33,-11,16,45,69,81,85,81,74,63,54
2003,2021/05/01,54,64,77,93,106,110,105,86,57,26,-3,-26,-38,-39,-26,-4,18,42,61,71,76,75,69,66
2003,2021/05/02,63,67,77,88,99,109,111,103,83,57,33,8,-12,-18,-17,-9,9,26,42,57,64,65,65,62
2003,2021/05/03,59,61,64,70,80,88,94,93,81,65,47,24,4,-10,-21,-20,-10,1,16,30,42,51,56,57
2003,2021/05/04,58,57,55,57,60,64,71,73,68,61,50,34,19,4,-8,-15,-15,-10,-1,10,23,36,45,51
2003,2021/05/05,56,57,54,51,50,50,52,58,59,59,58,52,43,31,16,6,0,-3,0,8,19,32,43,51
2003,2021/05/06,58,61,57,51,42,36,35,34,37,42,47,51,50,45,36,23,10,2,-3,-2,7,19,31,46
2003,2021/05/07,57,63,62,54,43,32,22,18,18,24,35,46,53,57,54,45,34,21,11,7,11,21,35,51
2003,2021/05/08,67,77,79,73,59,43,29,17,11,17,28,43,57,67,71,67,56,40,26,16,14,20,33,49
2003,2021/05/09,68,82,87,83,71,52,31,14,4,5,15,31,51,68,79,80,74,60,43,29,22,21,29,45
2003,2021/05/10,63,79,88,87,76,57,33,10,-8,-16,-11,5,27,50,68,78,78,68,52,37,24,19,22,34
2003,2021/05/11,52,70,83,85,77,60,34,7,-16,-30,-30,-18,4,30,55,72,78,73,60,43,29,21,19,26
2003,2021/05/12,42,60,75,83,79,63,39,10,-17,-36,-44,-37,-18,7,34,58,71,72,65,52,37,27,22,25
2003,2021/05/13,38,56,72,82,84,75,54,26,-4,-29,-42,-42,-26,-4,20,9999,9999,9999,9999,9999,9999,9999,9999,9999
2003,2021/05/14,9999,9999,9999,9999,9999,9999,9999,9999,10,-12,-33,-41,-34,-15,6,9999,9999,9999,9999,9999,9999,9999,9999,9999
2003,2021/05/15,9999,9999,9999,9999,9999,9999,9999,9999,25,-5,-26,-42,-44,-33,-11,13,9999,9999,9999,9999,9999,9999,9999,9999
2003,2021/05/16,9999,9999,9999,9999,9999,9999,9999,9999,9999,17,-4,-23,-32,-28,-12,7,26,9999,9999,9999,9999,9999,9999,9999
2003,2021/05/17,9999,9999,9999,9999,9999,9999,9999,9999,9999,9999,18,-1,-16,-22,-15,0,16,9999,9999,9999,9999,9999,9999,9999
2003,2021/05/18,9999,9999,9999,9999,9999,9999,9999,9999,9999,9999,24,5,-8,-21,-23,-16,-4,10,9999,9999,9999,9999,9999,9999
2003,2021/05/19,9999,9999,9999,9999,9999,9999,9999,9999,9999,9999,9999,9999,7,-4,-16,-16,-9,2,17,34,49,59,64,63
2003,2021/05/20,61,58,51,49,50,52,56,59,57,54,49,38,25,11,-1,-9,-13,-9,1,15,32,47,57,63
2003,2021/05/21,64,61,56,49,46,45,45,50,55,58,61,59,53,45,33,19,10,4,5,16,31,47,63,73
2003,2021/05/22,77,78,71,59,49,40,34,35,40,46,57,66,68,67,58,44,30,18,10,13,23,38,56,71
2003,2021/05/23,81,86,81,67,51,35,22,15,16,24,39,55,69,77,76,67,51,35,21,14,16,28,46,63
2003,2021/05/24,78,86,84,72,53,30,10,-5,-12,-6,9,30,53,73,83,85,75,59,44,28,24,33,46,64
2003,2021/05/25,86,99,102,94,73,46,18,-9,-24,-26,-17,5,34,60,82,95,95,85,69,53,44,42,47,63
2003,2021/05/26,84,101,109,105,88,62,29,-5,-32,-45,-44,-28,-4,27,57,80,90,89,79,62,48,40,40,50
2003,2021/05/27,68,87,102,106,96,75,45,8,-26,-48,-57,-50,-28,1,34,65,88,98,97,87,75,66,61,64
2003,2021/05/28,77,96,113,121,119,104,77,43,4,-29,-48,-53,-44,-22,6,38,67,84,90,88,79,71,63,60
2003,2021/05/29,70,87,104,119,126,118,102,74,37,2,-25,-42,-42,-30,-9,18,46,68,81,85,83,75,65,59
2003,2021/05/30,61,69,82,97,107,110,102,81,52,20,-10,-32,-44,-44,-30,-9,15,39,58,67,71,68,61,55
2003,2021/05/31,52,54,62,74,87,95,93,82,63,37,10,-14,-32,-39,-34,-21,-3,19,40,54,62,65,61,54
2003,2021/06/01,50,47,49,57,67,76,83,81,68,51,31,9,-10,-21,-25,-20,-7,9,26,42,54,60,61,58
2003,2021/06/02,54,49,46,46,52,59,65,70,67,58,46,30,14,0,-8,-10,-5,5,19,35,48,58,64,62
2003,2021/06/03,59,55,46,40,40,42,47,53,57,57,54,48,39,27,17,11,9,13,21,33,49,61,68,73
2003,2021/06/04,72,68,60,50,42,40,41,47,54,62,68,70,67,61,52,43,35,31,32,41,54,67,79,85
2003,2021/06/05,87,84,74,60,45,33,26,26,31,40,52,60,64,64,59,50,40,34,30,33,42,55,68,78
2003,2021/06/06,85,85,77,63,46,29,15,8,10,19,32,48,61,68,70,64,56,47,39,36,40,49,62,74
2003,2021/06/07,85,88,83,70,51,29,10,-5,-11,-6,8,27,47,62,70,73,68,58,48,40,39,46,57,70
2003,2021/06/08,83,91,90,81,64,40,16,-5,-18,-19,-9,10,33,54,70,78,77,70,59,49,43,45,52,64
2003,2021/06/09,79,91,96,90,75,52,24,-2,-22,-31,-25,-8,15,41,62,76,83,79,69,57,48,43,46,54
2003,2021/06/10,68,83,91,90,80,59,31,1,-24,-40,-42,-31,-10,17,45,65,77,80,72,60,51,46,43,49
2003,2021/06/11,62,77,89,94,89,73,47,17,-13,-35,-45,-43,-26,-2,27,54,72,80,79,69,60,53,47,49
2003,2021/06/12,59,73,86,95,94,84,62,33,3,-27,-45,-47,-38,-18,10,37,61,77,80,75,67,58,51,49
2003,2021/06/13,54,66,80,92,98,93,78,53,22,-7,-31,-42,-39,-26,-3,25,51,71,82,82,77,69,59,54
2003,2021/06/14,56,65,78,91,100,102,95,75,48,20,-6,-23,-30,-24,-8,16,42,65,80,85,82,76,67,59
2003,2021/06/15,58,62,70,82,93,100,98,86,66,39,14,-8,-21,-23,-13,3,26,50,68,79,82,80,72,64
2003,2021/06/16,58,57,61,70,81,90,94,89,74,55,33,11,-7,-15,-15,-4,13,33,54,70,79,80,75,65
2003,2021/06/17,59,56,54,57,65,74,82,83,78,66,50,32,15,3,-4,-1,9,24,44,62,75,82,81,75
2003,2021/06/18,68,59,52,50,53,60,68,74,74,72,65,53,38,23,13,9,11,21,36,53,70,82,85,82
2003,2021/06/19,77,67,57,48,42,43,49,56,63,68,70,68,62,50,39,30,26,28,38,53,69,84,94,96
2003,2021/06/20,92,81,66,51,39,32,31,35,43,54,65,73,75,72,64,55,46,39,40,48,61,78,92,97
2003,2021/06/21,98,91,75,57,37,20,11,9,13,26,43,60,73,80,79,73,63,53,47,47,56,70,85,96
2003,2021/06/22,103,100,86,66,42,18,0,-12,-15,-6,11,34,56,71,82,84,78,68,58,51,53,62,75,91
2003,2021/06/23,101,105,99,80,55,26,-2,-23,-35,-36,-22,1,27,53,74,85,86,82,72,61,56,60,68,81
2003,2021/06/24,97,106,106,95,75,45,12,-18,-41,-51,-47,-29,-2,28,56,77,88,91,84,73,64,60,63,74
2003,2021/06/25,89,104,112,109,96,71,38,2,-30,-51,-57,-49,-28,-1,31,61,79,89,89,81,71,64,61,67
2003,2021/06/26,80,96,111,116,112,96,68,33,-3,-33,-51,-53,-42,-19,10,40,66,82,88,85,77,68,61,60
2003,2021/06/27,67,82,98,111,115,109,91,62,27,-7,-33,-45,-43,-29,-6,23,52,73,86,89,84,77,68,61
2003,2021/06/28,63,74,87,103,115,116,107,88,58,25,-2,-24,-33,-27,-11,12,39,62,78,85,85,79,68,58
2003,2021/06/29,53,57,68,82,97,107,108,97,78,52,25,3,-12,-15,-6,10,30,53,73,85,88,84,75,63
2003,2021/06/30,54,50,53,62,75,88,94,92,80,61,38,16,-1,-13,-11,0,17,38,58,71,79,79,72,61
2003,2021/07/01,51,43,40,43,52,64,74,79,77,67,52,36,20,9,5,8,20,37,53,68,79,83,80,71
2003,2021/07/02,59,48,39,34,37,45,54,63,66,64,60,49,37,28,20,18,25,36,51,65,76,85,86,80
2003,2021/07/03,70,58,46,37,32,32,37,46,53,58,60,58,54,46,40,35,34,40,49,60,73,83,86,85
2003,2021/07/04,78,67,53,36,22,17,17,22,30,38,46,52,54,53,50,45,41,42,46,54,66,77,84,87
2003,2021/07/05,85,77,65,47,30,17,9,8,15,25,38,51,59,65,67,64,60,56,54,57,65,77,85,91
2003,2021/07/06,93,89,77,62,40,20,7,-2,-3,7,21,38,56,67,75,77,72,66,62,60,63,72,81,90
2003,2021/07/07,97,97,91,77,56,34,13,-4,-11,-8,4,24,44,63,77,83,82,77,70,63,62,67,74,85
2003,2021/07/08,95,100,98,88,70,46,20,-4,-20,-24,-15,2,24,49,68,81,87,84,77,68,61,62,67,74
2003,2021/07/09,87,99,101,96,82,60,33,4,-18,-30,-30,-16,6,32,58,77,87,90,83,72,65,61,61,69
2003,2021/07/10,82,96,105,105,97,79,50,19,-8,-30,-37,-29,-11,14,43,67,83,90,87,78,69,60,55,59
2003,2021/07/11,70,84,98,105,101,90,67,35,3,-22,-39,-40,-28,-6,23,52,74,86,88,81,72,62,54,52
2003,2021/07/12,61,75,89,100,107,101,83,57,24,-7,-28,-39,-35,-17,8,36,63,81,88,86,77,66,55,48
2003,2021/07/13,52,62,76,91,102,102,93,72,42,12,-14,-32,-36,-27,-8,20,49,71,83,85,78,67,53,43
2003,2021/07/14,42,48,58,74,87,94,94,81,58,31,2,-20,-30,-29,-16,6,31,57,75,81,80,72,57,44
2003,2021/07/15,37,36,44,56,70,83,88,83,70,46,22,0,-17,-23,-18,-4,19,43,63,77,80,74,61,47
2003,2021/07/16,36,29,29,37,49,62,74,78,73,60,41,23,6,-6,-8,-1,15,35,56,72,80,80,70,54
2003,2021/07/17,40,29,22,22,29,40,52,62,66,63,56,43,30,19,11,12,21,35,53,70,82,86,80,66
2003,2021/07/18,52,37,22,15,15,19,29,42,50,56,60,56,49,41,34,30,32,39,53,68,81,90,88,80
2003,2021/07/19,67,50,33,17,6,4,7,15,28,40,49,57,60,57,55,50,46,49,54,65,78,88,92,91
2003,2021/07/20,82,67,47,27,9,-3,-8,-6,2,15,33,50,62,69,72,70,66,64,63,67,76,88,96,99
2003,2021/07/21,97,87,69,48,24,3,-13,-21,-19,-8,9,29,50,68,78,81,81,76,70,69,72,80,89,98
2003,2021/07/22,103,101,89,70,44,17,-7,-25,-34,-32,-19,2,28,52,72,85,88,85,79,72,70,73,81,92
2003,2021/07/23,104,110,107,95,74,45,14,-13,-33,-42,-36,-19,6,35,62,82,93,95,89,80,73,70,73,83
2003,2021/07/24,97,111,118,114,100,76,44,10,-19,-37,-43,-33,-13,13,44,72,89,97,94,84,74,67,63,69
2003,2021/07/25,83,99,115,121,116,101,74,38,5,-23,-39,-39,-25,-2,28,57,80,94,96,88,78,67,58,58
2003,2021/07/26,68,84,102,117,123,117,99,69,35,3,-19,-27,-24,-6,20,49,77,95,102,101,91,78,67,60
2003,2021/07/27,64,77,95,114,128,131,122,101,71,40,13,-5,-7,2,22,49,75,96,108,109,101,87,73,61
2003,2021/07/28,57,65,80,96,114,127,126,113,91,63,35,13,4,6,19,41,64,85,102,106,100,91,73,58
2003,2021/07/29,50,47,54,69,86,102,109,104,91,71,49,30,16,13,22,38,58,80,96,104,104,94,78,61
2003,2021/07/30,47,40,40,49,63,79,91,95,91,78,62,46,33,27,29,39,57,76,92,103,106,100,88,71
2003,2021/07/31,55,44,36,36,45,58,72,81,84,80,71,60,50,44,42,49,62,76,91,104,110,109,100,86
2003,2021/08/01,71,57,44,39,39,47,59,69,77,80,79,74,67,62,60,61,67,76,88,98,105,108,103,91
2003,2021/08/02,77,62,46,34,27,27,33,41,50,59,65,66,66,66,64,65,67,72,78,86,95,100,99,93
2003,2021/08/03,82,68,54,37,23,16,15,18,27,38,50,59,65,68,71,72,72,73,75,79,86,93,96,95
2003,2021/08/04,90,81,67,49,31,17,7,5,10,21,35,51,64,74,81,82,81,80,75,75,80,87,92,97
2003,2021/08/05,98,93,83,67,46,27,10,-1,-4,4,19,38,57,74,87,93,93,89,83,79,80,84,90,98
2003,2021/08/06,104,106,101,88,69,45,23,3,-9,-7,4,22,45,68,86,97,100,97,89,82,77,77,82,91
2003,2021/08/07,101,109,111,103,86,63,36,10,-10,-17,-12,3,26,54,77,94,103,102,93,84,76,73,74,83
2003,2021/08/08,96,109,118,119,108,88,61,30,3,-13,-16,-6,16,43,72,96,109,113,106,94,84,75,71,78
2003,2021/08/09,92,108,122,128,125,112,86,54,22,-2,-12,-11,4,31,63,91,112,121,120,111,98,86,79,81
2003,2021/08/10,91,109,127,140,144,139,122,93,62,30,6,-2,4,21,47,75,98,111,110,100,87,69,55,51
2003,2021/08/11,57,71,92,109,122,126,114,92,62,29,3,-11,-12,1,27,55,82,99,104,99,84,65,48,37
2003,2021/08/12,36,46,64,84,102,112,111,97,72,46,19,-3,-9,-2,15,42,70,92,103,103,92,73,53,38
2003,2021/08/13,30,32,46,66,85,103,112,107,92,70,45,25,12,11,23,43,68,90,104,110,104,87,68,48
2003,2021/08/14,33,29,35,49,68,87,102,108,103,90,74,56,42,37,41,55,74,94,110,119,117,105,84,62
2003,2021/08/15,44,30,25,30,41,58,75,85,89,87,78,68,57,48,48,55,67,83,97,107,110,101,84,64
2003,2021/08/16,44,25,14,9,12,23,36,49,60,67,69,66,61,57,55,57,63,74,85,96,103,100,90,75
2003,2021/08/17,55,36,19,5,-2,1,8,18,30,42,52,59,63,65,66,67,69,73,81,90,99,104,100,92
2003,2021/08/18,80,62,44,27,11,3,3,5,12,26,42,55,67,75,80,82,81,79,79,83,88,94,97,96
2003,2021/08/19,89,78,62,40,18,0,-12,-18,-16,-5,11,29,48,65,77,82,81,78,72,70,74,79,84,91
2003,2021/08/20,93,89,82,63,38,15,-7,-24,-30,-27,-15,6,28,51,71,81,84,78,69,63,59,60,68,79
2003,2021/08/21,88,96,96,85,66,39,10,-14,-32,-38,-31,-15,9,37,61,80,88,85,76,65,55,52,57,66
2003,2021/08/22,82,98,106,105,92,69,41,10,-18,-33,-34,-24,-3,25,54,77,91,94,85,71,58,47,45,55
2003,2021/08/23,71,90,108,115,110,96,71,39,9,-16,-26,-22,-7,19,49,75,93,99,91,77,61,44,35,37
2003,2021/08/24,50,71,93,111,117,110,92,62,30,4,-14,-18,-8,13,40,69,91,102,99,87,68,49,34,30
2003,2021/08/25,38,57,81,103,117,120,111,90,60,31,10,-1,0,17,40,68,92,104,105,96,77,55,36,23
2003,2021/08/26,23,35,54,77,96,107,106,92,69,44,22,6,4,15,34,59,82,97,104,99,83,63,41,23
2003,2021/08/27,16,19,35,57,76,94,102,94,80,61,40,26,19,22,38,59,80,97,106,103,92,72,49,30
2003,2021/08/28,17,13,22,37,56,75,87,89,83,69,54,41,33,34,43,59,78,94,103,104,97,80,60,40
2003,2021/08/29,23,13,13,21,35,53,67,76,76,69,61,52,44,44,50,60,75,88,98,103,99,86,69,51
2003,2021/08/30,33,21,15,15,22,35,49,61,67,67,64,58,53,52,55,61,72,82,91,98,98,90,77,62
2003,2021/08/31,46,31,21,15,15,22,33,44,52,58,61,61,61,61,63,66,71,77,82,88,92,89,79,70
2003,2021/09/01,57,43,31,19,11,12,17,24,34,43,52,60,65,69,73,74,77,79,81,86,90,90,89,84
2003,2021/09/02,75,65,51,35,23,14,11,12,19,31,46,58,69,77,83,86,87,84,80,82,85,88,91,91
2003,2021/09/03,89,83,71,56,38,20,8,3,4,13,28,45,63,77,86,92,89,83,78,74,74,77,82,89
2003,2021/09/04,94,93,87,74,53,31,11,-6,-12,-8,4,24,46,65,80,88,88,81,70,63,59,58,65,77
2003,2021/09/05,86,93,95,86,68,45,18,-4,-20,-25,-16,4,28,53,73,86,90,83,71,59,49,46,50,62
2003,2021/09/06,78,93,102,102,90,68,42,13,-12,-25,-22,-7,16,45,72,90,98,93,78,64,49,37,37,47
2003,2021/09/07,63,85,101,108,106,91,65,34,3,-18,-24,-17,3,32,60,84,98,95,82,65,45,28,22,28
2003,2021/09/08,44,66,88,105,112,107,88,59,26,0,-15,-16,-1,24,53,81,99,103,94,76,53,31,15,13
2003,2021/09/09,23,42,68,91,106,110,101,77,48,20,-1,-9,-4,16,43,72,93,102,97,80,56,30,8,-2
2003,2021/09/10,2,17,40,67,88,102,103,90,67,42,19,5,4,17,40,68,91,104,105,92,69,41,15,-2
2003,2021/09/11,-8,-1,18,43,67,88,99,96,82,63,44,30,24,29,46,68,90,106,112,104,86,60,32,9
2003,2021/09/12,-4,-6,4,22,44,67,85,90,86,77,64,52,45,45,54,72,91,107,115,112,99,77,49,24
2003,2021/09/13,4,-8,-8,1,16,34,54,66,71,71,66,59,54,52,56,67,81,94,103,106,99,83,63,40
2003,2021/09/14,18,2,-5,-6,1,15,30,45,57,63,67,68,67,67,69,75,84,93,101,106,105,97,83,65
2003,2021/09/15,46,27,13,5,1,6,16,27,40,52,62,70,76,78,81,83,85,88,94,98,100,98,91,81
2003,2021/09/16,67,50,35,19,6,0,0,3,12,25,39,54,66,74,80,83,81,78,78,78,82,85,85,84
2003,2021/09/17,79,68,55,37,18,4,-6,-11,-8,2,17,36,55,71,81,86,84,79,73,71,72,75,81,89
2003,2021/09/18,94,93,87,73,52,30,12,-2,-7,-2,12,29,50,71,86,93,91,81,69,60,56,55,63,76
2003,2021/09/19,89,100,101,92,75,51,26,4,-11,-14,-4,14,38,62,82,95,96,84,69,53,41,37,43,56
2003,2021/09/20,75,93,103,103,93,72,44,17,-5,-15,-11,1,22,49,72,89,94,85,67,48,29,17,18,30
2003,2021/09/21,51,74,94,103,101,87,63,34,9,-8,-12,-3,18,43,69,91,100,95,79,58,36,18,10,18
2003,2021/09/22,36,60,86,104,110,105,87,60,34,13,3,6,21,44,71,94,106,105,92,70,45,21,5,3
2003,2021/09/23,17,43,68,90,107,109,99,80,53,30,18,13,22,44,67,90,108,109,98,79,51,24,4,-5
2003,2021/09/24,1,19,43,68,90,100,98,85,63,42,26,18,22,36,57,81,97,102,96,79,56,28,3,-11
2003,2021/09/25,-13,-1,20,44,68,84,89,83,68,51,35,25,23,32,50,71,87,96,96,83,62,36,10,-7
2003,2021/09/26,-14,-11,4,26,48,67,79,80,72,60,48,38,35,39,53,70,86,96,98,90,75,52,28,8
2003,2021/09/27,-6,-9,-1,14,33,54,69,75,73,66,59,52,48,49,57,71,84,94,98,93,83,64,42,24
2003,2021/09/28,7,-2,0,6,20,37,52,64,68,67,64,60,57,58,63,72,83,90,95,95,87,74,57,39
2003,2021/09/29,23,12,6,6,12,24,37,49,58,63,65,65,65,66,70,74,80,87,90,92,90,81,71,59
2003,2021/09/30,44,31,22,14,13,18,25,35,46,56,63,68,73,76,78,81,83,83,83,85,85,83,79,72
2003,2021/10/01,63,50,39,28,18,15,17,22,32,46,58,70,79,84,86,88,87,85,84,85,87,90,93,94
2003,2021/10/02,89,81,71,56,41,29,21,21,26,37,53,68,82,92,95,94,89,80,71,67,66,69,75,81
2003,2021/10/03,83,82,75,60,41,21,4,-7,-8,0,16,38,57,72,83,85,78,66,53,43,39,41,49,61
2003,2021/10/04,71,79,80,70,53,31,8,-9,-18,-16,-1,21,44,66,82,87,82,68,51,36,26,25,33,49
2003,2021/10/05,68,85,95,93,81,59,32,8,-9,-15,-7,14,40,67,88,100,97,82,62,42,26,19,25,39
2003,2021/10/06,61,85,103,110,105,90,65,36,12,-1,-1,14,39,67,92,109,110,97,74,47,23,7,3,14
2003,2021/10/07,34,61,88,105,111,104,83,55,28,8,0,7,26,53,81,103,110,100,79,50,20,-2,-14,-13
2003,2021/10/08,3,30,60,87,105,108,97,76,50,26,13,12,24,46,74,97,108,104,86,58,26,-4,-24,-29
2003,2021/10/09,-21,1,31,60,85,100,98,86,67,45,29,24,28,44,67,90,105,107,93,69,38,5,-22,-37
2003,2021/10/10,-38,-24,1,28,56,80,89,87,78,63,49,41,40,49,68,89,106,113,106,88,61,29,-1,-25
2003,2021/10/11,-34,-31,-17,4,30,54,72,80,79,73,64,57,54,57,66,82,97,107,106,95,75,48,18,-7
2003,2021/10/12,-24,-31,-27,-15,3,25,43,55,60,60,56,53,51,52,59,71,83,91,94,90,79,61,38,13
2003,2021/10/13,-5,-17,-22,-19,-9,5,20,38,49,55,61,64,65,66,68,74,83,87,91,93,88,78,64,46
2003,2021/10/14,28,12,0,-5,-5,0,10,22,35,49,59,66,72,75,77,79,80,81,82,83,83,81,75,66
2003,2021/10/15,55,40,26,13,4,1,3,8,20,34,48,61,71,76,78,77,73,67,65,64,66,69,71,71
2003,2021/10/16,70,62,48,33,19,6,-1,0,6,18,35,53,69,80,85,84,77,67,59,55,55,61,70,79
2003,2021/10/17,84,85,81,68,50,31,15,4,3,13,30,51,68,80,89,88,76,62,47,35,31,35,44,59
2003,2021/10/18,74,83,85,76,60,42,21,4,-1,1,12,33,53,70,85,89,79,61,40,21,10,9,18,33
2003,2021/10/19,54,74,84,84,76,57,35,17,4,2,12,29,52,75,91,98,92,74,52,28,10,5,10,25
2003,2021/10/20,50,75,94,107,105,91,71,49,32,24,25,39,57,77,96,107,102,85,61,32,7,-8,-11,0
2003,2021/10/21,22,50,75,92,99,93,76,55,35,21,17,26,44,65,84,97,98,86,62,32,4,-16,-26,-21
2003,2021/10/22,-2,25,55,78,93,95,83,66,48,31,24,29,41,62,86,102,108,100,79,51,20,-5,-20,-23
2003,2021/10/23,-11,13,41,68,89,98,94,82,64,47,37,36,41,56,78,93,101,99,83,57,28,-1,-22,-31
2003,2021/10/24,-28,-10,17,42,66,82,85,79,66,50,40,36,39,51,69,85,95,95,82,61,34,5,-19,-34
2003,2021/10/25,-37,-27,-7,17,42,62,72,73,66,54,44,42,41,48,66,81,91,97,90,74,52,25,1,-17
2003,2021/10/26,-25,-20,-8,12,36,58,74,82,79,72,65,60,59,63,73,86,97,102,102,91,72,50,25,4
2003,2021/10/27,-9,-13,-7,6,23,42,59,69,74,72,67,65,63,62,69,80,88,94,94,88,76,58,38,19
2003,2021/10/28,3,-5,-6,-2,10,25,39,51,62,66,65,65,64,64,68,73,76,79,79,78,72,59,46,32
2003,2021/10/29,17,5,-3,-6,-3,6,17,30,44,54,60,64,64,63,65,67,68,69,69,70,68,63,56,46
2003,2021/10/30,34,23,12,3,-1,-2,3,15,28,41,53,61,66,69,68,66,63,57,56,56,55,57,58,54
2003,2021/10/31,50,40,27,15,3,-4,-4,1,12,28,44,57,66,70,70,67,58,49,42,38,38,45,52,57
2003,2021/11/01,61,60,51,36,21,6,-4,-4,2,14,33,52,67,76,78,73,61,46,33,25,25,31,41,56
2003,2021/11/02,69,76,75,65,48,30,13,4,3,11,31,55,74,88,95,89,75,57,36,20,14,17,29,47
2003,2021/11/03,67,85,95,92,78,59,38,21,13,16,29,50,73,91,100,99,85,61,35,11,-3,-5,4,24
2003,2021/11/04,51,78,96,104,100,85,63,42,26,20,27,45,66,88,103,106,94,70,38,7,-17,-28,-25,-9
2003,2021/11/05,17,49,77,96,103,97,79,59,40,28,29,41,60,84,104,112,106,84,52,17,-16,-37,-45,-39
2003,2021/11/06,-17,15,48,76,94,98,90,75,57,41,34,39,53,74,95,108,108,94,65,29,-6,-36,-54,-57
2003,2021/11/07,-44,-18,15,48,73,87,91,83,68,54,43,42,50,66,86,103,109,102,82,49,12,-20,-46,-59
2003,2021/11/08,-58,-42,-16,14,43,66,77,78,73,62,53,49,50,62,79,96,107,107,94,70,40,8,-22,-42
2003,2021/11/09,-49,-44,-27,-3,24,49,67,78,81,76,73,70,67,75,88,101,115,122,116,100,75,48,21,-4
2003,2021/11/10,-20,-22,-16,-2,17,39,59,73,80,81,80,79,75,78,85,91,101,109,110,103,89,68,44,23
2003,2021/11/11,4,-8,-11,-7,4,20,36,53,65,72,76,77,76,75,76,80,83,87,92,91,85,76,61,42
2003,2021/11/12,26,11,1,-2,0,7,20,35,48,60,67,71,71,69,67,64,61,62,66,67,69,69,62,53
2003,2021/11/13,43,30,19,9,3,5,11,20,35,47,58,68,70,70,68,59,51,47,42,44,50,53,57,58
2003,2021/11/14,54,46,36,22,12,6,4,10,22,34,50,62,69,73,70,61,50,37,28,26,29,39,51,59
2003,2021/11/15,65,65,58,48,36,23,15,15,20,32,47,62,74,80,79,69,52,34,19,8,6,15,28,44
2003,2021/11/16,58,66,68,63,50,37,25,18,20,28,41,59,74,83,87,79,59,36,13,-4,-10,-6,7,27
2003,2021/11/17,47,65,74,74,66,53,39,27,22,25,36,53,70,82,88,84,69,46,19,-6,-20,-22,-13,7
2003,2021/11/18,31,54,73,82,79,69,55,41,32,29,36,51,68,85,96,95,84,61,30,2,-20,-32,-28,-12
2003,2021/11/19,13,41,65,80,85,80,69,54,43,37,39,50,66,84,97,101,94,74,45,13,-15,-32,-36,-28
2003,2021/11/20,-8,20,49,72,84,85,77,64,51,40,38,44,57,74,90,98,95,78,51,20,-10,-34,-46,-44
2003,2021/11/21,-27,-1,28,55,74,82,80,71,58,47,42,43,52,68,84,96,98,88,67,37,6,-20,-38,-43
2003,2021/11/22,-33,-13,15,45,68,84,91,86,76,66,59,58,65,78,94,108,117,114,97,71,42,11,-14,-25
2003,2021/11/23,-25,-12,11,37,61,82,93,95,89,78,71,67,68,78,91,101,110,108,96,77,51,23,0,-18
2003,2021/11/24,-25,-20,-4,20,45,67,82,87,84,77,67,62,62,67,77,88,96,99,94,81,61,37,12,-7
2003,2021/11/25,-18,-18,-9,5,26,47,65,77,80,78,74,68,64,65,72,80,88,94,94,85,70,52,31,12
2003,2021/11/26,-2,-10,-9,-2,13,31,49,65,73,75,72,66,61,60,61,67,74,79,82,80,73,62,46,27
2003,2021/11/27,12,1,-5,-3,4,18,34,50,63,70,70,68,63,59,58,59,59,61,64,65,62,56,48,36
2003,2021/11/28,22,11,1,-5,-4,3,15,30,46,58,65,66,64,60,55,49,46,44,43,47,50,52,53,50
2003,2021/11/29,42,32,20,11,6,4,10,22,37,53,65,71,72,70,62,52,42,33,29,30,35,43,50,56
2003,2021/11/30,57,53,44,32,20,12,10,16,28,45,62,73,78,78,73,60,44,30,18,15,21,32,47,64
2003,2021/12/01,77,83,81,74,67,59,52,50,52,63,78,90,102,105,96,82,60,35,18,5,0,8,25,45
2003,2021/12/02,66,83,89,87,78,62,47,36,33,41,55,71,86,93,91,81,59,30,3,-18,-29,-27,-14,9
2003,2021/12/03,36,62,83,89,86,77,62,49,43,45,57,74,92,106,112,103,83,53,19,-11,-32,-40,-34,-15
2003,2021/12/04,13,44,72,92,99,95,84,70,60,55,60,73,91,107,118,117,101,74,36,-6,-39,-57,-61,-52
2003,2021/12/05,-30,0,32,60,78,84,80,70,58,49,47,54,67,84,99,104,97,76,43,4,-32,-60,-75,-75
2003,2021/12/06,-60,-34,-1,32,57,72,76,72,63,54,48,49,59,75,92,105,107,94,69,35,-2,-36,-60,-71
2003,2021/12/07,-68,-51,-24,7,36,59,73,77,73,65,58,55,61,73,88,105,113,109,96,71,38,5,-24,-45
2003,2021/12/08,-50,-43,-26,-2,25,50,68,77,80,76,68,62,60,65,77,90,101,106,100,84,59,29,-1,-25
2003,2021/12/09,-40,-43,-34,-17,3,27,47,61,67,67,62,55,50,49,55,65,76,83,85,79,65,44,18,-7
2003,2021/12/10,-25,-35,-34,-24,-10,9,30,47,58,63,61,57,51,45,45,50,57,65,71,71,67,57,41,23
2003,2021/12/11,5,-7,-12,-11,-3,11,26,42,55,63,66,63,56,49,43,41,42,44,48,53,55,53,48,38
2003,2021/12/12,26,15,6,2,4,12,24,39,53,65,72,73,69,61,51,44,39,35,38,44,48,53,56,56
2003,2021/12/13,51,40,28,21,16,15,24,35,46,58,67,69,68,62,50,37,23,12,7,7,13,24,33,40
2003,2021/12/14,44,42,39,32,23,21,22,27,38,50,61,71,75,72,63,49,32,15,2,-4,0,8,21,36
2003,2021/12/15,47,53,57,52,43,39,34,34,41,50,62,74,79,80,74,58,38,16,-4,-17,-21,-15,-1,16
2003,2021/12/16,35,51,59,60,56,47,42,39,38,46,58,69,79,85,82,71,52,26,1,-19,-30,-26,-14,5
2003,2021/12/17,30,52,68,78,78,72,66,59,55,61,70,81,97,108,109,103,86,61,33,4,-20,-29,-23,-6
2003,2021/12/18,19,46,67,77,82,80,71,63,57,53,58,68,79,92,98,94,82,59,29,0,-24,-38,-39,-25
2003,2021/12/19,-4,24,52,72,83,85,79,70,61,56,58,64,76,90,100,104,97,78,49,17,-12,-32,-41,-35
2003,2021/12/20,-18,8,37,63,80,88,85,77,66,58,55,57,68,82,95,104,101,87,63,32,1,-23,-38,-41
2003,2021/12/21,-30,-8,20,46,68,82,87,83,73,65,61,59,65,79,94,105,110,102,82,56,26,-4,-27,-38
2003,2021/12/22,-36,-21,3,29,54,73,82,81,74,65,56,51,53,64,78,91,98,97,85,63,35,6,-20,-36
2003,2021/12/23,-41,-31,-10,14,40,62,75,80,75,67,60,51,48,57,67,81,93,93,86,72,49,23,-3,-25
2003,2021/12/24,-35,-33,-21,0,24,48,67,76,76,72,64,53,49,53,61,73,85,91,93,85,68,49,26,3
2003,2021/12/25,-13,-18,-12,2,23,46,66,80,85,82,75,66,57,56,59,64,73,83,84,81,73,56,37,18
2003,2021/12/26,-2,-10,-9,-3,12,30,49,67,76,77,74,63,51,47,43,47,56,60,64,69,67,62,53,38
2003,2021/12/27,23,11,3,3,12,26,43,59,69,77,78,69,59,50,40,35,35,37,44,50,54,57,56,49
2003,2021/12/28,41,28,17,12,9,15,30,43,57,69,71,67,59,47,35,25,17,13,14,19,26,35,40,44
2003,2021/12/29,44,38,29,21,16,17,25,35,49,64,73,75,71,61,49,34,17,4,-3,-4,5,16,28,42
2003,2021/12/30,52,57,58,53,47,45,45,48,59,73,85,91,92,86,71,49,26,5,-11,-18,-17,-7,11,30
2003,2021/12/31,48,65,72,70,67,59,51,51,55,65,78,86,90,90,80,61,36,7,-18,-34,-41,-37,-22,2
