2003,2016/01/01,12,9,11,17,35,56,75,88,93,91,82,67,53,44,38,39,47,55,62,68,68,63,54,41
2003,2016/01/02,28,20,18,22,34,51,68,83,93,95,90,80,67,55,46,42,42,46,52,59,65,67,64,57
2003,2016/01/03,50,44,39,38,45,55,67,82,93,99,100,92,79,68,59,48,43,43,43,46,54,60,63,63
2003,2016/01/04,61,58,54,50,50,54,63,75,86,95,101,99,92,82,73,62,49,38,31,27,31,43,53,60
2003,2016/01/05,66,69,68,64,59,60,63,66,74,87,95,97,94,85,74,60,43,29,19,13,14,22,35,49
2003,2016/01/06,61,71,76,73,68,65,61,62,70,79,89,97,100,97,90,77,57,37,20,8,4,12,24,39
2003,2016/01/07,60,77,86,89,88,81,75,70,70,77,85,94,102,104,100,89,69,44,20,1,-7,-6,2,21
2003,2016/01/08,45,66,84,93,94,90,81,71,67,70,76,88,103,112,115,110,92,66,37,10,-8,-13,-8,8
2003,2016/01/09,31,56,79,95,100,98,88,76,67,63,66,76,90,103,113,113,101,77,47,16,-10,-24,-27,-17
2003,2016/01/10,6,35,65,87,101,104,97,83,69,60,58,65,79,96,112,120,115,97,69,35,3,-20,-32,-30
2003,2016/01/11,-13,16,46,72,92,101,100,89,74,63,54,52,64,82,100,116,120,109,88,57,25,-4,-26,-32
2003,2016/01/12,-24,-3,28,58,81,100,105,96,83,68,55,49,53,68,89,107,118,119,104,79,48,17,-8,-23
2003,2016/01/13,-23,-7,16,44,73,95,105,104,93,77,61,47,46,55,72,93,112,120,117,102,75,43,14,-6
2003,2016/01/14,-13,-7,11,35,58,81,99,104,97,84,68,50,40,41,51,68,87,101,106,100,83,61,35,11
2003,2016/01/15,-3,-3,6,25,48,71,91,101,100,92,75,55,42,35,36,48,63,78,89,90,84,71,51,30
2003,2016/01/16,16,9,13,25,41,63,84,95,99,97,84,68,51,36,31,33,40,53,66,73,76,74,62,48
2003,2016/01/17,36,27,25,30,40,58,75,89,98,99,93,79,61,46,32,23,25,30,38,50,60,65,64,59
2003,2016/01/18,54,48,43,43,49,61,78,93,106,118,121,114,105,92,77,68,57,50,55,62,70,86,96,100
2003,2016/01/19,104,102,96,93,90,93,101,109,121,131,132,128,120,105,89,70,51,38,31,30,38,50,63,75
2003,2016/01/20,84,90,93,92,88,87,88,92,99,109,117,121,119,110,97,77,53,31,14,5,6,16,31,48
2003,2016/01/21,67,81,87,89,85,80,77,75,75,83,94,103,109,110,104,89,67,41,16,-3,-10,-5,7,26
2003,2016/01/22,49,71,87,95,93,88,80,72,69,72,80,92,102,109,111,103,84,57,26,-1,-20,-27,-19,-3
2003,2016/01/23,22,51,74,88,94,91,82,72,62,61,68,78,93,109,117,119,110,87,57,25,-1,-16,-18,-7
2003,2016/01/24,17,47,77,99,111,113,107,95,82,72,70,78,90,108,128,136,132,117,89,55,25,1,-12,-7
2003,2016/01/25,9,33,63,88,103,110,106,91,74,59,52,54,63,79,99,113,119,112,90,61,29,0,-20,-26
2003,2016/01/26,-17,5,34,63,85,97,96,85,69,53,40,37,43,58,80,100,112,113,101,78,49,19,-5,-18
2003,2016/01/27,-16,1,27,54,79,97,102,94,79,61,44,35,34,43,60,80,95,102,98,82,58,31,5,-13
2003,2016/01/28,-18,-9,12,37,62,85,96,93,82,65,46,33,26,29,44,63,79,90,94,86,69,48,24,4
2003,2016/01/29,-5,-2,11,31,55,78,93,97,88,73,57,40,28,27,34,48,67,81,86,86,77,62,43,24
2003,2016/01/30,12,12,18,33,55,76,94,101,97,87,71,53,39,31,31,40,52,65,74,78,76,67,54,39
2003,2016/01/31,29,24,26,35,52,70,85,96,97,89,76,60,44,32,27,28,34,44,54,61,65,64,56,46
2003,2016/02/01,37,31,31,34,43,59,74,86,92,89,81,68,53,40,31,26,27,31,37,46,52,55,58,53
2003,2016/02/02,48,47,46,46,51,59,69,83,90,92,90,81,68,55,44,34,26,24,26,29,35,45,51,53
2003,2016/02/03,56,57,55,54,52,54,63,71,77,84,86,80,73,61,47,34,21,12,8,7,13,25,36,45
2003,2016/02/04,54,60,62,62,60,59,61,65,71,78,85,87,84,77,68,54,38,23,12,5,5,14,27,41
2003,2016/02/05,56,70,77,77,75,71,66,64,66,72,82,89,92,91,85,72,53,32,11,-4,-8,-5,8,26
2003,2016/02/06,47,67,83,89,88,84,75,67,65,69,76,87,97,103,104,96,77,52,25,1,-13,-15,-7,9
2003,2016/02/07,33,60,81,92,96,93,81,68,59,57,63,75,89,103,110,107,94,68,36,7,-15,-26,-26,-14
2003,2016/02/08,10,40,66,84,93,92,83,67,53,44,44,53,70,89,105,112,108,90,61,27,-1,-20,-29,-23
2003,2016/02/09,-2,28,60,85,101,108,100,84,68,53,47,53,66,86,110,126,128,117,91,56,24,-3,-21,-25
2003,2016/02/10,-12,12,42,70,92,104,103,87,65,43,27,23,30,46,71,94,107,108,93,66,34,3,-21,-32
2003,2016/02/11,-27,-8,19,49,76,93,97,87,69,46,25,14,14,24,46,73,93,103,98,79,53,25,-4,-21
2003,2016/02/12,-24,-14,9,35,61,83,95,90,75,54,31,14,4,8,24,47,71,90,96,88,72,49,24,5
2003,2016/02/13,-4,-1,15,37,62,85,100,103,94,75,53,32,17,11,18,35,57,77,91,93,87,75,56,37
2003,2016/02/14,28,26,35,53,74,96,116,125,121,106,89,68,45,32,31,37,51,67,83,93,95,91,80,66
2003,2016/02/15,55,49,51,59,73,92,108,117,118,110,94,76,55,35,25,23,27,38,52,64,74,78,77,70
2003,2016/02/16,63,60,59,60,68,80,91,102,108,105,98,88,69,51,38,27,23,24,29,38,49,60,66,67
2003,2016/02/17,68,68,68,68,69,74,83,92,99,102,99,91,80,65,48,30,17,9,5,6,15,25,38,49
2003,2016/02/18,56,64,67,63,62,63,64,70,75,80,84,85,82,74,61,46,26,7,-6,-9,-9,2,17,32
2003,2016/02/19,48,60,66,67,65,60,57,56,60,67,75,82,86,84,78,65,45,20,-3,-17,-22,-18,-4,15
2003,2016/02/20,35,53,67,72,69,64,56,49,47,49,59,73,82,90,95,88,73,51,26,7,-6,-7,5,23
2003,2016/02/21,46,73,91,100,102,95,84,71,60,55,58,67,81,96,104,103,92,70,42,14,-7,-18,-18,-6
2003,2016/02/22,15,40,62,77,82,78,65,49,36,27,27,41,57,74,93,102,96,82,58,27,0,-19,-27,-18
2003,2016/02/23,3,30,57,77,90,90,80,63,44,31,26,32,47,68,89,105,111,103,83,57,27,0,-14,-14
2003,2016/02/24,-2,20,47,72,89,94,87,70,49,29,17,18,27,45,68,88,100,100,87,64,36,11,-8,-16
2003,2016/02/25,-8,14,39,65,87,96,93,79,56,35,19,12,14,28,50,73,90,97,92,76,53,29,9,-3
2003,2016/02/26,0,16,36,58,80,95,96,86,66,44,26,14,12,21,39,61,82,94,96,87,69,47,25,7
2003,2016/02/27,3,11,27,49,72,88,94,88,70,49,29,13,5,8,23,44,64,80,88,85,76,61,41,25
2003,2016/02/28,16,17,27,44,64,83,93,91,80,60,38,21,10,5,13,29,44,61,73,75,70,60,46,33
2003,2016/02/29,26,27,35,48,67,88,100,104,98,81,62,46,30,20,22,31,42,54,67,77,79,75,68,56
2003,2016/03/01,48,46,46,53,68,82,93,96,92,80,65,48,31,17,12,14,20,31,43,54,59,61,59,52
2003,2016/03/02,48,47,47,50,59,69,80,88,89,84,73,60,45,29,20,18,18,21,29,36,43,51,55,56
2003,2016/03/03,57,58,56,58,63,71,80,87,90,88,82,73,59,44,29,18,11,8,10,16,25,34,44,52
2003,2016/03/04,56,61,62,60,60,60,62,67,71,73,74,72,64,54,41,27,14,4,-3,-3,2,11,23,36
2003,2016/03/05,48,58,62,61,58,53,50,50,52,58,65,70,72,68,59,46,29,11,-3,-11,-12,-3,10,27
2003,2016/03/06,46,62,72,75,70,64,56,49,46,52,61,73,84,87,85,76,57,35,14,-3,-12,-9,2,22
2003,2016/03/07,46,68,85,93,92,84,70,56,47,45,52,67,83,96,103,100,86,63,35,9,-8,-14,-10,8
2003,2016/03/08,34,61,85,99,102,95,80,62,46,37,40,54,73,94,111,117,111,91,61,32,7,-11,-15,-6
2003,2016/03/09,15,45,72,92,102,97,81,62,40,22,18,26,44,69,95,111,115,104,80,50,19,-4,-16,-14
2003,2016/03/10,3,30,59,83,98,100,89,67,39,17,5,6,19,42,73,99,111,110,96,70,41,13,-6,-12
2003,2016/03/11,-2,20,48,74,95,104,98,79,52,24,4,-6,-2,17,46,76,98,110,105,87,63,37,14,4
2003,2016/03/12,5,19,42,66,89,103,102,89,64,33,7,-11,-18,-9,12,41,69,87,93,87,70,49,29,13
2003,2016/03/13,10,18,35,57,79,96,101,94,74,48,21,-2,-16,-19,-7,17,42,65,82,85,79,68,50,35
2003,2016/03/14,30,32,43,61,80,98,108,105,93,72,48,24,4,-8,-5,7,27,47,64,76,79,75,67,57
2003,2016/03/15,50,50,54,64,81,96,107,111,104,90,71,49,26,9,-1,-1,7,20,36,52,62,65,62,57
2003,2016/03/16,52,50,49,53,62,73,83,89,89,82,70,56,39,22,9,2,1,6,17,28,39,48,53,56
2003,2016/03/17,56,56,54,54,58,65,73,78,81,81,77,69,58,42,27,15,5,1,3,9,20,33,43,52
2003,2016/03/18,60,63,62,60,58,60,61,65,70,74,78,78,75,66,54,41,26,13,7,8,14,25,40,54
2003,2016/03/19,67,77,79,76,73,69,64,64,66,71,80,86,90,90,85,74,57,38,23,14,13,19,33,50
2003,2016/03/20,67,81,88,88,82,73,62,54,51,53,62,74,84,91,92,87,71,50,29,11,3,5,15,33
2003,2016/03/21,55,74,85,90,86,75,60,46,36,34,43,57,73,87,96,97,88,68,45,23,5,0,7,23
2003,2016/03/22,47,71,88,96,95,85,68,50,34,27,32,44,62,83,101,110,107,93,70,45,23,10,11,23
2003,2016/03/23,43,68,88,102,105,94,77,56,35,22,21,28,45,67,87,104,107,97,79,55,30,12,5,10
2003,2016/03/24,29,54,77,95,103,99,84,61,37,19,8,13,28,49,74,95,106,105,92,70,47,26,12,12
2003,2016/03/25,26,49,73,93,106,106,93,71,45,21,7,5,14,32,57,82,99,104,98,81,58,36,20,14
2003,2016/03/26,21,39,62,83,99,104,96,76,51,25,5,-4,-1,13,37,62,83,95,96,84,67,47,28,19
2003,2016/03/27,21,33,52,73,91,101,97,81,58,32,10,-4,-7,3,22,45,68,85,92,88,77,60,43,31
2003,2016/03/28,29,36,51,70,88,101,103,92,72,47,25,6,-2,1,13,34,56,72,84,86,80,69,55,42
2003,2016/03/29,38,40,49,64,81,93,99,94,77,56,35,15,1,-2,4,17,36,52,66,75,76,71,62,51
2003,2016/03/30,46,46,50,61,75,88,96,96,85,70,52,32,18,10,8,16,30,43,59,71,73,72,69,64
2003,2016/03/31,59,57,59,63,73,83,90,93,89,78,65,47,30,18,11,11,18,26,38,51,59,66,68,67
2003,2016/04/01,66,64,63,63,67,73,79,83,84,80,71,59,45,32,20,14,12,14,21,31,42,53,60,66
2003,2016/04/02,70,71,69,67,64,64,67,70,72,74,72,67,59,47,34,24,12,6,7,11,20,34,46,58
2003,2016/04/03,67,72,72,68,62,56,54,54,56,62,67,70,72,67,56,44,30,15,7,4,8,20,36,53
2003,2016/04/04,70,81,87,85,76,64,55,48,48,55,67,79,89,94,91,80,64,44,26,16,13,18,31,50
2003,2016/04/05,70,88,97,96,86,71,54,39,32,33,45,63,80,94,99,95,82,59,35,17,6,5,14,33
2003,2016/04/06,59,81,95,101,93,76,55,32,14,9,16,34,58,79,94,100,93,73,47,22,4,-6,-3,13
2003,2016/04/07,39,64,85,97,96,83,59,32,8,-5,-5,10,36,67,94,113,119,109,89,65,41,25,21,29
2003,2016/04/08,51,76,97,111,114,104,82,52,21,-1,-12,-8,11,39,69,97,113,113,100,79,55,33,20,22
2003,2016/04/09,37,59,84,104,114,113,97,69,35,4,-16,-22,-11,12,42,72,96,106,103,91,72,51,35,30
2003,2016/04/10,39,56,78,101,116,120,112,89,59,25,-3,-18,-20,-6,21,51,79,100,105,101,90,70,53,45
2003,2016/04/11,45,56,75,94,109,117,114,100,74,42,14,-10,-24,-20,-4,19,46,70,85,90,85,73,57,46
2003,2016/04/12,44,49,60,76,92,103,107,99,80,56,30,3,-14,-19,-13,4,26,47,67,80,83,79,69,59
2003,2016/04/13,53,52,56,69,82,95,103,101,90,74,52,31,13,-1,-3,5,18,36,55,69,79,81,76,70
2003,2016/04/14,66,61,62,69,78,88,98,101,98,89,77,61,43,29,18,15,21,32,44,58,71,79,81,82
2003,2016/04/15,81,77,72,67,70,77,82,84,86,81,73,64,50,34,19,8,4,6,13,25,38,51,61,68
2003,2016/04/16,71,70,66,60,57,55,56,59,62,65,69,69,63,56,45,33,25,18,16,21,32,45,57,69
2003,2016/04/17,78,82,79,73,66,60,58,60,64,71,80,87,90,93,91,79,59,38,29,28,32,43,57,71
2003,2016/04/18,86,91,88,83,72,58,49,43,41,47,57,68,79,84,85,79,64,46,31,22,20,26,39,57
2003,2016/04/19,75,88,93,87,75,59,43,29,21,22,33,49,64,78,87,84,75,59,38,21,15,16,25,44
2003,2016/04/20,63,79,90,89,79,63,42,23,9,4,12,29,48,69,84,91,87,74,54,35,23,18,22,37
2003,2016/04/21,58,79,93,97,91,76,54,32,13,2,5,19,38,63,86,99,101,95,78,58,43,33,31,43
2003,2016/04/22,64,86,105,113,111,99,77,51,26,7,3,10,27,53,78,96,107,105,92,74,54,40,33,36
2003,2016/04/23,53,74,92,106,109,99,81,55,27,6,-5,-3,13,36,63,90,105,110,104,89,73,56,42,41
2003,2016/04/24,52,70,91,106,112,109,92,66,38,11,-5,-8,-1,18,45,71,90,101,100,89,74,58,43,36
2003,2016/04/25,41,56,75,91,101,102,91,68,40,12,-8,-18,-18,-4,19,44,69,86,90,87,77,62,48,38
2003,2016/04/26,39,50,64,81,97,103,96,80,55,28,7,-9,-16,-8,9,32,56,76,87,90,85,73,60,51
2003,2016/04/27,49,53,64,78,92,101,101,90,69,44,20,2,-9,-9,2,20,40,62,77,85,87,82,72,63
2003,2016/04/28,58,58,64,75,89,99,103,99,86,67,47,28,14,9,14,25,43,62,79,93,102,102,97,90
2003,2016/04/29,85,82,84,89,97,106,112,112,105,91,73,55,38,27,22,22,29,43,59,73,85,90,88,84
2003,2016/04/30,80,74,70,71,74,78,84,88,87,80,71,57,44,31,21,17,18,25,36,49,63,74,80,84
2003,2016/05/01,83,79,75,69,65,67,71,76,79,81,80,74,63,51,38,28,22,19,24,34,47,61,72,80
2003,2016/05/02,84,82,76,67,56,50,48,49,54,60,65,69,67,58,49,35,23,16,14,18,30,44,59,74
2003,2016/05/03,84,88,84,74,60,47,37,35,38,46,61,73,81,84,80,70,57,43,33,29,34,46,62,81
2003,2016/05/04,96,106,107,99,82,63,45,34,33,40,55,69,81,96,103,97,84,67,50,39,36,41,56,75
2003,2016/05/05,95,111,116,111,95,71,44,23,9,7,19,40,64,86,100,104,96,81,61,43,34,34,41,58
2003,2016/05/06,79,97,110,111,98,75,44,14,-9,-20,-14,6,31,61,87,103,107,99,82,65,50,40,42,56
2003,2016/05/07,76,99,117,125,120,102,73,39,7,-14,-19,-9,15,45,76,102,116,115,101,82,67,53,48,54
2003,2016/05/08,70,90,109,121,122,110,85,51,14,-15,-32,-33,-20,6,38,69,93,103,100,89,72,56,46,45
2003,2016/05/09,54,71,92,109,116,113,97,68,32,-1,-25,-36,-33,-15,14,46,76,98,103,100,89,73,59,53
2003,2016/05/10,56,69,87,104,117,121,113,93,63,30,1,-19,-27,-19,0,26,56,80,94,101,98,87,76,68
2003,2016/05/11,66,74,87,101,117,127,126,116,95,67,40,16,-1,-4,7,25,48,72,91,102,104,98,88,77
2003,2016/05/12,70,69,74,84,95,105,110,104,90,70,46,22,2,-10,-11,-1,17,38,58,73,82,84,78,69
2003,2016/05/13,62,57,57,63,71,80,88,90,84,74,61,42,23,9,1,3,13,27,43,60,73,80,80,75
2003,2016/05/14,69,61,55,53,55,61,69,74,74,72,66,55,43,29,16,12,14,20,32,48,63,74,79,80
2003,2016/05/15,76,70,62,54,51,51,54,58,62,67,68,65,60,51,40,30,24,24,29,39,53,66,77,83
2003,2016/05/16,83,80,72,62,53,47,44,47,52,60,69,74,77,75,67,57,49,42,41,46,55,70,84,93
2003,2016/05/17,99,97,89,76,60,47,37,32,34,41,51,63,73,77,77,70,59,48,39,38,44,54,69,84
2003,2016/05/18,93,96,93,80,63,47,29,18,17,22,34,51,66,79,86,83,74,61,46,39,38,43,58,74
2003,2016/05/19,87,97,96,87,71,50,29,13,3,5,15,33,52,70,82,87,82,71,56,42,36,38,47,63
2003,2016/05/20,80,93,98,94,80,60,35,12,-2,-7,-2,14,36,58,78,89,90,83,68,52,42,38,43,56
2003,2016/05/21,73,89,100,101,92,73,48,22,1,-12,-13,1,22,48,73,91,98,97,86,71,58,49,47,55
2003,2016/05/22,70,89,104,108,104,88,62,35,8,-12,-17,-10,8,33,60,83,100,103,96,83,68,56,50,52
2003,2016/05/23,66,84,101,113,113,102,81,52,22,-1,-15,-16,-2,20,47,75,94,105,104,92,79,66,56,54
2003,2016/05/24,62,77,94,107,114,109,91,64,34,6,-12,-19,-14,3,28,55,79,97,103,98,87,76,64,57
2003,2016/05/25,61,72,86,102,112,113,103,81,53,24,1,-13,-15,-6,14,40,65,86,97,99,94,84,72,64
2003,2016/05/26,62,68,80,94,106,113,108,93,70,42,17,0,-10,-6,8,28,51,75,91,99,101,94,84,74
2003,2016/05/27,69,70,77,86,98,106,107,100,82,60,37,16,3,-2,3,19,38,58,78,89,95,96,87,76
2003,2016/05/28,71,65,66,73,81,93,99,97,89,75,55,36,20,9,9,17,30,48,66,81,93,98,93,86
2003,2016/05/29,79,70,65,64,68,77,85,90,90,82,70,57,40,25,20,18,24,38,52,69,85,95,97,94
2003,2016/05/30,87,79,70,62,61,65,71,78,83,84,82,75,62,49,38,31,30,35,45,59,76,90,98,100
2003,2016/05/31,98,90,78,65,55,51,53,60,68,77,82,85,83,75,65,55,46,45,49,59,73,89,102,110
2003,2016/06/01,111,105,93,76,59,47,40,40,48,58,71,86,93,93,88,77,65,57,52,54,63,77,91,104
2003,2016/06/02,112,112,104,87,64,44,27,18,20,30,47,67,85,96,99,94,83,71,60,55,57,68,83,97
2003,2016/06/03,111,118,114,99,77,50,25,5,-4,1,17,41,67,89,102,105,99,86,73,61,56,61,72,87
2003,2016/06/04,105,117,121,114,95,68,36,8,-11,-17,-7,15,42,72,97,110,112,105,91,76,67,64,70,83
2003,2016/06/05,101,119,129,129,117,92,60,26,-3,-21,-22,-10,15,45,76,100,112,112,103,89,75,66,64,72
2003,2016/06/06,88,106,121,129,125,107,78,42,7,-20,-34,-31,-13,15,47,77,98,108,106,95,81,69,62,63
2003,2016/06/07,74,92,110,124,127,119,99,69,33,1,-21,-30,-23,-3,27,58,84,102,107,103,93,79,69,65
2003,2016/06/08,69,83,98,115,127,127,114,93,62,28,2,-16,-21,-9,13,40,69,93,104,106,99,88,75,66
2003,2016/06/09,63,69,83,99,113,121,118,103,80,53,25,4,-8,-8,6,28,54,80,98,105,104,97,84,72
2003,2016/06/10,64,65,72,84,99,109,112,106,92,70,47,24,7,1,5,20,41,63,83,95,99,95,85,73
2003,2016/06/11,63,57,57,64,74,86,95,95,89,76,58,42,25,12,10,16,30,51,70,85,95,97,91,81
2003,2016/06/12,71,62,56,57,63,71,80,86,86,82,74,61,48,36,28,27,36,49,66,83,96,103,102,96
2003,2016/06/13,88,78,68,61,61,64,69,77,82,84,83,78,70,62,55,49,49,55,68,82,96,109,114,111
2003,2016/06/14,106,95,83,71,62,60,61,64,72,78,82,86,84,78,71,63,57,57,60,70,83,95,103,105
2003,2016/06/15,102,95,82,66,53,41,36,38,43,50,61,71,76,78,75,69,62,57,55,59,70,83,96,103
2003,2016/06/16,107,104,93,78,62,45,33,30,33,42,56,70,82,92,96,93,84,75,69,67,71,82,94,106
2003,2016/06/17,115,115,109,96,76,56,38,24,21,26,38,56,76,90,100,102,95,86,76,67,66,72,82,95
2003,2016/06/18,108,113,110,98,80,56,32,13,2,0,9,27,49,71,87,94,94,86,75,65,58,58,67,78
2003,2016/06/19,94,106,109,104,89,66,40,15,-4,-11,-7,9,34,59,82,98,104,102,93,81,71,66,69,80
2003,2016/06/20,98,115,124,122,111,91,64,36,12,-3,-6,4,24,50,77,98,110,113,105,91,80,71,68,75
2003,2016/06/21,90,106,121,127,122,106,80,50,21,-2,-12,-10,6,32,59,85,105,113,110,101,87,75,68,68
2003,2016/06/22,79,96,112,123,125,116,96,68,36,9,-9,-14,-5,15,41,69,93,108,112,106,95,83,72,67
2003,2016/06/23,73,87,104,119,128,128,115,90,60,31,9,-3,-3,11,35,61,87,108,116,115,106,94,81,70
2003,2016/06/24,68,78,92,107,122,127,120,103,76,47,23,4,-4,2,18,41,68,92,107,113,110,103,90,77
2003,2016/06/25,72,75,85,99,115,126,127,117,98,73,47,25,11,8,17,36,58,82,101,111,114,109,95,81
2003,2016/06/26,71,65,67,79,90,103,112,109,98,81,57,37,20,10,13,23,40,61,80,94,102,101,93,80
2003,2016/06/27,67,56,50,52,60,73,85,90,88,81,68,52,35,23,19,22,34,50,67,82,95,102,98,87
2003,2016/06/28,76,63,50,44,45,52,64,74,81,82,79,71,60,47,39,36,40,50,62,78,94,103,104,99
2003,2016/06/29,88,74,58,43,35,34,38,48,58,67,74,75,70,63,54,47,45,47,55,69,81,94,102,102
2003,2016/06/30,97,87,70,50,33,22,20,24,34,49,63,74,81,79,75,69,60,58,60,64,76,91,101,108
2003,2016/07/01,110,102,88,66,43,23,11,6,10,23,40,59,76,86,89,85,78,69,64,65,70,82,94,104
2003,2016/07/02,113,113,104,87,62,35,13,-3,-9,-1,15,37,62,84,97,100,98,91,80,73,74,81,92,105
2003,2016/07/03,118,126,123,110,89,60,30,5,-11,-15,-5,16,44,71,93,106,108,103,92,80,72,73,79,91
2003,2016/07/04,107,121,127,123,108,83,50,19,-8,-25,-23,-7,16,46,75,96,107,107,98,85,73,67,67,75
2003,2016/07/05,92,109,122,126,120,102,73,37,4,-20,-30,-25,-7,20,52,78,96,104,100,88,76,64,57,61
2003,2016/07/06,73,91,110,121,124,115,92,63,30,-1,-20,-24,-14,10,39,68,93,107,107,100,87,73,62,59
2003,2016/07/07,65,81,99,115,125,124,111,87,56,24,-3,-17,-17,-3,22,50,77,98,105,101,90,76,61,52
2003,2016/07/08,52,61,77,94,109,116,111,95,72,43,15,-4,-11,-5,13,39,66,91,104,105,99,86,70,58
2003,2016/07/09,51,53,65,81,97,109,113,106,89,67,43,22,10,8,17,38,64,88,105,113,110,102,88,72
2003,2016/07/10,63,59,61,72,86,100,109,109,100,85,66,48,32,25,29,40,59,82,100,111,115,108,96,81
2003,2016/07/11,68,60,57,60,70,82,92,99,98,90,78,63,50,41,39,44,57,74,91,104,111,111,103,90
2003,2016/07/12,77,64,55,52,56,64,74,82,86,86,80,73,64,55,51,51,58,70,84,97,107,112,108,98
2003,2016/07/13,87,74,61,53,50,53,60,67,74,79,82,81,78,72,67,65,66,72,83,94,107,116,117,113
2003,2016/07/14,105,92,79,65,54,51,51,56,63,72,81,87,90,90,86,81,80,79,82,91,102,112,119,119
2003,2016/07/15,114,105,90,73,58,47,41,40,45,55,67,79,90,96,96,94,89,83,81,83,90,101,108,113
2003,2016/07/16,114,109,97,81,61,43,29,21,22,29,43,60,74,87,95,95,90,84,76,73,76,84,94,104
2003,2016/07/17,111,112,105,90,72,51,30,15,9,12,25,43,64,84,96,103,103,96,87,79,76,80,88,100
2003,2016/07/18,113,120,119,108,90,67,41,19,6,1,9,27,49,74,95,107,110,105,95,84,75,73,79,90
2003,2016/07/19,105,118,124,120,106,83,56,27,6,-5,-5,9,32,58,84,102,112,111,101,88,76,68,68,76
2003,2016/07/20,90,107,119,123,116,97,71,40,11,-8,-15,-9,10,37,64,89,106,110,104,92,76,64,59,61
2003,2016/07/21,74,94,110,121,122,111,88,58,26,-1,-16,-18,-6,19,48,76,99,111,110,100,85,71,59,55
2003,2016/07/22,63,80,99,116,124,122,106,80,48,18,-5,-14,-10,7,34,63,89,107,112,107,94,77,61,52
2003,2016/07/23,52,63,83,102,116,123,116,96,68,38,12,-5,-10,0,21,46,73,96,106,107,98,81,64,48
2003,2016/07/24,41,47,60,78,97,110,113,104,83,57,32,12,1,3,17,38,63,87,102,108,104,90,72,55
2003,2016/07/25,41,37,43,56,74,92,103,102,92,74,52,32,18,13,20,35,55,78,96,107,108,100,84,65
2003,2016/07/26,48,37,36,41,53,72,86,94,96,86,71,56,41,33,33,41,55,73,91,105,111,109,98,82
2003,2016/07/27,64,48,36,34,39,50,65,78,85,86,82,72,61,53,48,50,59,72,87,101,110,114,109,96
2003,2016/07/28,80,63,45,33,27,31,42,53,65,74,79,79,76,70,64,61,64,70,79,92,103,110,111,106
2003,2016/07/29,95,79,60,40,26,20,21,27,39,53,66,76,80,81,80,77,75,74,78,87,96,106,113,113
2003,2016/07/30,109,99,81,60,39,22,13,11,17,30,47,65,79,88,92,90,86,82,78,80,87,96,105,113
2003,2016/07/31,115,112,101,82,58,34,15,2,-1,7,24,47,69,86,97,102,99,92,84,79,81,87,96,107
2003,2016/08/01,117,121,120,107,84,58,30,8,-5,-6,5,26,50,76,97,108,109,103,92,83,76,76,83,96
2003,2016/08/02,111,123,129,125,110,86,55,25,3,-8,-6,11,37,64,90,107,115,113,102,89,78,72,74,84
2003,2016/08/03,101,118,132,137,129,111,83,49,20,0,-7,2,22,48,79,104,117,119,111,96,81,68,63,69
2003,2016/08/04,84,102,121,133,135,125,103,71,39,13,-3,-3,12,35,64,93,112,120,115,101,84,68,56,55
2003,2016/08/05,64,82,103,119,129,129,114,90,60,29,8,0,6,26,52,80,105,117,118,109,90,72,56,46
2003,2016/08/06,50,64,82,103,118,125,120,103,77,50,25,11,10,21,44,71,96,114,119,113,99,80,60,47
2003,2016/08/07,44,50,65,84,102,114,116,107,89,65,42,24,16,21,38,60,84,104,115,116,106,87,68,52
2003,2016/08/08,42,41,50,66,84,100,107,106,97,79,60,44,34,33,42,60,82,103,119,125,120,107,89,72
2003,2016/08/09,60,53,57,69,83,97,109,113,111,101,86,71,60,53,57,68,82,99,114,121,121,112,94,76
2003,2016/08/10,60,48,43,46,54,67,79,87,89,86,78,69,60,55,55,61,72,86,100,110,114,111,99,83
2003,2016/08/11,68,55,45,41,43,52,62,71,79,82,81,78,73,67,66,68,75,84,94,106,112,113,107,96
2003,2016/08/12,83,69,56,46,42,43,49,56,65,73,79,82,82,80,79,79,80,83,90,99,107,111,110,105
2003,2016/08/13,96,84,69,55,44,38,36,39,47,57,68,78,85,89,90,89,86,84,86,90,98,104,107,109
2003,2016/08/14,107,98,85,69,52,40,32,28,33,42,54,71,86,95,101,103,99,93,89,89,93,100,107,114
2003,2016/08/15,118,115,106,90,70,51,35,26,24,28,42,62,80,97,109,113,111,103,93,88,87,91,100,110
2003,2016/08/16,119,124,120,108,89,65,42,23,11,13,24,41,64,87,104,116,116,106,96,85,77,78,85,98
2003,2016/08/17,114,127,131,128,114,92,68,46,30,23,23,33,60,86,104,122,128,117,104,87,71,65,67,79
2003,2016/08/18,98,116,128,132,120,99,72,42,16,0,-3,8,31,57,84,108,120,118,108,92,74,60,57,64
2003,2016/08/19,80,103,123,133,132,119,94,62,30,6,-5,-2,15,41,70,98,117,121,113,98,76,57,46,46
2003,2016/08/20,59,81,105,124,133,129,112,85,53,24,6,1,11,32,61,91,114,124,123,111,91,70,52,45
2003,2016/08/21,50,68,92,117,136,143,135,115,86,56,32,18,18,32,56,84,110,125,127,117,98,75,53,37
2003,2016/08/22,32,41,60,84,106,121,124,114,94,69,45,29,24,29,47,72,98,118,129,131,123,110,95,68
2003,2016/08/23,42,34,42,58,82,103,113,114,103,84,63,46,36,38,49,68,90,106,117,121,114,98,74,51
2003,2016/08/24,34,26,25,35,53,74,91,98,98,92,79,66,56,52,58,71,87,104,117,123,123,111,91,70
2003,2016/08/25,49,32,27,28,36,53,69,80,89,90,85,79,71,66,68,73,84,98,110,120,126,120,110,94
2003,2016/08/26,75,56,42,33,32,39,51,65,76,85,89,89,86,83,82,83,88,94,104,113,118,119,114,104
2003,2016/08/27,92,75,56,41,30,26,31,39,51,67,79,86,93,96,96,97,94,95,99,104,112,118,119,118
2003,2016/08/28,112,99,83,65,46,34,28,28,36,51,67,82,95,103,107,107,104,99,94,96,102,109,117,124
2003,2016/08/29,126,123,113,96,76,55,39,30,30,41,58,78,97,112,122,125,120,111,102,98,98,103,113,124
2003,2016/08/30,134,139,137,126,107,83,58,40,31,33,48,73,101,125,145,154,149,137,122,107,98,94,98,109
2003,2016/08/31,123,134,138,134,120,96,68,43,24,16,22,38,62,89,109,121,125,114,98,82,68,61,64,76
2003,2016/09/01,96,116,128,133,126,107,80,50,25,9,6,18,41,68,93,111,118,114,99,80,63,50,46,55
2003,2016/09/02,71,93,115,127,128,119,96,67,39,17,7,12,29,56,85,108,121,120,108,89,67,49,39,41
2003,2016/09/03,55,77,99,118,127,124,110,86,58,33,16,14,25,48,75,102,118,121,113,97,73,50,35,30
2003,2016/09/04,37,56,80,102,117,124,116,98,72,47,28,18,23,40,65,91,112,120,117,104,83,59,38,26
2003,2016/09/05,28,42,63,86,105,117,119,108,89,66,45,33,31,42,62,86,108,122,123,114,96,71,49,35
2003,2016/09/06,29,35,52,73,93,110,117,114,101,82,65,52,46,51,66,87,107,121,126,123,108,87,64,44
2003,2016/09/07,34,34,42,59,78,94,106,109,101,91,77,65,58,57,66,84,101,116,125,125,116,98,75,56
2003,2016/09/08,43,36,40,50,63,80,94,102,103,97,88,81,75,72,78,89,104,118,129,133,130,119,100,82
2003,2016/09/09,66,54,50,53,61,75,87,95,100,101,96,91,87,83,82,87,95,103,112,117,116,109,98,82
2003,2016/09/10,67,54,44,41,42,48,58,66,73,81,84,84,84,82,81,83,86,89,95,101,104,102,95,86
2003,2016/09/11,74,60,49,39,32,32,37,44,54,64,72,78,83,84,84,83,83,82,83,89,94,95,95,92
2003,2016/09/12,84,76,64,50,40,32,29,33,39,50,64,75,86,94,95,94,91,84,80,82,85,90,96,99
2003,2016/09/13,100,96,86,71,55,39,29,25,27,37,52,70,86,99,105,105,99,88,77,71,71,75,85,95
2003,2016/09/14,102,104,100,87,68,48,29,15,10,16,31,52,73,92,106,112,107,94,78,66,60,60,71,86
2003,2016/09/15,101,112,115,108,92,69,44,22,9,7,18,38,62,87,107,117,116,103,85,68,54,48,54,70
2003,2016/09/16,91,111,122,124,113,92,65,37,14,4,7,23,47,75,99,115,121,111,91,70,50,37,37,50
2003,2016/09/17,72,98,120,131,129,115,91,61,33,15,10,19,40,66,94,117,126,122,105,80,55,33,23,29
2003,2016/09/18,47,74,102,124,133,129,112,86,57,33,20,22,37,60,90,117,131,134,121,97,71,44,24,20
2003,2016/09/19,31,53,83,111,130,137,129,109,83,57,40,34,40,59,85,111,131,137,129,111,84,52,26,12
2003,2016/09/20,11,26,51,80,106,123,126,116,96,73,54,43,43,54,75,100,122,132,132,120,96,66,37,16
2003,2016/09/21,8,11,27,52,78,100,114,113,101,85,68,54,49,52,66,87,106,120,124,117,102,77,48,24
2003,2016/09/22,8,1,8,24,45,68,87,96,95,87,75,64,57,56,65,80,95,109,118,119,110,93,71,49
2003,2016/09/23,29,16,13,19,33,51,69,83,90,91,88,82,76,73,75,83,94,105,113,117,115,105,88,69
2003,2016/09/24,51,34,23,18,21,31,44,59,71,79,83,82,81,79,78,79,85,90,96,103,106,103,97,86
2003,2016/09/25,71,57,42,28,22,23,30,41,54,65,76,84,86,87,86,83,83,82,82,88,94,96,98,96
2003,2016/09/26,89,79,64,47,33,24,22,25,33,47,61,74,84,88,88,86,80,73,70,70,74,80,87,93
2003,2016/09/27,95,92,83,67,48,33,21,16,20,31,47,66,82,92,97,96,87,76,65,60,61,66,76,88
2003,2016/09/28,99,106,104,93,76,55,36,24,20,27,42,60,82,99,108,109,102,86,70,58,51,54,63,78
2003,2016/09/29,96,110,117,114,101,80,57,35,23,23,32,51,74,93,110,116,108,90,72,53,41,37,42,57
2003,2016/09/30,77,97,113,117,111,97,73,47,29,22,25,42,66,89,110,122,120,106,84,62,43,32,32,43
2003,2016/10/01,63,86,107,119,120,109,88,62,38,24,21,32,52,76,100,115,118,108,86,61,38,20,14,22
2003,2016/10/02,40,65,91,108,118,115,99,77,53,33,26,31,46,69,94,113,121,115,97,73,46,22,11,11
2003,2016/10/03,24,49,74,97,114,118,109,92,70,50,37,36,46,66,91,114,126,126,113,91,64,38,20,15
2003,2016/10/04,21,40,66,89,109,118,113,100,81,60,45,40,41,53,76,98,111,116,108,87,62,36,14,2
2003,2016/10/05,3,15,37,60,83,100,105,99,86,69,54,46,45,54,73,95,111,120,119,108,88,65,44,31
2003,2016/10/06,27,29,41,62,79,93,108,108,95,83,70,59,57,59,69,87,102,112,116,107,90,68,41,20
2003,2016/10/07,9,6,13,28,46,65,81,87,85,78,69,62,57,56,63,76,89,98,103,100,87,71,50,30
2003,2016/10/08,17,11,13,22,37,54,69,81,88,88,85,80,75,73,77,85,95,104,109,111,108,96,80,64
2003,2016/10/09,48,39,37,38,44,56,67,81,91,92,93,94,90,86,83,81,85,91,95,100,100,92,83,70
2003,2016/10/10,56,45,36,29,29,33,40,52,63,72,80,85,86,86,84,83,81,78,80,84,87,88,85,77
2003,2016/10/11,69,59,47,36,29,27,29,35,46,59,72,84,91,92,93,91,83,76,73,72,78,84,87,89
2003,2016/10/12,87,81,71,57,42,33,28,28,36,49,65,83,96,101,102,96,84,72,61,56,57,64,74,84
2003,2016/10/13,90,92,86,72,56,38,24,17,18,27,46,66,84,98,104,101,90,71,53,42,37,41,55,71
2003,2016/10/14,86,98,99,90,74,52,31,14,8,14,28,50,74,93,105,108,96,74,52,32,19,18,29,49
2003,2016/10/15,72,93,105,105,93,74,49,27,13,10,17,37,62,86,104,112,104,85,58,30,8,-1,4,21
2003,2016/10/16,47,76,98,108,107,92,69,44,21,11,12,26,50,75,98,113,113,97,71,40,11,-7,-12,-1
2003,2016/10/17,24,56,87,110,119,114,99,76,51,36,30,35,53,76,100,120,125,114,92,60,25,-2,-16,-16
2003,2016/10/18,1,30,63,93,114,122,115,98,76,56,45,45,55,74,99,120,131,129,111,83,49,16,-10,-20
2003,2016/10/19,-15,5,35,66,93,111,114,105,89,70,57,51,54,68,89,111,128,132,123,104,74,41,14,-5
2003,2016/10/20,-11,-2,19,46,75,99,112,112,105,92,78,69,69,75,87,104,120,128,123,109,87,57,27,4
2003,2016/10/21,-10,-13,-2,18,43,69,88,97,97,91,80,72,67,67,76,90,103,114,117,111,98,79,54,32
2003,2016/10/22,15,6,5,16,33,53,73,88,95,96,93,88,83,81,84,92,102,111,119,119,112,101,84,65
2003,2016/10/23,47,33,24,23,31,45,61,78,91,96,99,97,92,89,87,86,91,95,97,103,104,99,92,80
2003,2016/10/24,64,51,39,30,29,35,44,57,72,83,92,96,94,91,87,81,77,76,76,79,84,88,88,84
2003,2016/10/25,78,68,55,43,34,31,32,40,52,66,80,92,97,97,97,94,85,77,72,74,78,84,92,96
2003,2016/10/26,96,93,83,68,54,43,34,35,44,56,74,91,100,105,106,98,85,71,59,54,55,62,71,81
2003,2016/10/27,91,97,92,81,66,49,35,30,31,39,57,76,90,98,100,93,78,61,43,32,29,33,45,61
2003,2016/10/28,76,90,96,91,80,65,48,37,33,36,50,70,89,103,112,110,96,76,56,37,27,28,37,55
2003,2016/10/29,78,98,112,116,111,97,76,60,50,43,49,67,85,103,116,115,104,85,58,34,16,8,13,28
2003,2016/10/30,50,73,92,104,105,93,75,56,40,32,34,48,67,87,104,111,103,85,59,30,6,-7,-8,3
2003,2016/10/31,24,51,77,93,101,98,84,65,48,35,33,42,57,78,100,112,112,99,74,46,19,-1,-6,0
2003,2016/11/01,16,44,71,93,109,113,104,90,72,57,51,53,63,81,97,109,115,108,88,60,30,5,-9,-12
2003,2016/11/02,0,22,47,73,93,103,100,88,72,57,46,44,52,68,88,105,114,111,95,70,41,13,-6,-13
2003,2016/11/03,-7,12,36,63,88,104,109,105,91,77,67,60,60,67,82,102,114,116,106,85,59,33,10,-4
2003,2016/11/04,-4,5,24,47,71,91,100,99,93,81,68,59,56,62,76,91,103,110,105,91,70,45,19,2
2003,2016/11/05,-4,-1,12,31,52,73,89,96,95,88,78,71,67,68,78,91,103,112,113,103,88,68,45,27
2003,2016/11/06,14,9,13,21,35,55,71,81,86,83,77,70,63,61,65,71,79,88,92,89,80,64,45,27
2003,2016/11/07,12,4,2,7,20,36,53,66,76,79,78,75,70,64,64,66,69,75,80,82,80,72,59,44
2003,2016/11/08,31,21,15,13,18,30,43,58,72,81,87,87,85,83,78,73,73,74,75,79,80,78,74,63
2003,2016/11/09,50,40,29,20,19,22,30,43,55,68,79,83,84,83,76,69,61,53,51,55,60,66,69,68
2003,2016/11/10,65,57,46,35,26,20,20,28,41,56,70,82,88,89,84,73,59,47,39,35,41,51,62,71
2003,2016/11/11,78,78,72,60,48,36,30,30,37,50,67,85,96,102,102,91,72,52,33,24,26,35,51,68
2003,2016/11/12,82,94,94,84,71,54,39,31,31,37,54,73,90,103,105,96,78,52,25,6,-1,3,19,41
2003,2016/11/13,66,86,96,96,87,71,53,39,33,35,49,68,88,104,114,111,94,67,36,7,-11,-16,-7,14
2003,2016/11/14,43,73,95,106,105,93,76,59,45,41,47,63,83,106,122,126,117,93,60,27,1,-15,-15,1
2003,2016/11/15,29,63,95,118,128,125,111,94,77,64,64,75,91,113,132,138,131,114,83,46,11,-15,-29,-26
2003,2016/11/16,-5,27,62,91,111,119,114,99,83,67,9999,9999,9999,9999,9999,9999,9999,118,94,63,27,-5,-28,-36
2003,2016/11/17,-25,-2,30,65,92,108,112,105,93,78,66,64,69,83,104,120,127,124,108,82,51,18,-11,-29
2003,2016/11/18,-32,-19,6,35,64,87,99,100,93,81,70,62,62,71,87,104,119,123,116,98,72,43,12,-11
2003,2016/11/19,-22,-21,-7,16,43,70,89,98,98,91,82,73,67,71,83,97,110,119,120,112,95,73,48,25
2003,2016/11/20,8,1,5,19,38,61,82,96,102,100,93,85,77,73,76,83,92,99,103,101,90,76,59,38
2003,2016/11/21,20,7,3,7,19,35,57,75,86,89,87,80,74,69,66,67,72,79,85,88,87,83,74,63
2003,2016/11/22,49,37,28,26,31,41,57,74,87,96,101,99,94,87,79,73,72,72,78,83,87,88,85,78
2003,2016/11/23,69,56,47,39,35,37,45,56,71,85,93,96,94,86,77,66,55,49,48,48,54,61,66,70
2003,2016/11/24,70,65,59,49,39,35,37,44,57,69,82,92,94,90,84,72,56,43,34,31,35,43,54,65
2003,2016/11/25,74,77,75,67,55,46,41,41,48,61,76,88,96,96,90,79,60,39,23,14,13,20,33,49
2003,2016/11/26,64,74,79,75,64,51,41,35,37,45,58,72,85,92,92,83,66,43,21,7,0,4,17,35
2003,2016/11/27,56,75,86,89,85,72,60,51,46,51,63,78,94,106,109,104,88,64,40,18,5,3,11,30
2003,2016/11/28,53,76,97,109,107,98,87,73,59,55,63,77,90,104,112,110,97,74,46,18,-4,-13,-11,3
2003,2016/11/29,27,55,79,94,100,96,85,69,55,48,48,56,73,92,104,108,100,78,49,18,-8,-24,-29,-20
2003,2016/11/30,1,28,56,78,90,93,86,73,58,48,44,49,62,80,98,108,105,90,66,36,7,-15,-25,-22
2003,2016/12/01,-6,19,47,73,92,100,100,90,75,65,58,57,67,85,103,119,123,112,91,64,34,8,-12,-22
2003,2016/12/02,-16,3,30,58,78,91,97,93,82,69,58,53,57,67,83,99,106,105,91,66,39,12,-11,-24
2003,2016/12/03,-24,-10,13,38,63,82,92,92,85,74,63,55,55,64,78,94,106,109,101,82,57,30,5,-12
2003,2016/12/04,-17,-10,8,30,55,77,92,98,96,87,76,67,63,66,77,92,105,112,109,98,80,56,33,13
2003,2016/12/05,3,4,13,30,52,74,92,104,105,101,92,81,72,71,76,86,97,106,108,105,93,75,55,35
2003,2016/12/06,21,15,17,27,45,66,84,98,102,97,92,82,73,67,63,63,70,78,85,88,84,72,57,42
2003,2016/12/07,27,18,14,16,27,42,59,76,86,92,94,88,80,72,65,64,66,70,78,84,87,85,78,68
2003,2016/12/08,56,44,36,32,34,42,55,69,80,91,97,93,89,81,69,61,54,49,51,58,64,70,72,69
2003,2016/12/09,64,56,48,40,35,38,46,59,73,88,98,103,102,95,83,69,54,43,38,40,48,58,68,76
2003,2016/12/10,79,77,69,59,49,43,43,48,58,74,89,96,98,96,84,69,50,28,16,13,15,29,47,62
2003,2016/12/11,77,86,86,78,67,57,51,49,54,67,83,96,105,108,102,85,60,34,10,-4,-7,0,17,40
2003,2016/12/12,61,80,92,91,84,74,62,54,53,60,73,88,101,111,111,99,77,46,13,-11,-24,-27,-13,11
2003,2016/12/13,39,68,90,100,100,92,81,70,61,63,74,87,104,121,126,123,107,76,42,9,-17,-28,-24,-5
2003,2016/12/14,23,56,87,107,116,118,108,95,86,80,82,92,108,126,139,142,134,109,74,38,3,-21,-30,-25
2003,2016/12/15,-3,29,62,90,107,113,110,98,84,74,69,72,85,104,123,134,131,116,90,54,18,-13,-33,-37
2003,2016/12/16,-26,-1,33,65,91,108,111,103,92,81,70,68,74,87,105,122,129,125,108,79,45,11,-18,-33
2003,2016/12/17,-32,-16,11,42,70,92,101,99,90,78,65,56,54,65,82,98,111,115,105,86,59,27,-2,-24
2003,2016/12/18,-34,-28,-9,15,43,68,84,89,84,73,61,50,45,50,62,77,93,102,101,90,72,49,21,-4
2003,2016/12/19,-18,-21,-11,8,31,56,76,87,88,82,71,58,48,45,51,62,75,86,92,91,82,68,47,25
2003,2016/12/20,9,1,1,10,28,49,70,86,92,91,84,72,59,51,48,51,59,67,73,77,76,69,57,41
2003,2016/12/21,27,18,13,14,25,42,60,76,86,90,87,79,66,55,47,42,44,48,54,61,64,64,61,54
2003,2016/12/22,45,37,30,26,32,42,56,72,87,98,102,97,89,80,69,60,55,53,57,65,72,79,84,83
2003,2016/12/23,81,77,72,67,65,70,79,90,102,115,121,119,113,101,88,76,62,51,46,45,49,58,65,72
2003,2016/12/24,76,76,74,67,58,56,56,61,71,83,92,97,95,88,77,61,43,28,16,11,12,20,32,44
2003,2016/12/25,55,64,66,63,57,51,47,48,53,64,77,87,91,89,82,69,49,27,9,-2,-5,0,13,30
2003,2016/12/26,47,62,72,73,70,63,56,50,50,59,71,83,93,98,97,88,71,47,23,6,-4,-3,9,27
2003,2016/12/27,49,73,90,98,99,95,87,78,72,76,84,96,110,120,122,117,100,75,48,23,7,2,6,21
2003,2016/12/28,44,67,89,101,104,101,91,76,65,62,64,73,88,100,107,107,94,71,43,13,-10,-22,-24,-13
2003,2016/12/29,9,35,61,81,92,94,89,77,65,58,58,66,82,99,111,114,105,85,59,29,-1,-20,-28,-25
2003,2016/12/30,-7,19,47,71,87,95,94,81,66,56,50,50,61,78,93,105,107,95,72,42,11,-14,-29,-32
2003,2016/12/31,-22,2,31,57,80,94,97,89,75,61,51,48,55,70,89,105,111,103,85,57,26,-3,-25,-36
