2003,2014/01/01,31,62,91,113,124,124,115,102,91,86,89,98,112,128,139,141,129,105,73,38,9,-12,-20,-15
2003,2014/01/02,4,33,66,96,116,125,120,106,89,75,68,72,85,104,122,133,132,117,90,54,18,-13,-31,-34
2003,2014/01/03,-22,2,33,65,91,106,110,103,89,74,63,60,68,85,108,128,138,135,119,91,56,22,-5,-20
2003,2014/01/04,-18,-1,26,58,86,107,117,116,105,89,72,61,60,70,89,111,127,133,126,106,78,45,16,-5
2003,2014/01/05,-12,-4,16,43,72,96,110,114,108,93,74,57,47,49,62,82,102,115,117,108,89,64,37,14
2003,2014/01/06,1,2,14,36,62,86,104,113,112,101,82,62,47,40,45,58,74,90,99,100,92,76,55,33
2003,2014/01/07,17,11,15,30,50,71,90,102,106,100,86,68,50,38,34,39,50,64,77,86,87,80,67,52
2003,2014/01/08,40,33,32,40,54,73,92,107,114,113,104,89,72,56,45,41,44,53,64,75,82,85,83,77
2003,2014/01/09,70,63,61,63,71,84,98,112,121,124,120,109,95,78,63,50,42,39,42,50,59,66,71,71
2003,2014/01/10,69,65,62,61,63,69,79,90,100,107,109,104,93,78,62,46,32,23,19,22,30,39,49,57
2003,2014/01/11,63,67,68,67,65,65,69,77,86,94,99,99,94,85,71,54,36,19,6,1,5,15,29,43
2003,2014/01/12,57,67,74,76,75,72,71,73,80,89,97,103,105,104,98,86,66,42,20,5,2,8,22,39
2003,2014/01/13,57,73,83,87,85,80,73,70,71,76,84,93,100,104,103,93,74,49,24,3,-9,-9,0,17
2003,2014/01/14,38,59,76,86,88,83,74,65,61,62,68,77,88,98,103,100,85,61,32,5,-14,-23,-20,-5
2003,2014/01/15,18,44,68,84,91,89,80,70,62,58,61,71,85,99,110,112,103,83,55,25,-1,-18,-22,-13
2003,2014/01/16,8,35,62,83,95,97,90,78,67,58,56,61,74,91,107,116,114,99,74,44,15,-8,-20,-18
2003,2014/01/17,-2,24,53,80,98,104,101,90,76,64,56,57,66,82,100,114,118,111,91,64,34,7,-11,-15
2003,2014/01/18,-6,16,44,73,95,107,107,99,84,69,58,54,59,74,94,112,123,122,109,86,57,30,8,-3
2003,2014/01/19,-1,15,40,68,93,109,114,107,93,76,60,50,48,57,75,95,110,115,108,90,66,39,14,-3
2003,2014/01/20,-7,3,24,50,76,96,106,105,96,80,63,49,44,49,63,83,101,113,115,106,89,65,41,22
2003,2014/01/21,12,15,30,53,78,101,114,117,109,94,76,60,49,47,54,69,86,99,106,103,92,75,54,35
2003,2014/01/22,22,20,28,45,67,88,104,111,108,97,80,62,46,38,40,49,63,77,86,89,86,75,60,45
2003,2014/01/23,32,26,27,37,54,73,90,101,103,95,81,63,45,33,28,31,40,51,63,71,75,72,64,54
2003,2014/01/24,43,37,35,40,52,68,85,98,104,101,91,76,59,43,33,28,30,38,47,57,65,69,70,67
2003,2014/01/25,63,59,56,57,63,72,85,97,106,108,103,92,77,60,46,35,28,27,31,39,49,59,69,75
2003,2014/01/26,79,79,77,76,77,81,88,96,105,111,111,105,92,76,59,44,30,19,13,14,21,33,46,57
2003,2014/01/27,66,72,76,77,76,74,74,79,86,95,101,103,99,90,76,58,37,17,1,-7,-5,5,20,39
2003,2014/01/28,58,75,86,90,88,82,77,76,80,89,100,110,115,115,106,90,67,41,15,-6,-17,-17,-6,14
2003,2014/01/29,38,62,79,89,90,85,77,69,65,67,74,85,96,105,107,99,81,54,23,-5,-24,-31,-25,-8
2003,2014/01/30,18,47,74,93,101,99,90,78,68,64,69,81,99,117,130,132,122,99,68,35,8,-9,-12,-2
2003,2014/01/31,18,45,73,98,112,113,104,87,70,57,52,56,70,89,109,122,122,106,77,42,8,-20,-34,-33
2003,2014/02/01,-17,10,43,73,94,103,100,87,69,51,39,37,49,70,96,117,128,123,105,76,43,11,-11,-20
2003,2014/02/02,-12,9,39,70,97,112,116,107,89,69,51,41,45,61,87,113,132,139,131,111,82,50,23,7
2003,2014/02/03,5,18,41,70,97,116,123,118,103,81,58,40,34,41,60,86,110,126,129,118,96,69,43,23
2003,2014/02/04,15,20,38,63,89,112,124,124,112,92,68,46,31,28,38,57,79,97,106,106,96,79,58,39
2003,2014/02/05,27,26,37,56,78,98,112,116,110,94,72,49,30,18,18,27,44,63,78,86,85,76,63,48
2003,2014/02/06,37,33,38,50,68,87,102,110,109,99,82,61,39,23,14,15,24,38,52,63,69,68,63,56
2003,2014/02/07,49,46,47,54,67,82,96,106,109,104,92,76,57,39,25,18,18,23,32,43,52,57,59,58
2003,2014/02/08,55,53,53,56,63,73,85,95,102,103,98,89,76,62,48,36,28,26,30,38,48,57,65,71
2003,2014/02/09,75,77,78,79,81,85,92,100,107,112,113,109,101,89,76,62,48,36,29,28,33,42,53,65
2003,2014/02/10,74,81,84,83,81,79,78,81,85,90,95,97,96,91,80,65,47,29,14,6,6,14,27,42
2003,2014/02/11,58,70,77,79,76,71,66,64,66,70,77,84,89,91,87,76,58,36,15,-1,-9,-7,4,22
2003,2014/02/12,42,60,74,80,79,74,66,59,56,58,66,77,88,97,100,95,81,60,34,11,-5,-10,-3,14
2003,2014/02/13,36,60,79,90,93,87,75,62,53,49,53,63,75,88,97,98,89,69,43,15,-6,-18,-19,-7
2003,2014/02/14,14,40,64,81,87,84,73,58,44,36,35,43,58,76,92,99,96,82,58,29,3,-17,-24,-17
2003,2014/02/15,4,33,62,86,99,101,93,79,64,53,50,55,69,89,110,128,135,128,107,78,47,22,7,7
2003,2014/02/16,20,44,72,98,114,118,109,92,71,54,44,43,52,69,90,110,120,118,102,77,49,22,4,-4
2003,2014/02/17,3,23,50,78,99,109,105,92,72,50,32,23,26,40,62,85,102,109,103,85,60,33,11,0
2003,2014/02/18,3,19,43,70,93,107,110,99,80,57,36,22,20,28,47,70,91,105,106,96,76,51,29,14
2003,2014/02/19,10,19,38,63,87,105,112,106,89,66,43,25,16,19,33,53,74,91,99,96,84,65,45,29
2003,2014/02/20,22,25,38,58,81,100,111,109,97,76,52,32,18,15,22,36,54,71,83,87,83,72,56,41
2003,2014/02/21,32,30,37,52,72,91,104,108,101,84,62,40,22,11,10,18,32,48,62,72,75,71,62,51
2003,2014/02/22,42,38,41,49,63,79,93,100,99,88,71,50,30,15,7,7,14,24,36,48,56,61,60,57
2003,2014/02/23,52,49,49,53,61,72,84,93,96,92,81,66,48,32,18,9,6,8,14,24,34,43,51,55
2003,2014/02/24,57,57,57,57,60,65,73,81,86,88,85,77,65,49,32,18,7,1,0,4,13,25,38,50
2003,2014/02/25,60,66,68,68,66,66,67,71,77,82,86,87,82,73,59,42,23,5,-7,-11,-8,2,18,35
2003,2014/02/26,51,64,72,73,69,64,59,57,59,65,72,80,84,83,75,59,38,15,-5,-20,-25,-21,-7,13
2003,2014/02/27,36,57,72,78,76,67,57,49,45,48,57,71,84,94,96,88,71,47,20,-2,-16,-19,-10,9
2003,2014/02/28,35,61,82,95,97,89,74,57,43,38,42,55,72,89,101,104,94,73,44,13,-12,-26,-26,-12
2003,2014/03/01,13,42,69,88,96,92,77,56,35,22,21,32,53,78,100,113,114,100,75,43,13,-8,-16,-10
2003,2014/03/02,9,36,65,90,105,106,93,72,47,27,17,19,35,60,88,110,121,118,101,73,42,15,-1,-3
2003,2014/03/03,9,32,60,86,104,110,102,81,54,27,8,1,9,28,55,82,101,108,100,80,53,26,6,-3
2003,2014/03/04,2,19,44,71,92,103,100,85,60,31,6,-9,-10,3,27,55,81,98,102,93,74,50,28,14
2003,2014/03/05,13,24,45,70,94,110,114,105,85,59,33,13,4,8,25,50,77,98,109,109,99,82,64,49
2003,2014/03/06,41,43,55,74,95,112,119,115,100,77,51,25,6,-2,4,21,44,67,83,90,86,74,58,45
2003,2014/03/07,38,39,48,63,80,97,108,110,102,85,62,39,20,8,6,13,27,45,61,73,77,74,67,58
2003,2014/03/08,51,48,50,59,73,88,100,105,102,93,77,59,39,23,13,11,17,28,42,55,64,69,68,65
2003,2014/03/09,60,57,58,63,71,82,92,99,101,97,89,76,62,48,36,9999,9999,9999,9999,51,58,65,70,74
2003,2014/03/10,74,73,73,76,79,82,86,93,9999,9999,9999,9999,9999,9999,9999,9999,9999,9999,27,30,37,48,58,65
2003,2014/03/11,70,73,73,72,70,69,70,72,76,79,81,80,75,68,58,46,33,22,14,12,17,27,41,56
2003,2014/03/12,68,77,80,78,73,67,62,61,63,69,75,81,85,85,80,69,54,38,23,13,11,18,31,48
2003,2014/03/13,66,80,88,90,86,78,70,63,61,64,72,83,94,102,105,100,87,69,50,36,29,32,44,62
2003,2014/03/14,82,100,112,116,112,101,87,73,63,61,67,79,93,105,111,110,99,81,58,35,18,11,17,33
2003,2014/03/15,55,78,95,104,103,93,77,59,44,36,39,51,68,87,101,108,103,88,65,39,17,4,4,16
2003,2014/03/16,38,62,84,99,103,96,80,59,39,28,27,37,54,75,94,108,110,100,80,53,28,9,2,8
2003,2014/03/17,27,52,77,96,103,99,83,61,36,17,8,12,28,51,76,97,108,106,93,70,44,22,10,11
2003,2014/03/18,25,48,73,96,109,111,99,78,53,30,15,14,25,46,73,99,118,124,117,98,73,48,29,22
2003,2014/03/19,27,43,66,90,107,113,105,85,57,30,9,-2,1,16,40,67,90,103,104,94,75,53,34,23
2003,2014/03/20,25,38,59,83,103,114,112,97,73,46,22,6,2,11,32,60,88,110,121,119,108,92,75,64
2003,2014/03/21,61,69,85,107,128,142,144,134,112,85,57,35,23,22,32,50,72,91,105,109,103,90,75,61
2003,2014/03/22,53,53,62,77,95,110,117,114,99,76,50,27,9,1,3,14,32,52,69,81,84,80,72,63
2003,2014/03/23,56,53,56,65,79,94,104,106,97,81,61,39,20,6,0,4,14,29,45,59,68,72,72,68
2003,2014/03/24,64,61,61,65,74,85,95,100,99,90,77,60,42,25,14,8,10,17,28,40,52,62,70,74
2003,2014/03/25,76,75,73,73,75,80,87,93,97,97,92,83,69,53,38,25,18,16,19,27,38,50,63,74
2003,2014/03/26,82,85,84,79,75,73,74,77,82,86,89,89,84,75,61,45,30,19,13,13,19,31,47,64
2003,2014/03/27,79,88,91,88,81,72,65,62,64,71,80,89,94,93,85,71,53,34,9999,9999,9999,9999,9999,9999
2003,2014/03/28,9999,9999,9999,9999,9999,9999,9999,9999,9999,9999,9999,9999,9999,9999,9999,9999,9999,9999,9999,9999,9999,9999,9999,9999
2003,2014/03/29,9999,9999,9999,9999,9999,9999,9999,9999,9999,9999,9999,9999,9999,9999,9999,9999,9999,9999,9999,9999,9999,9999,9999,9999
2003,2014/03/30,9999,9999,9999,9999,9999,9999,9999,9999,9999,9999,9999,9999,9999,9999,9999,9999,9999,9999,9999,9999,9999,9999,9999,9999
2003,2014/03/31,9999,9999,9999,9999,9999,9999,9999,9999,9999,9999,9999,9999,9999,9999,9999,9999,9999,9999,9999,9999,9999,9999,9999,9999
2003,2014/04/01,44,67,91,109,117,113,95,67,35,7,-10,-12,1,25,55,83,102,108,102,85,63,42,28,26
2003,2014/04/02,36,55,79,101,114,116,104,80,49,18,-6,-17,-14,4,32,62,87,103,105,96,79,59,43,35
2003,2014/04/03,39,53,74,96,112,120,114,97,71,41,13,-5,-10,0,21,49,75,95,105,104,95,81,67,57
2003,2014/04/04,57,67,83,104,122,134,136,127,107,81,53,31,19,20,32,52,76,98,113,117,112,99,83,70
2003,2014/04/05,63,65,75,90,106,118,122,116,100,79,53,30,12,4,8,21,40,60,76,87,90,86,78,70
2003,2014/04/06,64,64,69,79,92,105,113,114,106,91,71,51,33,21,16,20,31,46,62,74,81,83,80,75
2003,2014/04/07,70,66,66,69,77,86,95,98,96,87,74,58,42,29,20,17,21,30,42,55,67,74,77,77
2003,2014/04/08,74,72,70,70,73,79,85,89,90,87,81,73,62,50,39,30,25,26,32,41,52,62,69,74
2003,2014/04/09,76,75,72,69,66,65,67,70,73,75,76,74,70,63,53,42,33,27,27,32,43,55,67,77
2003,2014/04/10,84,87,86,81,75,70,66,66,69,75,82,88,90,87,78,64,49,36,29,29,34,44,57,71
2003,2014/04/11,83,90,90,86,77,67,58,52,50,53,60,69,78,83,82,75,62,47,33,25,24,31,45,62
2003,2014/04/12,79,91,96,93,83,68,53,41,35,38,48,63,77,87,92,89,79,63,46,31,24,26,37,54
2003,2014/04/13,74,91,100,99,89,72,53,35,23,20,28,43,63,83,97,102,97,82,62,43,29,24,31,47
2003,2014/04/14,69,90,104,109,102,86,64,41,22,12,14,29,51,76,98,110,111,101,82,61,42,31,31,43
2003,2014/04/15,64,87,105,114,112,97,74,47,23,7,3,13,34,61,88,108,118,115,102,82,61,45,39,45
2003,2014/04/16,62,84,104,118,120,110,88,60,30,7,-5,-3,13,38,68,94,112,117,111,95,74,55,43,43
2003,2014/04/17,54,74,96,114,123,118,100,73,42,13,-6,-13,-5,15,43,73,97,110,112,103,86,67,52,45
2003,2014/04/18,50,65,86,106,119,121,110,87,56,25,0,-14,-15,-2,21,49,76,97,106,105,94,78,62,53
2003,2014/04/19,52,61,78,97,113,120,116,98,72,41,13,-8,-18,-14,1,24,50,72,87,93,90,79,67,56
2003,2014/04/20,51,54,64,79,95,106,108,99,80,54,27,4,-12,-17,-11,4,25,47,67,80,85,83,76,67
2003,2014/04/21,61,60,64,74,88,100,107,106,96,78,56,34,15,3,1,7,20,38,56,72,83,88,87,83
2003,2014/04/22,78,74,73,75,83,92,101,105,102,92,78,61,43,28,17,14,18,27,41,55,69,79,84,86
2003,2014/04/23,83,79,74,71,70,74,80,85,89,88,83,73,59,45,32,22,17,18,24,35,48,61,72,79
2003,2014/04/24,82,79,72,64,56,53,53,57,63,69,74,74,70,60,48,34,23,16,15,19,29,43,58,71
2003,2014/04/25,79,82,77,68,55,44,36,35,40,50,62,72,78,77,71,58,44,30,21,18,24,35,50,66
2003,2014/04/26,80,88,87,77,62,44,28,18,17,24,38,55,71,81,82,75,62,45,31,21,20,27,41,59
2003,2014/04/27,77,90,95,89,75,53,30,12,2,4,16,37,59,79,92,95,87,72,54,39,31,31,41,58
2003,2014/04/28,78,96,106,106,94,72,45,19,-1,-8,-2,16,42,69,90,101,101,91,75,57,42,35,38,51
2003,2014/04/29,71,92,107,112,105,86,58,28,0,-17,-19,-7,16,45,73,94,104,101,89,72,54,42,39,47
2003,2014/04/30,65,86,105,116,115,103,79,49,17,-9,-22,-19,-1,26,57,84,102,107,102,88,72,57,50,54
2003,2014/05/01,67,86,107,122,127,120,100,71,39,9,-10,-15,-6,16,45,74,97,110,111,104,89,74,62,58
2003,2014/05/02,64,79,98,115,126,125,112,89,59,28,2,-12,-13,1,24,52,78,97,106,104,93,79,67,60
2003,2014/05/03,60,70,85,102,117,123,117,100,74,46,20,1,-8,-3,13,38,64,85,97,98,93,82,71,62
2003,2014/05/04,58,61,71,85,99,108,108,97,78,54,30,9,-5,-8,0,17,39,61,79,88,89,84,74,65
2003,2014/05/05,60,60,65,76,88,99,104,101,89,71,50,30,15,6,6,16,33,53,73,87,93,92,85,76
2003,2014/05/06,68,64,65,70,78,88,95,96,91,80,64,48,33,22,16,17,26,40,56,71,81,85,84,78
2003,2014/05/07,72,66,61,61,64,69,76,80,80,76,67,56,44,33,24,20,21,29,41,55,67,76,79,78
2003,2014/05/08,75,69,63,57,55,56,60,66,70,72,71,67,60,52,44,39,38,41,47,57,69,80,89,94
2003,2014/05/09,93,87,79,69,61,56,55,58,63,68,73,76,76,71,63,53,44,39,40,46,58,72,84,93
2003,2014/05/10,97,94,86,74,60,49,41,38,41,47,56,66,74,76,73,64,52,42,35,35,42,54,69,81
2003,2014/05/11,90,93,88,76,60,43,29,21,20,26,38,52,66,76,80,76,65,52,40,33,34,43,57,74
2003,2014/05/12,88,95,95,85,69,49,29,14,6,9,22,41,63,83,95,99,92,79,63,51,45,49,62,78
2003,2014/05/13,95,108,113,107,92,70,45,23,8,4,12,30,55,80,101,112,112,102,86,70,58,54,60,74
2003,2014/05/14,93,111,121,121,109,87,60,32,9,-4,-3,11,36,64,91,110,117,114,102,86,70,60,59,69
2003,2014/05/15,87,108,124,131,125,108,81,50,21,0,-7,1,21,51,82,108,126,131,125,111,95,81,75,78
2003,2014/05/16,91,109,128,140,141,129,105,73,40,11,-6,-8,4,29,59,88,110,123,125,117,103,87,75,71
2003,2014/05/17,78,93,111,127,135,131,113,84,50,16,-9,-21,-19,-3,22,51,78,98,108,108,99,85,72,64
2003,2014/05/18,65,75,91,109,123,126,118,97,68,35,6,-14,-21,-16,2,27,54,77,93,100,97,88,76,65
2003,2014/05/19,60,63,74,89,105,115,115,104,82,55,27,4,-12,-16,-8,10,34,59,79,91,95,92,84,74
2003,2014/05/20,66,62,65,75,89,102,109,106,94,74,51,28,10,-1,-2,7,23,44,64,81,92,96,93,86
2003,2014/05/21,78,71,68,71,79,91,102,107,106,96,81,64,48,35,28,28,36,51,69,87,101,109,110,106
2003,2014/05/22,99,90,81,75,74,79,88,95,99,98,92,82,68,55,43,36,36,43,55,69,84,96,103,105
2003,2014/05/23,100,90,77,64,55,52,54,61,68,75,79,79,74,65,54,44,37,35,41,51,65,78,89,95
2003,2014/05/24,96,90,78,62,47,36,31,33,41,52,65,75,81,82,77,68,59,52,50,54,65,79,93,104
2003,2014/05/25,110,109,100,84,64,44,30,23,25,36,51,68,82,91,93,87,77,66,58,56,61,71,84,98
2003,2014/05/26,109,114,110,96,75,51,29,14,9,14,30,51,73,91,102,105,100,90,79,70,68,73,85,100
2003,2014/05/27,115,125,127,118,100,74,46,22,7,4,13,33,58,82,101,111,112,104,92,80,71,70,77,91
2003,2014/05/28,108,122,130,127,114,91,61,31,7,-6,-4,11,35,63,88,106,113,110,100,87,74,68,69,78
2003,2014/05/29,94,111,124,128,121,103,76,44,14,-7,-14,-7,13,41,69,93,108,112,107,94,80,68,64,69
2003,2014/05/30,81,98,114,124,124,113,89,59,27,0,-16,-18,-5,19,48,76,98,108,108,98,84,71,63,62
2003,2014/05/31,71,85,102,115,121,117,100,74,43,13,-9,-19,-14,4,30,59,84,100,105,102,91,78,66,61
2003,2014/06/01,64,76,92,107,118,120,112,92,64,34,8,-8,-12,-2,19,46,72,92,102,102,94,82,70,61
2003,2014/06/02,59,64,76,91,105,111,108,94,72,46,20,0,-10,-7,6,27,52,74,89,95,92,83,71,61
2003,2014/06/03,56,57,64,77,91,101,104,98,83,62,39,19,6,1,6,21,43,65,84,95,97,91,81,70
2003,2014/06/04,62,58,60,68,78,89,95,95,87,73,56,37,21,11,10,19,35,54,72,86,93,93,88,78
2003,2014/06/05,68,60,57,58,65,74,82,87,85,78,66,53,39,29,23,25,33,48,65,81,92,96,94,87
2003,2014/06/06,77,68,60,57,58,63,70,76,79,79,74,67,57,47,39,35,37,46,59,74,88,96,99,96
2003,2014/06/07,88,78,67,57,52,51,54,60,67,72,75,74,70,63,56,49,47,49,56,68,82,95,103,105
2003,2014/06/08,100,91,78,64,53,45,43,45,52,61,70,77,81,80,75,68,61,56,57,63,74,87,98,105
2003,2014/06/09,105,98,85,69,52,37,27,24,27,36,50,64,76,82,82,76,68,60,54,54,61,73,87,99
2003,2014/06/10,106,105,95,78,58,38,20,10,8,15,30,49,68,83,92,92,86,76,66,60,60,68,82,96
2003,2014/06/11,108,113,110,96,75,51,27,7,-3,-2,10,32,57,81,98,107,107,99,88,77,71,73,83,99
2003,2014/06/12,115,126,128,120,102,77,48,21,2,-6,-1,17,43,73,100,119,129,127,118,105,95,90,94,106
2003,2014/06/13,122,138,148,148,136,113,82,48,18,0,-5,5,27,56,86,111,125,129,122,109,94,84,80,86
2003,2014/06/14,100,117,133,141,137,120,92,57,22,-5,-19,-18,-3,23,54,83,106,119,121,113,100,86,77,76
2003,2014/06/15,85,101,120,134,139,132,111,81,46,13,-11,-21,-16,2,30,61,89,108,117,115,105,90,77,70
2003,2014/06/16,72,84,101,119,132,135,125,103,72,39,10,-8,-12,-3,17,43,71,95,111,116,111,99,84,72
2003,2014/06/17,66,70,82,100,116,127,127,115,93,64,35,12,-1,-2,9,30,55,80,99,110,112,105,92,78
2003,2014/06/18,67,63,68,81,96,111,119,119,108,88,64,41,23,15,19,32,51,74,94,109,116,113,104,90
2003,2014/06/19,76,65,61,65,75,89,101,108,107,97,82,64,46,34,30,34,47,64,83,99,109,112,108,97
2003,2014/06/20,82,67,56,50,53,62,74,84,90,90,85,74,61,49,41,40,45,57,72,87,99,106,107,100
2003,2014/06/21,88,73,57,44,38,39,46,56,66,74,78,78,73,66,59,53,53,58,68,81,94,105,111,111
2003,2014/06/22,105,92,76,58,44,36,35,40,50,62,73,82,86,86,82,76,72,71,74,82,92,104,113,118
2003,2014/06/23,117,109,94,75,54,36,25,22,28,40,55,71,84,91,93,90,84,77,73,74,81,91,103,113
2003,2014/06/24,118,116,106,89,67,44,24,12,10,18,33,53,72,88,97,100,96,88,81,76,78,85,96,108
2003,2014/06/25,118,123,119,106,85,60,34,13,2,2,13,33,56,79,95,104,103,96,87,78,74,75,83,96
2003,2014/06/26,109,120,123,117,100,76,48,21,0,-8,-3,13,37,63,86,101,107,104,95,83,74,70,74,85
2003,2014/06/27,99,113,123,123,114,94,67,37,10,-8,-12,-2,19,47,74,95,107,109,103,91,78,69,67,74
2003,2014/06/28,88,105,119,126,124,110,86,57,27,3,-10,-8,8,32,61,87,106,114,111,101,88,76,69,71
2003,2014/06/29,80,96,114,127,132,125,107,80,49,21,3,-2,6,26,53,81,104,117,118,111,98,84,73,68
2003,2014/06/30,72,85,101,117,126,126,114,93,65,36,12,-1,0,13,37,64,90,107,114,110,99,85,71,63
2003,2014/07/01,62,70,85,101,115,121,117,101,77,49,24,6,1,8,25,50,76,98,110,111,103,90,75,64
2003,2014/07/02,59,61,71,86,101,112,114,105,87,64,40,20,10,10,21,42,66,89,104,110,107,97,83,69
2003,2014/07/03,60,57,62,73,87,100,107,106,95,78,58,40,26,21,27,41,61,83,102,113,116,109,97,82
2003,2014/07/04,69,61,60,65,76,88,98,102,98,88,73,58,45,36,35,42,56,75,93,107,113,111,101,88
2003,2014/07/05,74,63,56,55,60,70,81,88,91,87,80,70,60,52,47,48,56,70,86,101,110,112,106,95
2003,2014/07/06,81,67,55,47,46,50,58,67,74,77,77,74,69,63,58,55,57,65,77,91,103,109,109,103
2003,2014/07/07,92,78,63,50,42,39,43,50,59,67,75,80,82,80,76,71,68,69,76,86,99,109,114,113
2003,2014/07/08,105,93,77,60,45,34,28,29,36,47,60,73,82,86,86,83,77,73,72,77,86,97,106,111
2003,2014/07/09,110,102,88,69,49,30,17,11,14,24,40,58,76,89,97,99,94,87,81,79,84,94,105,115
2003,2014/07/10,120,119,111,95,73,48,25,10,4,9,24,45,69,91,107,115,114,107,97,90,89,94,105,119
2003,2014/07/11,132,139,139,128,106,79,50,24,8,2,10,28,55,83,107,122,126,121,110,97,88,86,91,104
2003,2014/07/12,119,133,140,136,120,94,62,29,2,-13,-14,-2,22,51,81,105,119,121,113,100,86,76,75,83
2003,2014/07/13,99,117,133,140,134,116,87,52,19,-7,-19,-16,1,28,60,90,113,124,123,112,97,82,74,75
2003,2014/07/14,86,104,124,139,144,136,115,83,47,14,-8,-16,-8,12,41,72,99,116,120,114,99,81,65,58
2003,2014/07/15,62,76,97,117,131,134,123,99,68,34,6,-10,-11,1,24,53,81,103,114,114,102,84,66,52
2003,2014/07/16,47,54,70,91,110,122,123,111,89,61,33,11,2,5,21,46,72,94,109,114,109,94,75,57
2003,2014/07/17,45,43,51,67,87,104,113,112,100,79,55,33,19,16,24,41,64,86,105,114,113,103,86,67
2003,2014/07/18,50,40,38,47,62,79,94,100,98,88,71,53,39,31,32,42,59,79,97,110,114,110,98,80
2003,2014/07/19,61,45,35,34,42,55,70,81,86,84,77,66,55,47,44,48,59,74,90,104,112,113,107,94
2003,2014/07/20,76,57,41,31,29,35,46,58,68,75,77,76,71,66,61,60,65,74,86,99,109,114,113,107
2003,2014/07/21,94,78,60,43,31,27,30,38,49,60,68,75,78,78,76,74,73,75,82,91,101,109,113,112
2003,2014/07/22,106,94,77,59,41,29,24,25,32,44,57,71,82,89,91,90,87,84,85,89,97,106,115,119
2003,2014/07/23,119,114,102,84,64,44,29,22,22,31,45,62,79,93,101,102,99,93,89,88,91,99,108,117
2003,2014/07/24,124,125,120,107,87,63,39,21,13,16,28,47,68,87,101,108,107,100,91,83,79,81,89,100
2003,2014/07/25,112,120,121,113,97,73,46,22,4,-2,5,21,44,68,88,101,104,98,88,76,68,65,69,80
2003,2014/07/26,95,109,117,117,106,86,59,31,7,-7,-8,5,28,55,80,99,109,109,101,88,74,66,67,76
2003,2014/07/27,91,108,122,129,126,112,88,59,30,9,0,6,24,50,77,99,113,115,108,95,80,67,61,63
2003,2014/07/28,75,93,112,125,129,121,101,73,43,16,0,-2,10,34,62,88,107,115,113,101,85,68,56,54
2003,2014/07/29,62,77,97,114,123,122,109,86,57,30,9,-1,4,22,49,77,100,113,114,105,89,71,56,48
2003,2014/07/30,50,62,80,99,114,119,113,95,71,44,21,7,6,18,40,67,92,110,116,111,98,80,62,50
2003,2014/07/31,47,54,68,87,104,115,116,106,87,63,40,23,16,22,38,62,87,108,119,118,108,91,72,57
2003,2014/08/01,49,49,58,73,91,106,114,111,99,80,59,42,31,30,40,59,82,103,117,121,115,100,82,64
2003,2014/08/02,51,46,48,58,73,89,100,104,99,87,71,56,45,41,46,59,77,96,112,121,120,110,94,75
2003,2014/08/03,59,49,46,50,60,74,87,95,97,92,83,72,62,56,56,62,75,92,108,119,122,117,105,88
2003,2014/08/04,71,57,48,45,49,58,70,81,88,91,90,85,78,72,70,71,78,89,102,114,121,121,113,100
2003,2014/08/05,84,68,54,45,41,43,50,61,71,80,86,88,88,85,83,81,82,87,95,106,115,120,119,112
2003,2014/08/06,100,84,68,52,41,35,35,41,50,62,74,85,93,97,97,94,92,91,94,100,108,116,121,121
2003,2014/08/07,115,104,88,69,50,35,26,24,29,41,57,74,90,102,108,108,103,96,91,92,97,106,114,121
2003,2014/08/08,123,119,108,90,67,44,25,13,10,16,31,52,74,94,108,113,111,103,93,86,85,90,100,113
2003,2014/08/09,123,129,126,113,92,64,36,13,-1,-3,7,27,53,79,102,115,117,110,97,84,75,73,80,94
2003,2014/08/10,110,125,133,130,114,89,59,29,6,-6,-4,12,38,70,100,122,133,133,123,108,93,85,87,99
2003,2014/08/11,119,141,158,165,158,138,108,74,42,19,9,14,32,59,89,115,131,134,125,108,87,69,60,63
2003,2014/08/12,77,99,122,140,146,137,116,84,50,21,3,0,12,35,66,96,119,130,127,112,90,67,50,44
2003,2014/08/13,52,70,95,120,137,141,130,106,76,45,21,10,13,30,57,86,111,126,129,120,100,75,52,37
2003,2014/08/14,36,47,69,95,117,131,131,119,95,68,43,27,23,32,53,79,105,124,132,128,112,89,64,43
2003,2014/08/15,32,33,47,68,92,112,122,120,108,88,67,49,40,43,57,78,102,122,134,136,127,109,85,61
2003,2014/08/16,42,34,37,51,71,92,107,113,109,97,81,66,55,53,59,74,93,111,125,130,127,115,95,73
2003,2014/08/17,52,37,31,35,48,64,81,92,97,94,86,75,66,62,64,72,86,101,115,124,126,120,107,89
2003,2014/08/18,69,51,39,34,37,47,60,73,82,86,86,83,79,75,74,77,84,95,106,115,120,120,113,102
2003,2014/08/19,87,70,54,42,36,37,43,53,64,74,81,85,86,86,85,84,86,90,97,105,113,116,116,110
2003,2014/08/20,101,88,73,57,43,35,33,38,47,58,69,79,88,93,94,92,90,88,89,94,100,107,111,113
2003,2014/08/21,111,104,92,76,58,42,31,28,32,42,55,71,85,96,102,102,98,92,87,86,90,96,103,110
2003,2014/08/22,115,116,110,96,78,57,38,26,24,30,43,61,80,96,108,112,108,99,89,83,81,85,92,103
2003,2014/08/23,114,122,123,114,97,74,51,32,20,18,28,46,69,90,106,114,113,104,92,80,72,71,78,90
2003,2014/08/24,104,117,124,123,112,91,66,40,21,13,16,32,54,80,102,115,117,109,95,80,68,62,64,74
2003,2014/08/25,90,109,123,129,124,108,84,57,32,17,14,24,46,72,98,116,124,120,107,90,72,60,56,63
2003,2014/08/26,78,99,119,132,134,124,103,76,49,28,17,21,38,64,92,114,126,126,116,98,78,60,50,51
2003,2014/08/27,63,83,105,123,131,128,113,89,61,36,20,16,27,49,77,102,119,123,116,100,78,57,41,36
2003,2014/08/28,44,62,85,107,122,127,119,101,75,50,30,21,25,43,68,94,115,124,121,108,87,64,45,34
2003,2014/08/29,35,48,68,91,111,122,122,110,90,66,45,32,31,42,63,88,110,124,125,115,96,73,51,35
2003,2014/08/30,29,35,51,73,94,110,117,113,99,79,60,45,40,46,61,82,104,121,128,124,109,88,64,45
2003,2014/08/31,34,33,42,60,80,98,110,113,106,93,77,63,54,54,63,80,99,116,126,126,116,98,75,54
2003,2014/09/01,39,32,34,44,60,78,93,102,103,96,86,75,67,64,68,79,93,108,120,125,121,109,91,70
2003,2014/09/02,52,40,35,38,48,61,76,88,95,97,93,87,81,78,78,83,91,102,113,121,123,116,103,85
2003,2014/09/03,67,50,39,33,34,41,52,64,74,82,87,89,88,86,85,85,88,94,103,112,117,117,111,100
2003,2014/09/04,86,69,54,41,34,33,38,46,58,70,81,90,96,99,98,96,94,93,96,102,109,115,117,115
2003,2014/09/05,107,95,79,62,46,34,29,30,38,50,66,81,95,105,109,107,102,95,90,90,95,103,111,116
2003,2014/09/06,118,113,102,84,64,44,28,20,20,29,45,66,87,105,115,117,110,99,88,81,80,86,96,109
2003,2014/09/07,120,127,124,111,89,64,39,21,12,14,27,48,73,98,116,124,121,109,92,76,67,67,76,92
2003,2014/09/08,111,127,135,132,117,93,63,36,17,10,16,34,60,88,112,127,129,120,101,80,62,53,55,70
2003,2014/09/09,92,117,136,144,139,121,94,63,37,21,18,30,53,81,109,130,139,133,115,91,66,47,41,49
2003,2014/09/10,69,96,123,142,149,141,120,90,60,37,25,28,44,69,98,123,137,137,124,100,72,47,31,30
2003,2014/09/11,43,68,98,125,141,144,132,110,82,56,39,34,43,64,91,117,136,142,134,114,86,56,32,21
2003,2014/09/12,24,42,69,98,122,134,133,120,98,74,55,45,48,62,85,110,131,141,140,125,101,72,45,25
2003,2014/09/13,19,27,46,72,98,118,127,124,111,93,74,62,59,67,84,106,126,140,143,136,118,92,64,40
2003,2014/09/14,25,23,33,52,75,96,111,116,112,99,85,72,67,69,80,96,114,128,136,134,123,103,78,54
2003,2014/09/15,35,25,26,37,53,73,89,100,103,100,91,82,75,73,78,89,103,116,126,129,124,112,94,73
2003,2014/09/16,54,40,32,33,42,57,72,85,93,96,94,89,85,82,83,88,96,105,113,117,117,111,100,86
2003,2014/09/17,70,54,42,35,35,40,50,61,72,80,85,87,86,85,84,85,87,92,98,104,108,108,105,98
2003,2014/09/18,87,74,60,47,39,38,41,49,60,71,81,90,94,95,94,91,88,88,89,93,98,102,105,104
2003,2014/09/19,100,91,79,65,52,42,37,38,45,57,71,84,95,102,103,101,95,88,83,81,84,90,97,104
2003,2014/09/20,107,106,98,85,69,52,39,32,34,44,59,76,93,104,110,108,101,90,80,73,71,74,83,94
2003,2014/09/21,104,110,109,100,84,65,46,32,26,30,44,63,83,99,109,111,104,92,76,63,56,56,64,78
2003,2014/09/22,94,107,114,111,99,80,58,38,25,23,32,51,73,95,110,117,112,98,79,61,48,44,48,62
2003,2014/09/23,80,99,113,117,110,93,70,46,28,20,23,38,60,83,104,115,115,103,83,61,42,32,32,42
2003,2014/09/24,62,85,105,118,119,108,88,63,41,26,23,33,53,79,102,118,122,113,95,72,49,33,29,36
2003,2014/09/25,55,81,108,128,138,133,117,93,68,48,38,40,55,78,103,123,132,126,109,84,58,36,24,23
2003,2014/09/26,36,59,86,109,124,127,117,98,74,52,38,36,46,66,91,114,127,128,115,91,63,37,18,11
2003,2014/09/27,17,34,59,85,105,115,113,100,80,59,42,34,39,54,77,100,117,123,115,96,70,43,21,9
2003,2014/09/28,9,21,43,68,93,109,116,110,97,79,64,54,53,62,79,101,119,129,126,112,89,63,38,20
2003,2014/09/29,12,16,31,53,77,98,110,112,106,95,81,71,66,70,83,101,119,131,134,127,109,86,61,40
2003,2014/09/30,26,23,30,45,64,85,101,109,110,105,95,86,79,78,83,94,108,121,128,126,115,96,74,51
2003,2014/10/01,33,22,21,28,41,58,74,87,94,96,92,87,81,78,79,85,94,105,113,116,112,101,85,66
2003,2014/10/02,47,33,24,23,28,39,53,67,79,87,91,91,89,87,86,87,91,97,104,111,114,112,104,92
2003,2014/10/03,77,62,49,40,36,38,46,57,71,83,93,100,104,104,102,98,94,92,93,97,103,107,107,103
2003,2014/10/04,96,84,70,55,43,35,33,37,47,61,77,91,102,107,105,99,89,80,73,72,76,84,92,98
2003,2014/10/05,98,93,83,68,50,34,22,18,23,36,53,72,89,102,107,103,91,77,63,56,56,64,77,92
2003,2014/10/06,106,113,112,103,86,66,48,37,35,44,63,87,110,129,139,139,129,111,90,72,62,63,75,93
2003,2014/10/07,113,128,135,131,116,93,66,44,31,29,39,58,80,102,118,123,115,95,69,44,26,20,28,47
2003,2014/10/08,72,97,116,124,119,102,78,54,34,25,29,44,67,92,113,125,122,105,78,47,21,5,3,16
2003,2014/10/09,40,70,97,116,123,116,98,74,51,36,32,41,60,85,109,126,131,120,97,67,36,11,-1,2
2003,2014/10/10,21,50,81,108,124,127,117,98,76,57,46,47,61,82,106,125,134,129,110,82,49,19,-2,-8
2003,2014/10/11,1,23,53,84,108,120,119,107,88,69,55,51,57,74,95,117,130,132,121,99,69,38,12,-4
2003,2014/10/12,-6,7,32,61,89,108,115,111,99,83,69,61,62,72,91,112,129,136,132,116,92,64,37,16
2003,2014/10/13,6,10,26,50,76,98,112,115,110,99,87,77,74,78,90,108,126,138,140,132,116,94,71,49
2003,2014/10/14,35,32,43,66,92,115,127,130,127,122,114,105,98,96,101,112,125,136,141,138,128,111,90,68
2003,2014/10/15,50,39,36,42,55,72,88,101,107,106,101,94,88,85,87,92,100,108,114,115,110,100,85,69
2003,2014/10/16,53,40,32,31,36,48,62,77,88,95,97,95,92,89,89,90,94,98,103,107,108,105,98,88
2003,2014/10/17,75,63,52,46,44,48,56,67,80,90,96,98,97,94,90,86,83,81,82,85,89,92,92,89
2003,2014/10/18,82,73,62,51,43,39,40,46,57,69,81,90,94,95,92,86,78,71,66,65,69,75,81,86
2003,2014/10/19,87,84,77,66,53,42,36,36,43,55,70,83,93,97,96,89,78,66,56,50,51,57,67,78
2003,2014/10/20,87,91,89,80,66,51,39,33,34,43,59,76,91,100,103,97,85,69,53,41,37,41,53,69
2003,2014/10/21,86,98,103,100,88,72,55,42,37,42,55,73,92,107,114,112,100,81,60,43,33,33,41,57
2003,2014/10/22,77,96,110,113,106,90,71,53,42,40,49,66,87,107,120,122,111,91,66,43,26,20,25,40
2003,2014/10/23,63,87,107,117,116,105,86,66,49,41,44,57,77,99,115,122,115,97,71,43,20,7,5,17
2003,2014/10/24,39,66,92,110,117,111,96,75,56,42,39,47,64,87,107,120,119,104,79,48,20,0,-8,-3
2003,2014/10/25,15,41,70,95,110,113,103,86,67,51,43,45,58,78,100,117,123,113,92,62,31,5,-11,-12
2003,2014/10/26,0,23,52,81,102,113,112,101,84,67,55,52,60,77,99,118,129,127,111,85,53,24,3,-6
2003,2014/10/27,-2,16,42,72,98,115,122,118,107,91,77,68,69,79,96,113,125,127,117,96,68,37,10,-8
2003,2014/10/28,-12,-3,16,42,68,89,103,107,102,91,77,66,61,66,78,95,109,117,115,103,81,53,9999,9999
2003,2014/10/29,9999,9999,9999,9999,9999,9999,9999,9999,9999,9999,9999,9999,9999,9999,9999,9999,9999,9999,9999,9999,9999,9999,9999,9999
2003,2014/10/30,9999,9999,9999,9999,9999,9999,9999,9999,9999,9999,9999,9999,9999,9999,9999,9999,9999,9999,9999,9999,9999,9999,9999,9999
2003,2014/10/31,9999,9999,9999,9999,9999,9999,9999,9999,9999,9999,9999,9999,9999,9999,9999,9999,9999,9999,9999,9999,9999,9999,9999,9999
2003,2014/11/01,53,39,28,22,21,27,39,54,69,82,91,95,95,92,87,81,76,74,75,81,88,93,95,92
2003,2014/11/02,85,75,63,52,44,42,46,56,70,85,99,110,116,116,111,101,90,80,75,76,83,93,104,112
2003,2014/11/03,115,110,99,83,67,54,47,49,59,74,91,104,113,115,111,100,84,65,49,41,43,54,71,87
2003,2014/11/04,99,104,101,90,74,57,43,37,39,49,64,81,96,106,107,98,80,56,33,16,11,17,33,54
2003,2014/11/05,76,93,102,101,90,73,55,42,37,42,55,73,92,107,115,110,94,68,39,14,-1,-2,10,32
2003,2014/11/06,59,85,103,111,107,94,77,60,48,46,54,71,92,111,124,126,114,91,59,28,4,-8,-4,13
2003,2014/11/07,41,72,98,115,118,110,95,78,62,52,50,59,76,96,113,120,113,93,63,29,-2,-24,-32,-24
2003,2014/11/08,-3,28,59,85,99,101,92,77,60,47,41,46,61,82,103,116,118,105,81,49,15,-14,-31,-32
2003,2014/11/09,-17,9,41,71,93,105,104,94,80,65,56,55,64,81,102,119,128,124,106,78,46,15,-7,-17
2003,2014/11/10,-12,6,33,63,89,106,111,106,94,79,67,60,63,73,90,106,118,120,110,90,62,31,5,-13
2003,2014/11/11,-17,-8,13,39,67,89,101,103,96,85,73,65,64,71,84,101,115,122,120,106,9999,9999,9999,9999
2003,2014/11/12,9999,9999,9999,9999,9999,9999,9999,9999,9999,9999,9999,9999,9999,9999,9999,9999,9999,9999,9999,9999,9999,9999,9999,9999
2003,2014/11/13,9999,9999,9999,9999,9999,9999,9999,9999,9999,9999,9999,9999,9999,9999,9999,9999,9999,9999,9999,9999,98,80,65,51
2003,2014/11/14,37,26,22,27,40,56,72,86,96,98,93,85,80,79,78,77,75,77,82,87,88,83,73,61
2003,2014/11/15,49,39,31,28,32,41,55,69,80,86,88,84,79,72,66,61,58,59,62,67,70,71,68,63
2003,2014/11/16,56,48,40,34,32,35,43,56,69,80,87,89,87,82,75,67,59,53,52,54,60,66,71,73
2003,2014/11/17,72,68,61,52,45,42,44,52,64,78,89,96,98,96,89,79,67,56,48,46,49,57,66,76
2003,2014/11/18,83,87,84,76,65,55,49,51,60,73,85,95,100,100,95,83,67,49,35,26,26,34,47,61
2003,2014/11/19,75,85,89,84,74,62,51,46,49,58,71,86,97,103,101,90,71,49,28,13,8,12,25,43
2003,2014/11/20,62,79,89,90,83,70,56,45,41,46,59,76,92,103,106,98,80,55,29,7,-6,-8,2,21
2003,2014/11/21,45,69,87,96,94,83,69,55,46,45,52,67,84,100,109,106,92,67,38,10,-10,-19,-15,1
2003,2014/11/22,26,54,79,97,103,98,85,69,56,49,51,62,80,99,114,118,110,88,58,26,-1,-18,-22,-11
2003,2014/11/23,11,40,71,96,110,112,102,87,72,60,57,62,76,95,112,122,120,102,74,40,7,-18,-30,-28
2003,2014/11/24,-13,14,45,75,98,108,107,97,83,69,61,61,70,87,106,122,127,119,97,66,33,3,-18,-26
2003,2014/11/25,-18,2,31,62,89,106,113,110,99,84,71,65,68,80,99,117,128,128,114,90,58,26,-1,-17
2003,2014/11/26,-20,-9,13,41,69,93,107,111,105,93,80,69,66,72,85,102,117,122,117,100,76,47,19,-2
2003,2014/11/27,-14,-12,1,23,48,73,91,100,101,94,82,71,64,64,71,84,97,107,109,102,85,61,34,11
2003,2014/11/28,-6,-12,-8,5,25,48,69,85,93,92,85,75,66,62,63,69,79,90,98,100,95,82,64,44
2003,2014/11/29,27,16,12,17,29,47,67,85,99,105,104,98,88,80,74,73,76,82,89,95,98,94,83,69
2003,2014/11/30,54,42,34,32,35,44,58,75,91,101,105,102,95,85,74,66,61,61,65,72,80,85,87,83
2003,2014/12/01,75,64,55,49,48,51,58,70,86,104,117,123,121,112,101,89,77,67,63,66,75,86,95,101
2003,2014/12/02,102,99,92,81,72,66,66,73,84,97,108,116,119,114,103,86,67,49,37,34,39,49,64,78
2003,2014/12/03,89,95,95,90,82,73,67,66,71,82,95,106,113,113,106,90,69,45,23,9,7,15,32,53
2003,2014/12/04,73,89,97,97,90,79,69,63,64,71,84,99,113,121,121,110,89,62,34,12,1,2,15,37
2003,2014/12/05,64,89,107,114,111,101,89,78,73,75,84,98,113,126,132,127,109,81,49,18,-3,-12,-6,12
2003,2014/12/06,39,69,95,111,116,111,100,87,76,72,75,85,100,116,128,130,120,97,64,29,-1,-19,-23,-13
2003,2014/12/07,10,40,71,96,109,110,102,88,75,65,61,66,78,96,114,123,120,103,74,41,8,-17,-31,-30
2003,2014/12/08,-15,12,44,73,93,101,98,88,75,63,55,56,67,84,103,117,121,112,91,61,28,-2,-23,-30
2003,2014/12/09,-23,-2,26,56,81,97,101,95,83,70,60,56,61,74,92,108,117,114,100,76,46,15,-10,-24
2003,2014/12/10,-24,-11,13,41,68,89,99,99,90,77,65,56,55,62,76,94,108,114,109,92,68,41,16,-2
2003,2014/12/11,-9,-4,12,37,64,89,105,110,106,96,85,75,70,71,79,91,106,117,119,111,92,68,44,24
2003,2014/12/12,11,9,16,31,53,76,95,106,107,99,88,77,70,67,70,79,90,101,107,106,96,80,61,44
2003,2014/12/13,31,24,26,36,52,73,92,106,112,109,101,90,80,73,71,74,80,89,96,98,95,87,73,59
2003,2014/12/14,45,35,31,34,43,58,75,91,100,102,96,86,75,66,59,57,58,62,68,74,76,75,68,58
2003,2014/12/15,48,40,35,34,39,49,62,76,86,90,88,82,74,65,57,50,47,46,50,55,61,66,67,65
2003,2014/12/16,61,55,50,46,46,51,60,73,87,99,106,107,102,94,84,76,69,64,62,65,73,84,93,98
2003,2014/12/17,97,94,89,83,77,74,75,83,96,108,117,120,117,112,102,87,70,55,45,42,46,54,65,76
2003,2014/12/18,86,91,90,85,77,70,68,71,78,88,99,108,111,107,96,81,62,43,25,14,11,18,31,48
2003,2014/12/19,65,78,85,85,79,70,62,58,60,68,80,91,99,103,99,86,65,40,17,-1,-9,-6,6,26
2003,2014/12/20,50,72,87,94,93,85,76,68,65,69,78,92,107,118,121,114,96,71,43,18,2,-3,6,25
2003,2014/12/21,50,75,95,107,109,103,92,80,71,68,73,85,101,117,127,126,113,88,57,26,1,-13,-14,-1
2003,2014/12/22,23,53,82,105,118,120,113,101,89,81,80,87,101,119,134,141,134,114,84,50,19,-5,-18,-20
2003,2014/12/23,-8,16,47,76,98,107,105,95,81,69,62,63,74,91,110,123,125,113,89,56,20,-10,-31,-37
2003,2014/12/24,-28,-6,24,57,85,103,109,104,92,77,65,59,63,78,98,118,130,129,114,88,56,24,-2,-17
2003,2014/12/25,-18,-4,20,50,79,101,114,115,107,94,78,66,62,68,82,101,117,124,120,103,76,45,15,-7
2003,2014/12/26,-17,-13,3,28,56,81,98,105,102,91,76,61,51,49,58,73,92,106,111,103,85,59,32,9
2003,2014/12/27,-6,-10,-3,14,37,62,82,95,98,93,80,64,48,39,40,49,63,78,88,91,85,71,51,30
2003,2014/12/28,13,4,4,14,31,52,73,90,99,99,90,76,62,50,44,44,51,61,73,82,86,82,72,59
2003,2014/12/29,45,35,31,35,46,62,80,96,108,112,109,99,85,70,58,51,50,53,62,72,81,86,85,79
2003,2014/12/30,71,63,57,54,57,66,79,94,108,116,118,112,101,87,71,57,45,40,41,48,58,68,77,81
2003,2014/12/31,82,80,75,71,69,70,77,87,99,110,116,117,113,103,89,73,56,42,34,35,44,57,71,82
