2003,2012/01/01,9999,9999,9999,9999,9999,9999,9999,9999,9999,9999,9999,9999,9999,9999,9999,9999,9999,9999,9999,9999,9999,9999,9999,9999
2003,2012/01/02,9999,9999,9999,9999,9999,9999,9999,9999,9999,9999,9999,9999,9999,9999,9999,9999,9999,9999,9999,9999,9999,9999,9999,9999
2003,2012/01/03,9999,9999,9999,9999,9999,9999,9999,9999,9999,9999,9999,9999,9999,9999,9999,9999,9999,9999,9999,9999,9999,9999,9999,9999
2003,2012/01/04,9999,9999,9999,9999,9999,9999,9999,9999,9999,9999,9999,9999,9999,9999,9999,9999,9999,9999,9999,9999,9999,9999,9999,9999
2003,2012/01/05,9999,9999,9999,9999,9999,9999,9999,9999,9999,9999,9999,9999,9999,9999,9999,9999,9999,9999,9999,9999,9999,9999,9999,9999
2003,2012/01/06,9999,9999,9999,9999,9999,9999,9999,9999,9999,9999,9999,9999,9999,9999,9999,9999,9999,9999,9999,9999,9999,9999,9999,9999
2003,2012/01/07,9999,9999,9999,9999,9999,9999,9999,9999,9999,9999,9999,9999,9999,9999,9999,9999,9999,9999,9999,9999,9999,9999,9999,9999
2003,2012/01/08,9999,9999,9999,9999,9999,9999,9999,9999,9999,9999,9999,9999,9999,9999,9999,9999,9999,9999,9999,9999,9999,9999,9999,9999
2003,2012/01/09,9999,9999,9999,9999,9999,9999,9999,9999,9999,9999,9999,9999,9999,9999,9999,9999,9999,9999,9999,9999,9999,9999,9999,9999
2003,2012/01/10,9999,9999,9999,9999,9999,9999,9999,9999,9999,9999,9999,9999,9999,9999,9999,9999,9999,9999,9999,9999,9999,9999,9999,9999
2003,2012/01/11,9999,9999,9999,9999,9999,9999,9999,9999,9999,9999,9999,9999,9999,9999,9999,9999,9999,9999,9999,9999,9999,9999,9999,9999
2003,2012/01/12,9999,9999,9999,9999,9999,9999,9999,9999,9999,9999,9999,9999,9999,9999,9999,9999,9999,9999,9999,9999,9999,9999,9999,9999
2003,2012/01/13,9999,9999,9999,9999,9999,9999,9999,9999,9999,9999,9999,9999,9999,9999,9999,9999,9999,9999,9999,9999,9999,9999,9999,9999
2003,2012/01/14,9999,9999,9999,9999,9999,9999,9999,9999,9999,9999,9999,9999,9999,9999,9999,9999,9999,9999,9999,9999,9999,9999,9999,9999
2003,2012/01/15,9999,9999,9999,9999,9999,9999,9999,9999,9999,9999,9999,9999,9999,9999,9999,9999,9999,9999,9999,9999,9999,9999,9999,9999
2003,2012/01/16,9999,9999,9999,9999,9999,9999,9999,9999,9999,9999,9999,9999,9999,9999,9999,9999,9999,9999,9999,9999,9999,9999,9999,9999
2003,2012/01/17,9999,9999,9999,9999,9999,9999,9999,9999,9999,9999,9999,9999,9999,9999,9999,9999,9999,9999,9999,9999,9999,9999,9999,9999
2003,2012/01/18,9999,9999,9999,9999,9999,9999,9999,9999,9999,9999,9999,9999,9999,9999,9999,9999,9999,9999,9999,9999,9999,9999,9999,9999
2003,2012/01/19,9999,9999,9999,9999,9999,9999,9999,9999,9999,9999,9999,9999,9999,9999,9999,9999,9999,9999,9999,9999,9999,9999,9999,9999
2003,2012/01/20,9999,9999,9999,9999,9999,9999,9999,9999,9999,9999,9999,9999,9999,9999,9999,9999,9999,9999,9999,9999,9999,9999,9999,9999
2003,2012/01/21,9999,9999,9999,9999,9999,9999,9999,9999,9999,9999,9999,9999,9999,9999,9999,9999,9999,9999,9999,9999,9999,9999,9999,9999
2003,2012/01/22,9999,9999,9999,9999,9999,9999,9999,9999,9999,9999,9999,9999,9999,9999,9999,9999,9999,9999,9999,9999,9999,9999,9999,9999
2003,2012/01/23,9999,9999,9999,9999,9999,9999,9999,9999,9999,9999,9999,9999,9999,9999,9999,9999,9999,9999,9999,9999,9999,9999,9999,9999
2003,2012/01/24,9999,9999,9999,9999,9999,9999,9999,9999,9999,9999,9999,9999,9999,9999,9999,9999,9999,9999,9999,9999,9999,9999,9999,9999
2003,2012/01/25,9999,9999,9999,9999,9999,9999,9999,9999,9999,9999,9999,9999,9999,9999,9999,9999,9999,9999,9999,9999,9999,9999,9999,9999
2003,2012/01/26,9999,9999,9999,9999,9999,9999,9999,9999,9999,9999,9999,9999,9999,9999,9999,9999,9999,9999,9999,9999,9999,9999,9999,9999
2003,2012/01/27,9999,9999,9999,9999,9999,9999,9999,9999,9999,9999,9999,9999,9999,9999,9999,9999,9999,9999,9999,9999,9999,9999,9999,9999
2003,2012/01/28,9999,9999,9999,9999,9999,9999,9999,9999,9999,9999,9999,9999,9999,9999,9999,9999,9999,9999,9999,9999,9999,9999,9999,9999
2003,2012/01/29,9999,9999,9999,9999,9999,9999,9999,9999,9999,9999,9999,9999,9999,9999,9999,9999,9999,9999,9999,9999,9999,9999,9999,9999
2003,2012/01/30,9999,9999,9999,9999,9999,9999,9999,9999,9999,9999,9999,9999,9999,9999,9999,9999,9999,9999,9999,9999,9999,9999,9999,9999
2003,2012/01/31,9999,9999,9999,9999,9999,9999,9999,9999,9999,9999,9999,9999,9999,9999,9999,9999,9999,9999,9999,9999,9999,9999,9999,9999
2003,2012/02/01,9999,9999,9999,9999,9999,9999,9999,9999,9999,9999,9999,9999,9999,9999,9999,9999,9999,9999,9999,9999,9999,9999,9999,9999
2003,2012/02/02,9999,9999,9999,9999,9999,9999,9999,9999,9999,9999,9999,9999,9999,9999,9999,9999,9999,9999,9999,9999,9999,9999,9999,9999
2003,2012/02/03,9999,9999,9999,9999,9999,9999,9999,9999,9999,9999,9999,9999,9999,9999,9999,9999,9999,9999,9999,9999,9999,9999,9999,9999
2003,2012/02/04,9999,9999,9999,9999,9999,9999,9999,9999,9999,9999,9999,9999,9999,9999,9999,9999,9999,9999,9999,9999,9999,9999,9999,9999
2003,2012/02/05,9999,9999,9999,9999,9999,9999,9999,9999,9999,9999,9999,9999,9999,9999,9999,9999,9999,9999,9999,9999,9999,9999,9999,9999
2003,2012/02/06,9999,9999,9999,9999,9999,9999,9999,9999,9999,9999,9999,9999,9999,9999,9999,9999,9999,9999,9999,9999,9999,9999,9999,9999
2003,2012/02/07,9999,9999,9999,9999,9999,9999,9999,9999,9999,9999,9999,9999,9999,9999,9999,9999,9999,9999,9999,9999,9999,9999,9999,9999
2003,2012/02/08,9999,9999,9999,9999,9999,9999,9999,9999,9999,9999,9999,9999,9999,9999,9999,9999,9999,9999,9999,9999,9999,9999,9999,9999
2003,2012/02/09,9999,9999,9999,9999,9999,9999,9999,9999,9999,9999,9999,9999,9999,9999,9999,9999,9999,9999,9999,9999,9999,9999,9999,9999
2003,2012/02/10,9999,9999,9999,9999,9999,9999,9999,9999,9999,9999,9999,9999,9999,9999,9999,9999,9999,9999,9999,9999,9999,9999,9999,9999
2003,2012/02/11,9999,9999,9999,9999,9999,9999,9999,9999,9999,9999,9999,9999,9999,9999,9999,9999,9999,9999,9999,9999,9999,9999,9999,9999
2003,2012/02/12,9999,9999,9999,9999,9999,9999,9999,9999,9999,9999,9999,9999,9999,9999,9999,9999,9999,9999,9999,9999,9999,9999,9999,9999
2003,2012/02/13,9999,9999,9999,9999,9999,9999,9999,9999,9999,9999,9999,9999,9999,9999,9999,9999,9999,9999,9999,9999,9999,9999,9999,9999
2003,2012/02/14,9999,9999,9999,9999,9999,9999,9999,9999,9999,9999,9999,9999,9999,9999,9999,9999,9999,9999,9999,9999,9999,9999,9999,9999
2003,2012/02/15,9999,9999,9999,9999,9999,9999,9999,9999,9999,9999,9999,9999,9999,9999,9999,9999,9999,9999,9999,9999,9999,9999,9999,9999
2003,2012/02/16,9999,9999,9999,9999,9999,9999,9999,9999,9999,9999,9999,9999,9999,9999,9999,9999,9999,9999,9999,9999,9999,9999,9999,9999
2003,2012/02/17,9999,9999,9999,9999,9999,9999,9999,9999,9999,9999,9999,9999,9999,9999,9999,9999,9999,9999,9999,9999,9999,9999,9999,9999
2003,2012/02/18,9999,9999,9999,9999,9999,9999,9999,9999,9999,9999,9999,9999,9999,9999,9999,9999,9999,9999,9999,9999,9999,9999,9999,9999
2003,2012/02/19,9999,9999,9999,9999,9999,9999,9999,9999,9999,9999,9999,9999,9999,9999,9999,9999,9999,9999,9999,9999,9999,9999,9999,9999
2003,2012/02/20,9999,9999,9999,9999,9999,9999,9999,9999,9999,9999,9999,9999,9999,9999,9999,9999,9999,9999,9999,9999,9999,9999,9999,9999
2003,2012/02/21,9999,9999,9999,9999,9999,9999,9999,9999,9999,9999,9999,9999,9999,9999,9999,9999,9999,9999,9999,9999,9999,9999,9999,9999
2003,2012/02/22,9999,9999,9999,9999,9999,9999,9999,9999,9999,9999,9999,9999,9999,9999,9999,9999,9999,9999,9999,9999,9999,9999,9999,9999
2003,2012/02/23,9999,9999,9999,9999,9999,9999,9999,9999,9999,9999,9999,9999,9999,9999,9999,9999,9999,9999,9999,9999,9999,9999,9999,9999
2003,2012/02/24,9999,9999,9999,9999,9999,9999,9999,9999,9999,9999,9999,9999,9999,9999,9999,9999,9999,9999,9999,9999,9999,9999,9999,9999
2003,2012/02/25,9999,9999,9999,9999,9999,9999,9999,9999,9999,9999,9999,9999,9999,9999,9999,9999,9999,9999,9999,9999,9999,9999,9999,9999
2003,2012/02/26,9999,9999,9999,9999,9999,9999,9999,9999,9999,9999,9999,9999,9999,9999,9999,9999,9999,9999,9999,9999,9999,9999,9999,9999
2003,2012/02/27,9999,9999,9999,9999,9999,9999,9999,9999,9999,9999,9999,9999,9999,9999,9999,9999,9999,9999,9999,9999,9999,9999,9999,9999
2003,2012/02/28,9999,9999,9999,9999,9999,9999,9999,9999,9999,9999,9999,9999,9999,9999,9999,9999,9999,9999,9999,9999,9999,9999,9999,9999
2003,2012/02/29,9999,9999,9999,9999,9999,9999,9999,9999,9999,9999,9999,9999,9999,9999,9999,9999,9999,9999,9999,9999,9999,9999,9999,9999
2003,2012/03/01,9999,9999,9999,9999,9999,9999,9999,9999,9999,9999,9999,9999,9999,9999,9999,9999,9999,9999,9999,9999,9999,9999,9999,9999
2003,2012/03/02,9999,9999,9999,9999,9999,9999,9999,9999,9999,9999,9999,9999,9999,9999,9999,9999,9999,9999,9999,9999,9999,9999,9999,9999
2003,2012/03/03,9999,9999,9999,9999,9999,9999,9999,9999,9999,9999,9999,9999,9999,9999,9999,9999,9999,9999,9999,9999,9999,9999,9999,9999
2003,2012/03/04,9999,9999,9999,9999,9999,9999,9999,9999,9999,9999,9999,9999,9999,9999,9999,9999,9999,9999,9999,9999,9999,9999,9999,9999
2003,2012/03/05,9999,9999,9999,9999,9999,9999,9999,9999,9999,9999,9999,9999,9999,9999,9999,9999,9999,9999,9999,9999,9999,9999,9999,9999
2003,2012/03/06,9999,9999,9999,9999,9999,9999,9999,9999,9999,9999,9999,9999,9999,9999,9999,9999,9999,9999,9999,9999,9999,9999,9999,9999
2003,2012/03/07,9999,9999,9999,9999,9999,9999,9999,9999,9999,9999,9999,9999,9999,9999,9999,9999,9999,9999,9999,9999,9999,9999,9999,9999
2003,2012/03/08,9999,9999,9999,9999,9999,9999,9999,9999,9999,9999,9999,9999,9999,9999,9999,9999,9999,9999,9999,9999,9999,9999,9999,9999
2003,2012/03/09,9999,9999,9999,9999,9999,9999,9999,9999,9999,9999,9999,9999,9999,9999,9999,9999,9999,9999,9999,9999,9999,9999,9999,9999
2003,2012/03/10,9999,9999,9999,9999,9999,9999,9999,9999,9999,9999,9999,9999,9999,9999,9999,9999,9999,9999,9999,9999,9999,9999,9999,9999
2003,2012/03/11,9999,9999,9999,9999,9999,9999,9999,9999,9999,9999,9999,9999,9999,9999,9999,9999,9999,9999,9999,9999,9999,9999,9999,9999
2003,2012/03/12,9999,9999,9999,9999,9999,9999,9999,9999,9999,9999,9999,9999,9999,9999,9999,9999,9999,9999,9999,9999,9999,9999,9999,9999
2003,2012/03/13,9999,9999,9999,9999,9999,9999,9999,9999,9999,9999,9999,9999,9999,9999,9999,9999,9999,9999,9999,9999,9999,9999,9999,9999
2003,2012/03/14,9999,9999,9999,9999,9999,9999,9999,9999,9999,9999,9999,9999,9999,9999,9999,9999,9999,9999,9999,9999,9999,9999,9999,9999
2003,2012/03/15,9999,9999,9999,9999,9999,9999,9999,9999,9999,9999,9999,9999,9999,9999,9999,9999,9999,9999,9999,9999,9999,9999,9999,9999
2003,2012/03/16,9999,9999,9999,9999,9999,9999,9999,9999,9999,9999,9999,9999,9999,9999,9999,9999,9999,9999,9999,9999,9999,9999,9999,9999
2003,2012/03/17,9999,9999,9999,9999,9999,9999,9999,9999,9999,9999,9999,9999,9999,9999,9999,9999,9999,9999,9999,9999,9999,9999,9999,9999
2003,2012/03/18,9999,9999,9999,9999,9999,9999,9999,9999,9999,9999,9999,9999,9999,9999,9999,9999,9999,9999,9999,9999,9999,9999,9999,9999
2003,2012/03/19,9999,9999,9999,9999,9999,9999,9999,9999,9999,9999,9999,9999,9999,9999,9999,9999,9999,9999,9999,9999,9999,9999,9999,9999
2003,2012/03/20,9999,9999,9999,9999,9999,9999,9999,9999,9999,9999,9999,9999,9999,9999,9999,9999,9999,9999,9999,9999,9999,9999,9999,9999
2003,2012/03/21,9999,9999,9999,9999,9999,9999,9999,9999,9999,9999,9999,9999,9999,9999,9999,9999,9999,9999,9999,9999,9999,9999,9999,9999
2003,2012/03/22,9999,9999,9999,9999,9999,9999,9999,9999,9999,9999,9999,9999,9999,9999,9999,9999,9999,9999,9999,9999,9999,9999,9999,9999
2003,2012/03/23,9999,9999,9999,9999,9999,9999,9999,9999,9999,9999,9999,9999,9999,9999,9999,9999,9999,9999,9999,9999,9999,9999,9999,9999
2003,2012/03/24,9999,9999,9999,9999,9999,9999,9999,9999,9999,9999,9999,9999,9999,9999,9999,9999,9999,9999,9999,9999,9999,9999,9999,9999
2003,2012/03/25,9999,9999,9999,9999,9999,9999,9999,9999,9999,9999,9999,9999,9999,9999,9999,9999,9999,9999,9999,9999,9999,9999,9999,9999
2003,2012/03/26,9999,9999,9999,9999,9999,9999,9999,9999,9999,9999,9999,9999,9999,9999,9999,9999,9999,9999,9999,9999,9999,9999,9999,9999
2003,2012/03/27,9999,9999,9999,9999,9999,9999,9999,9999,9999,9999,9999,9999,9999,9999,9999,9999,9999,9999,9999,9999,9999,9999,9999,9999
2003,2012/03/28,9999,9999,9999,9999,9999,9999,9999,9999,9999,9999,9999,9999,9999,9999,9999,9999,9999,9999,9999,9999,9999,9999,9999,9999
2003,2012/03/29,9999,9999,9999,9999,9999,9999,9999,9999,9999,9999,9999,9999,9999,9999,9999,9999,9999,9999,9999,9999,9999,9999,9999,9999
2003,2012/03/30,9999,9999,9999,9999,9999,9999,9999,9999,9999,9999,9999,9999,9999,9999,9999,9999,9999,9999,9999,9999,9999,9999,9999,9999
2003,2012/03/31,9999,9999,9999,9999,9999,9999,9999,9999,9999,9999,9999,9999,9999,9999,9999,9999,9999,9999,9999,9999,9999,9999,9999,9999
2003,2012/04/01,91,91,89,89,89,90,93,95,97,97,95,89,81,71,59,47,36,29,27,32,43,56,68,78
2003,2012/04/02,84,87,86,82,77,72,69,69,71,74,78,81,81,75,65,52,37,24,16,15,22,34,50,66
2003,2012/04/03,80,88,90,86,79,70,63,60,62,70,81,94,105,112,111,103,89,73,60,52,52,57,69,86
2003,2012/04/04,104,120,127,123,110,93,75,62,55,56,65,79,94,105,108,103,89,70,49,32,24,27,40,61
2003,2012/04/05,84,104,116,117,108,91,70,51,39,36,44,63,85,107,120,123,115,98,76,53,36,29,35,52
2003,2012/04/06,77,102,119,125,119,102,78,51,29,17,18,32,55,81,104,119,123,114,95,70,47,32,31,43
2003,2012/04/07,66,92,114,125,124,109,83,51,21,0,-8,1,22,51,81,105,119,119,107,87,64,44,34,37
2003,2012/04/08,53,76,101,118,123,114,91,59,24,-5,-23,-26,-13,13,46,77,101,112,111,99,80,60,47,43
2003,2012/04/09,53,73,97,118,129,128,113,86,53,20,-6,-19,-17,0,26,56,83,102,109,105,93,76,60,52
2003,2012/04/10,55,68,88,109,123,128,120,99,68,34,3,-19,-27,-21,-3,23,50,73,89,95,91,81,69,60
2003,2012/04/11,58,65,80,99,117,129,130,118,96,68,40,17,2,-1,8,25,48,72,92,105,109,106,99,92
2003,2012/04/12,87,88,96,108,122,133,137,131,116,94,69,43,23,11,10,18,33,52,70,85,94,96,94,89
2003,2012/04/13,86,85,87,93,102,112,121,123,118,104,85,63,42,26,18,17,23,34,48,62,74,82,87,87
2003,2012/04/14,86,83,81,82,86,93,101,106,108,104,96,84,69,55,43,35,33,36,44,54,67,78,87,93
2003,2012/04/15,95,93,89,84,80,79,82,86,91,94,94,91,84,73,61,49,39,34,35,41,51,63,75,85
2003,2012/04/16,92,94,91,84,75,68,64,65,69,76,83,88,90,87,78,67,54,44,38,38,43,54,68,83
2003,2012/04/17,95,101,100,93,80,67,56,51,51,58,69,81,92,98,96,87,73,58,46,39,40,47,59,75
2003,2012/04/18,90,101,105,100,87,69,51,38,32,35,46,63,80,94,100,98,88,73,57,45,39,41,51,66
2003,2012/04/19,84,100,108,106,93,74,51,31,17,14,23,40,61,82,97,102,98,84,67,50,39,36,42,57
2003,2012/04/20,75,93,105,108,100,82,57,31,11,1,4,19,41,66,87,100,102,93,77,59,44,36,37,47
2003,2012/04/21,64,84,100,107,103,88,63,35,9,-8,-13,-3,18,45,71,91,100,98,86,69,52,40,36,43
2003,2012/04/22,58,77,95,107,108,97,75,47,18,-5,-17,-14,2,27,56,82,99,104,98,85,69,55,47,49
2003,2012/04/23,60,78,97,112,119,113,95,68,37,10,-7,-11,-2,19,47,75,97,109,109,100,86,71,61,58
2003,2012/04/24,64,79,97,114,125,124,111,88,58,29,6,-6,-5,10,34,62,87,104,110,106,95,81,69,63
2003,2012/04/25,65,75,91,107,118,122,114,96,70,42,16,-2,-7,0,18,42,67,88,100,103,97,86,74,67
2003,2012/04/26,66,72,84,98,112,120,119,108,87,61,36,16,6,5,16,35,59,81,97,105,105,98,88,80
2003,2012/04/27,75,76,83,94,107,116,118,111,97,76,53,32,17,10,13,24,42,61,79,91,96,95,90,83
2003,2012/04/28,77,75,77,84,93,102,107,106,97,83,65,46,29,17,13,16,26,42,59,74,83,87,85,81
2003,2012/04/29,77,74,72,74,79,86,93,96,94,87,76,62,47,34,25,21,23,31,45,61,75,86,90,90
2003,2012/04/30,86,81,76,72,71,74,78,83,86,86,83,75,65,9999,9999,9999,9999,9999,9999,9999,63,77,87,91
2003,2012/05/01,91,89,84,75,64,58,63,73,76,63,36,10,-5,-7,-3,3,8,18,31,45,58,69,81,94
2003,2012/05/02,102,101,93,81,69,60,53,51,55,65,77,87,94,95,89,78,64,51,42,42,49,64,81,97
2003,2012/05/03,108,113,109,97,81,65,51,43,44,53,68,87,105,118,123,119,108,93,79,71,71,80,96,114
2003,2012/05/04,131,141,141,130,111,87,64,46,37,39,52,74,98,120,134,138,131,117,99,83,75,76,87,106
2003,2012/05/05,125,140,145,139,121,96,67,39,18,9,14,33,60,89,113,128,132,124,108,89,73,66,70,84
2003,2012/05/06,104,124,136,137,125,102,71,39,10,-7,-10,4,29,61,91,114,127,128,119,103,86,73,69,76
2003,2012/05/07,93,113,131,140,136,119,90,56,21,-6,-20,-18,-2,25,58,89,112,123,123,114,100,86,78,78
2003,2012/05/08,89,107,126,141,145,136,114,82,45,12,-12,-21,-16,3,31,62,90,110,119,117,107,94,83,77
2003,2012/05/09,81,94,112,129,140,140,127,103,71,36,7,-12,-17,-8,12,39,67,90,106,112,109,100,90,82
2003,2012/05/10,81,87,100,117,131,139,137,122,97,67,37,14,0,-1,9,29,54,78,97,108,111,108,99,90
2003,2012/05/11,84,84,91,103,118,130,135,131,116,94,69,45,27,19,20,30,47,66,84,99,107,108,103,94
2003,2012/05/12,86,80,80,85,95,106,115,117,111,97,78,58,39,25,19,21,32,47,64,80,92,98,99,95
2003,2012/05/13,88,79,73,72,77,85,94,101,102,99,90,78,63,49,38,33,35,44,56,71,85,95,100,99
2003,2012/05/14,94,86,77,69,65,66,71,78,84,88,88,83,75,65,54,46,42,44,51,62,75,87,97,102
2003,2012/05/15,101,95,85,74,64,59,58,63,70,79,87,92,92,88,81,73,66,64,66,73,83,95,107,116
2003,2012/05/16,120,118,109,95,79,66,57,54,57,65,77,90,99,102,100,93,84,75,70,71,77,88,101,112
2003,2012/05/17,119,120,114,101,83,63,47,37,36,43,57,74,90,102,106,103,95,86,77,73,74,82,93,107
2003,2012/05/18,119,125,123,113,97,75,53,35,26,28,40,59,79,96,108,112,107,97,85,74,69,71,79,92
2003,2012/05/19,106,116,119,113,98,75,49,25,9,4,11,28,51,75,95,106,107,100,88,75,66,63,68,80
2003,2012/05/20,95,109,116,115,103,82,56,28,5,-7,-6,8,31,57,81,99,107,106,96,83,71,64,65,73
2003,2012/05/21,87,103,114,119,112,95,69,39,11,-8,-14,-7,12,38,66,88,103,107,101,90,76,66,62,66
2003,2012/05/22,78,93,109,118,118,107,85,55,24,-1,-15,-14,0,24,52,79,99,110,111,103,91,80,74,75
2003,2012/05/23,84,99,116,129,134,129,112,86,56,27,7,-1,5,24,50,79,103,119,125,121,110,96,86,82
2003,2012/05/24,86,97,112,125,134,134,123,101,71,41,16,3,2,13,33,59,85,106,117,118,111,99,88,81
2003,2012/05/25,81,87,100,115,127,133,128,112,89,61,35,16,7,11,25,47,72,94,109,117,116,109,98,88
2003,2012/05/26,83,85,94,106,119,128,129,121,103,80,56,35,20,15,21,36,57,79,98,109,112,107,98,88
2003,2012/05/27,80,77,79,87,99,109,116,114,104,88,68,48,31,21,20,28,43,63,82,98,106,106,100,91
2003,2012/05/28,81,74,71,73,80,90,99,103,101,93,80,64,48,35,27,26,35,50,69,86,99,105,103,96
2003,2012/05/29,86,76,68,63,64,70,78,85,89,89,85,76,64,52,41,35,36,44,58,74,89,100,104,102
2003,2012/05/30,94,83,71,61,54,53,57,64,73,81,85,86,81,73,64,55,49,49,56,68,82,96,105,108
2003,2012/05/31,103,93,78,62,48,39,36,39,48,60,73,84,91,92,86,77,68,61,60,65,77,91,105,114
2003,2012/06/01,115,109,95,75,55,37,26,21,25,37,53,72,88,99,102,97,87,76,68,67,72,84,99,112
2003,2012/06/02,120,120,109,91,67,41,20,5,1,7,24,47,72,92,106,110,105,94,82,73,72,78,91,107
2003,2012/06/03,121,127,124,110,87,58,28,3,-12,-15,-4,17,45,74,97,111,115,110,98,86,78,77,84,98
2003,2012/06/04,115,128,134,128,110,82,49,16,-10,-24,-23,-8,17,48,78,101,115,116,109,96,84,78,79,89
2003,2012/06/05,105,122,135,138,129,108,77,41,8,-17,-27,-22,-4,24,56,86,109,121,121,112,100,89,84,87
2003,2012/06/06,99,116,134,146,148,136,112,79,43,11,-9,-16,-7,14,43,74,101,120,127,124,113,100,89,85
2003,2012/06/07,91,104,121,136,145,143,128,102,67,33,5,-11,-12,-1,20,48,76,100,114,117,110,99,86,78
2003,2012/06/08,76,83,98,116,131,138,133,117,90,59,30,8,-2,1,16,39,65,89,107,115,114,106,94,82
2003,2012/06/09,75,75,83,97,114,127,132,126,109,86,59,37,21,17,23,39,61,85,105,118,123,118,108,95
2003,2012/06/10,84,78,80,88,102,116,126,128,120,105,85,65,47,37,35,44,60,80,99,113,121,121,115,104
2003,2012/06/11,91,79,72,72,78,89,101,108,109,103,92,78,63,52,46,48,57,72,88,103,114,119,116,108
2003,2012/06/12,95,81,69,62,61,66,75,85,92,94,92,85,76,66,59,57,60,69,81,95,107,116,119,115
2003,2012/06/13,105,92,77,64,57,55,58,65,74,82,87,89,86,80,74,69,67,69,76,86,98,108,115,115
2003,2012/06/14,110,99,84,67,52,41,37,40,47,58,69,78,83,84,82,77,72,69,71,77,86,96,105,111
2003,2012/06/15,111,104,91,74,55,38,26,21,24,34,48,64,76,85,88,87,82,77,74,74,80,90,101,110
2003,2012/06/16,116,114,106,90,71,50,32,20,16,22,36,56,75,91,100,103,101,95,90,86,87,93,103,114
2003,2012/06/17,123,128,125,114,95,72,48,28,17,18,29,48,71,93,109,117,116,109,99,90,86,88,96,107
2003,2012/06/18,120,130,132,125,108,84,58,32,14,5,10,26,49,74,97,112,117,114,105,94,86,83,86,96
2003,2012/06/19,109,122,130,130,119,98,70,41,15,-1,-4,7,28,54,81,103,116,119,113,104,95,90,91,98
2003,2012/06/20,114,135,154,164,158,138,108,76,47,25,14,15,30,54,83,108,125,131,129,119,107,96,90,92
2003,2012/06/21,100,114,129,140,143,135,115,86,53,24,5,0,9,29,57,86,110,124,127,119,106,93,84,82
2003,2012/06/22,88,100,116,131,139,137,124,100,69,39,15,3,5,19,43,72,98,118,126,123,113,98,85,78
2003,2012/06/23,78,86,100,115,128,134,128,111,85,55,29,10,4,10,28,54,82,104,118,120,114,101,86,75
2003,2012/06/24,70,73,84,100,115,125,127,118,99,74,48,27,14,13,24,44,69,94,112,121,120,110,95,80
2003,2012/06/25,70,67,72,83,98,112,121,121,110,92,70,50,34,28,31,45,65,88,108,120,124,117,104,88
2003,2012/06/26,73,63,61,66,76,89,101,107,105,95,80,62,46,35,32,38,52,71,91,106,115,114,104,90
2003,2012/06/27,73,59,50,48,52,61,73,83,88,88,83,73,61,50,43,42,49,63,80,96,108,113,110,99
2003,2012/06/28,83,66,51,41,38,41,49,60,71,80,85,85,80,74,67,63,63,69,80,94,109,118,120,114
2003,2012/06/29,102,85,67,50,37,31,32,39,50,63,75,85,90,91,87,82,78,77,82,91,103,115,122,124
2003,2012/06/30,117,103,84,63,43,27,18,17,24,37,54,71,86,96,100,98,93,88,85,88,96,107,118,125
2003,2012/07/01,126,120,105,84,59,36,17,6,4,13,29,51,74,94,106,112,110,104,97,94,95,103,115,127
2003,2012/07/02,137,139,132,115,90,61,33,12,0,-1,11,31,57,84,106,119,124,119,111,101,96,97,105,118
2003,2012/07/03,132,143,145,136,117,89,57,26,3,-8,-6,9,33,63,91,113,125,127,120,109,98,93,95,106
2003,2012/07/04,122,138,148,150,140,118,87,52,21,-2,-10,-3,16,44,74,102,120,128,126,115,101,89,85,90
2003,2012/07/05,103,121,138,149,150,137,112,79,44,14,-3,-6,6,28,57,88,113,127,130,122,109,94,83,80
2003,2012/07/06,87,103,123,141,151,149,134,107,74,42,17,5,8,24,50,79,106,124,132,130,119,104,88,79
2003,2012/07/07,80,91,110,131,147,155,150,133,106,75,47,28,22,30,49,75,102,124,136,138,130,114,97,82
2003,2012/07/08,74,75,87,105,124,138,141,133,114,89,63,42,30,31,43,64,88,110,126,132,128,116,98,80
2003,2012/07/09,66,61,65,77,94,111,121,122,113,96,75,56,43,39,44,59,79,100,117,127,128,120,106,89
2003,2012/07/10,72,61,56,61,73,89,103,110,109,101,88,73,60,52,52,61,76,93,110,122,127,124,113,98
2003,2012/07/11,81,66,56,53,57,68,81,91,97,96,90,82,73,65,62,66,75,89,104,118,126,127,122,111
2003,2012/07/12,96,80,66,57,55,61,71,83,93,100,101,99,96,91,88,87,89,96,106,118,127,132,131,124
2003,2012/07/13,112,97,81,67,57,53,55,61,71,80,88,94,96,96,95,93,92,95,101,109,119,126,130,128
2003,2012/07/14,122,110,95,78,62,50,44,45,52,63,75,87,96,102,103,102,99,98,99,103,110,117,124,127
2003,2012/07/15,126,119,107,90,70,52,38,32,33,42,56,73,88,100,107,108,106,102,98,97,100,106,115,123
2003,2012/07/16,127,126,119,105,86,63,42,27,21,25,37,56,76,94,108,115,115,110,103,98,96,99,106,116
2003,2012/07/17,126,131,130,120,102,79,53,30,15,11,19,36,59,83,103,115,118,114,106,96,90,88,93,103
2003,2012/07/18,116,127,132,129,115,93,65,38,15,3,4,18,41,68,93,111,120,120,113,102,92,86,87,96
2003,2012/07/19,110,126,138,142,136,118,92,62,33,13,6,13,33,61,90,114,128,132,125,112,98,87,82,86
2003,2012/07/20,98,115,132,143,144,133,110,79,47,20,4,3,16,40,70,99,119,128,126,114,98,83,74,73
2003,2012/07/21,82,98,118,134,144,141,125,99,68,38,16,7,13,32,59,89,114,129,131,122,106,87,72,65
2003,2012/07/22,68,80,99,119,134,139,132,113,86,56,29,14,12,24,47,76,103,122,130,126,112,93,74,60
2003,2012/07/23,57,63,79,99,118,131,133,122,101,75,49,30,21,26,42,66,92,115,129,130,120,102,81,63
2003,2012/07/24,52,52,60,76,95,112,122,121,110,91,68,48,36,33,42,60,84,107,124,131,126,111,91,70
2003,2012/07/25,54,46,47,56,72,90,104,111,110,100,84,68,54,47,50,61,80,100,118,130,131,121,104,83
2003,2012/07/26,63,49,42,44,53,67,83,95,101,101,94,85,75,68,66,71,83,99,116,128,134,130,118,100
2003,2012/07/27,80,61,47,39,39,46,57,70,81,89,92,92,89,85,82,82,87,96,108,121,131,133,128,115
2003,2012/07/28,98,79,61,45,36,33,37,47,59,71,82,91,97,99,99,97,96,99,105,115,125,132,133,129
2003,2012/07/29,118,103,84,64,46,34,28,29,38,51,66,82,96,107,112,113,110,107,106,110,118,126,133,136
2003,2012/07/30,134,126,110,89,66,44,28,19,19,27,42,62,83,101,114,119,117,111,105,102,104,111,121,130
2003,2012/07/31,136,136,128,112,88,61,36,16,6,7,18,39,63,88,108,119,122,117,108,99,94,95,103,115
2003,2012/08/01,129,138,141,133,114,88,58,30,9,0,4,20,44,72,98,116,125,123,113,100,88,83,86,98
2003,2012/08/02,116,133,144,146,137,116,86,54,25,6,2,11,31,58,87,112,126,128,119,104,87,75,71,77
2003,2012/08/03,93,114,133,145,145,133,109,78,45,19,5,6,22,48,77,104,123,130,126,112,93,74,63,61
2003,2012/08/04,72,92,115,135,145,142,126,99,67,38,17,10,18,39,67,95,118,130,130,119,101,80,62,54
2003,2012/08/05,58,73,95,118,136,143,137,119,92,64,40,27,28,43,67,94,119,135,140,134,117,95,74,58
2003,2012/08/06,53,61,79,102,123,136,138,128,109,84,62,46,42,49,67,91,114,133,143,141,129,109,86,66
2003,2012/08/07,54,54,64,83,104,122,131,130,118,101,81,65,57,59,71,91,112,130,141,143,135,119,97,76
2003,2012/08/08,60,52,54,66,83,101,114,120,116,105,90,76,67,65,72,86,104,122,135,141,138,126,108,87
2003,2012/08/09,68,55,50,54,66,81,96,106,109,105,96,87,80,77,79,88,101,116,129,138,140,133,120,103
2003,2012/08/10,85,70,58,54,58,68,80,91,98,101,99,95,91,89,89,93,101,111,122,131,135,133,125,112
2003,2012/08/11,96,81,67,56,52,53,60,69,79,86,91,93,93,93,93,95,98,103,111,120,126,128,126,119
2003,2012/08/12,108,94,79,65,54,48,49,54,63,73,83,91,98,103,105,106,105,106,109,113,119,124,126,125
2003,2012/08/13,120,111,98,82,66,52,45,43,48,58,72,86,99,109,114,115,113,109,107,107,111,116,122,127
2003,2012/08/14,129,126,117,102,82,61,43,33,31,38,50,67,84,99,110,114,112,106,99,93,92,96,103,112
2003,2012/08/15,120,125,122,111,93,70,46,28,18,19,30,49,72,95,112,121,121,115,104,94,88,88,95,106
2003,2012/08/16,120,131,136,131,116,93,66,40,21,14,19,36,60,85,108,122,126,121,108,94,82,77,80,91
2003,2012/08/17,106,123,135,138,130,110,82,52,27,11,9,20,43,72,99,119,127,123,111,94,78,67,65,72
2003,2012/08/18,88,109,128,140,140,127,103,72,42,19,9,13,31,58,87,112,127,129,119,100,79,62,53,55
2003,2012/08/19,68,90,113,132,141,138,121,94,62,35,17,14,26,49,79,107,127,135,129,112,88,65,48,42
2003,2012/08/20,50,68,93,117,134,140,132,113,86,57,35,25,29,46,73,102,125,137,136,122,100,74,53,39
2003,2012/08/21,39,50,71,96,119,133,135,125,104,80,57,42,39,49,69,96,120,137,141,132,112,87,62,43
2003,2012/08/22,33,36,50,72,96,116,126,125,115,98,79,63,55,58,72,94,117,135,144,142,127,104,77,53
2003,2012/08/23,37,31,36,50,70,90,107,114,113,104,90,77,69,67,75,89,108,126,138,141,134,116,93,68
2003,2012/08/24,47,34,30,35,48,65,81,93,100,100,95,88,81,78,81,89,101,116,129,136,135,125,108,87
2003,2012/08/25,66,48,36,31,34,44,57,71,82,90,93,93,92,91,91,94,100,110,121,130,133,130,121,106
2003,2012/08/26,89,70,52,39,32,32,38,47,58,69,80,88,94,97,98,98,100,103,109,117,123,127,126,119
2003,2012/08/27,108,93,75,57,42,32,29,32,40,52,66,81,93,102,107,107,104,101,100,103,109,116,122,124
2003,2012/08/28,123,115,102,83,62,43,30,24,26,35,50,68,87,103,112,115,110,103,95,92,94,101,110,119
2003,2012/08/29,126,128,122,108,88,65,43,28,21,24,36,56,78,100,116,123,121,112,99,88,83,85,94,108
2003,2012/08/30,123,135,139,132,116,91,64,40,24,19,26,43,67,92,114,127,128,119,103,86,73,68,74,88
2003,2012/08/31,108,127,140,143,134,114,87,59,36,23,23,36,58,85,110,128,134,127,111,91,71,59,56,66
2003,2012/09/01,85,109,129,141,141,128,105,76,49,30,24,31,49,74,101,122,133,132,118,96,71,52,42,46
2003,2012/09/02,62,86,112,132,142,138,121,96,68,45,32,32,46,69,96,120,136,138,128,108,82,58,41,36
2003,2012/09/03,45,66,92,117,135,139,131,111,86,62,45,40,47,65,89,114,133,140,135,118,93,66,44,32
2003,2012/09/04,33,48,71,97,120,132,133,121,101,79,60,51,52,65,85,109,129,141,140,127,106,80,55,37
2003,2012/09/05,31,37,55,78,102,120,127,122,109,92,76,65,62,70,86,106,125,139,143,136,119,96,72,51
2003,2012/09/06,39,37,47,65,86,106,119,121,115,103,89,78,72,74,84,100,117,132,139,136,124,105,82,61
2003,2012/09/07,45,38,39,49,64,82,98,106,106,100,91,82,77,77,83,94,108,122,130,132,125,111,92,73
2003,2012/09/08,56,44,40,42,52,66,81,92,98,98,95,90,86,86,89,96,106,117,126,131,129,121,107,91
2003,2012/09/09,76,62,52,48,50,58,69,81,90,96,98,98,97,96,97,99,104,110,118,124,126,124,117,106
2003,2012/09/10,93,80,67,56,50,50,55,65,76,85,93,99,103,106,107,108,108,109,112,117,121,122,121,117
2003,2012/09/11,110,99,86,71,59,51,49,53,61,72,85,98,108,114,116,115,112,109,107,107,111,115,120,123
2003,2012/09/12,122,117,107,93,77,61,49,45,49,60,75,91,106,117,123,123,118,109,101,96,96,101,109,118
2003,2012/09/13,126,129,125,113,95,75,55,42,38,45,60,81,102,120,131,133,127,115,101,89,84,86,95,108
2003,2012/09/14,123,134,137,130,114,91,66,45,32,31,42,62,86,109,125,132,128,115,98,81,69,66,72,87
2003,2012/09/15,107,125,137,139,129,108,81,55,34,25,30,47,72,99,121,134,133,120,99,76,58,48,49,61
2003,2012/09/16,82,107,128,141,140,126,102,74,48,31,27,38,61,89,115,133,138,129,109,83,58,41,34,41
2003,2012/09/17,61,87,115,136,146,142,125,100,72,49,38,41,59,86,115,138,149,146,128,101,70,45,29,28
2003,2012/09/18,41,65,94,122,141,148,140,120,95,71,54,50,60,82,109,134,150,152,139,114,83,53,29,19
2003,2012/09/19,23,41,68,97,122,138,141,131,113,91,73,62,64,78,101,126,146,154,148,128,100,68,39,19
2003,2012/09/20,13,21,41,67,94,115,127,127,117,102,86,74,71,79,95,116,135,147,149,137,115,86,57,32
2003,2012/09/21,19,17,27,45,68,90,106,115,115,108,97,86,80,82,92,108,127,141,147,143,129,107,81,55
2003,2012/09/22,36,26,26,36,52,71,88,100,108,109,106,100,95,94,98,108,120,132,141,143,137,123,103,81
2003,2012/09/23,61,46,38,38,45,57,73,87,98,106,109,111,110,109,109,112,118,126,135,141,143,140,130,117
2003,2012/09/24,100,84,70,61,59,62,69,80,92,103,113,120,123,123,122,119,118,119,122,127,131,133,132,126
2003,2012/09/25,115,101,84,69,58,51,51,56,65,77,91,104,113,118,118,114,108,102,99,100,105,111,117,120
2003,2012/09/26,119,112,100,84,68,53,44,42,47,58,73,90,106,117,122,119,109,98,88,83,84,91,102,113
2003,2012/09/27,123,127,122,110,92,72,56,46,44,51,65,84,104,121,130,131,121,106,89,77,72,76,88,106
2003,2012/09/28,124,138,143,137,123,102,81,65,56,57,68,86,107,127,141,145,138,122,100,81,68,66,75,93
2003,2012/09/29,115,136,150,153,144,126,104,81,65,59,65,81,102,125,143,152,149,133,109,83,62,52,54,69
2003,2012/09/30,92,118,139,152,151,139,119,96,75,64,63,74,93,117,139,152,153,141,118,91,66,50,49,65
2003,2012/10/01,9999,9999,9999,9999,9999,9999,9999,9999,9999,9999,9999,9999,9999,9999,9999,9999,9999,9999,9999,9999,9999,9999,9999,9999
2003,2012/10/02,9999,9999,9999,9999,9999,9999,9999,9999,9999,9999,9999,9999,9999,9999,9999,9999,9999,49,94,113,95,56,25,19
2003,2012/10/03,33,56,80,103,125,141,143,129,105,82,70,70,80,98,119,137,150,153,145,124,97,68,45,33
2003,2012/10/04,33,47,70,97,122,140,146,142,130,114,101,94,96,106,124,143,158,165,160,143,119,91,66,47
2003,2012/10/05,39,43,58,81,105,124,134,134,126,114,100,91,88,94,106,122,136,144,143,133,115,91,66,46
2003,2012/10/06,33,31,40,56,76,96,110,117,116,109,100,92,89,90,98,110,123,133,136,132,119,101,80,61
2003,2012/10/07,45,37,37,47,62,80,96,106,111,109,105,99,95,94,98,106,116,124,129,128,121,108,92,75
2003,2012/10/08,59,48,42,44,52,64,78,90,99,104,104,102,99,97,98,102,106,112,116,118,116,111,101,88
2003,2012/10/09,74,62,52,48,48,54,64,76,88,98,105,108,108,107,106,105,104,106,108,111,114,114,110,104
2003,2012/10/10,95,84,72,61,53,50,53,62,73,86,97,105,110,111,109,105,100,96,94,95,99,104,108,110
2003,2012/10/11,108,102,91,79,67,57,53,55,64,78,93,107,117,121,120,114,104,94,85,81,83,90,99,109
2003,2012/10/12,115,116,110,97,80,63,50,45,49,60,77,95,110,120,122,116,104,89,74,64,62,68,80,96
2003,2012/10/13,111,122,124,117,102,83,64,51,47,53,67,87,107,123,131,127,114,94,73,55,45,47,59,78
2003,2012/10/14,101,121,133,134,124,105,83,62,50,49,60,80,103,124,137,139,127,105,79,54,37,31,38,55
2003,2012/10/15,80,107,129,141,141,128,107,84,65,55,58,72,95,119,138,145,137,116,85,53,27,11,9,22
2003,2012/10/16,46,76,106,128,138,134,118,96,74,59,56,64,83,108,130,144,145,130,103,70,38,14,3,7
2003,2012/10/17,26,55,87,116,136,144,138,123,103,85,75,77,91,114,139,158,164,155,131,99,65,34,15,9
2003,2012/10/18,18,40,69,100,126,143,147,139,122,104,90,85,90,105,126,145,158,157,143,117,85,51,24,8
2003,2012/10/19,6,17,40,68,95,117,129,130,124,112,100,92,90,98,112,129,144,150,145,128,101,70,40,17
2003,2012/10/20,5,6,19,39,64,87,105,115,115,109,100,92,89,92,103,118,134,144,145,136,117,92,65,40
2003,2012/10/21,23,15,18,31,49,69,87,100,107,107,102,96,90,88,91,98,108,118,125,125,118,102,81,59
2003,2012/10/22,41,28,23,26,35,50,67,82,94,101,103,102,100,97,97,100,106,113,121,125,124,119,110,97
2003,2012/10/23,82,68,57,51,52,59,72,87,101,113,119,119,116,110,106,104,104,106,109,113,118,120,119,113
2003,2012/10/24,103,90,77,65,58,55,59,68,80,93,104,112,115,113,107,99,90,83,80,83,89,96,102,105
2003,2012/10/25,104,98,89,77,65,57,54,57,66,79,93,106,116,120,117,107,94,81,71,67,70,79,91,102
2003,2012/10/26,111,114,110,101,87,73,63,60,63,73,87,102,115,124,124,115,99,79,60,48,45,51,65,82
2003,2012/10/27,99,111,115,109,97,82,67,57,54,60,73,89,106,118,123,118,103,81,56,37,27,29,41,61
2003,2012/10/28,84,104,117,121,115,102,86,72,65,66,77,94,113,129,139,137,123,100,73,48,30,25,32,50
2003,2012/10/29,76,103,125,136,135,123,106,89,75,69,72,85,104,124,138,142,133,114,86,57,33,20,20,34
2003,2012/10/30,58,87,114,133,141,138,126,109,93,83,83,92,109,129,147,157,153,137,111,80,51,30,22,29
2003,2012/10/31,48,76,105,128,141,144,136,122,106,92,86,91,104,123,141,154,156,145,123,93,62,35,20,19
2003,2012/11/01,32,56,85,112,133,142,140,130,115,101,92,91,100,116,135,151,159,154,136,108,77,49,29,22
2003,2012/11/02,27,43,66,92,115,130,134,128,116,101,90,84,86,97,112,127,137,136,125,105,77,49,24,9
2003,2012/11/03,6,16,36,62,88,108,119,119,112,101,90,83,82,89,102,117,129,134,130,115,93,67,42,23
2003,2012/11/04,14,16,30,51,75,96,111,118,116,108,98,88,84,87,96,109,120,127,127,119,103,82,58,37
2003,2012/11/05,24,20,26,40,60,81,98,109,112,108,101,94,89,88,93,102,112,120,124,122,113,98,79,60
2003,2012/11/06,44,36,35,42,55,71,89,104,113,116,112,107,102,100,100,103,107,113,118,121,119,111,97,81
2003,2012/11/07,66,53,46,45,51,64,80,96,109,116,118,115,110,104,99,97,98,101,105,109,112,111,106,97
2003,2012/11/08,87,76,66,60,58,62,72,86,100,111,117,117,114,107,99,92,87,85,86,89,94,100,104,105
2003,2012/11/09,101,93,83,73,64,61,65,74,88,101,112,118,119,115,107,96,83,73,67,68,75,85,95,104
2003,2012/11/10,109,108,101,90,77,67,63,66,76,91,107,121,128,129,122,109,91,72,58,51,53,63,77,93
2003,2012/11/11,107,116,117,109,96,81,69,64,68,80,96,113,126,132,129,116,96,71,48,33,28,35,52,74
2003,2012/11/12,98,119,131,133,124,110,95,83,80,86,99,116,133,145,147,137,115,86,56,33,20,20,31,53
2003,2012/11/13,81,109,131,142,141,130,114,97,86,84,92,109,129,148,159,157,141,113,79,47,23,12,16,34
2003,2012/11/14,61,93,123,146,156,154,142,125,110,102,102,113,131,151,166,171,161,138,105,68,35,12,4,12
2003,2012/11/15,33,64,96,125,143,150,145,131,115,102,95,99,111,130,149,160,159,144,116,80,42,10,-10,-15
2003,2012/11/16,-3,22,54,85,110,126,131,126,114,100,89,85,92,108,128,144,152,146,126,96,61,27,0,-15
2003,2012/11/17,-15,1,27,58,87,109,122,126,121,110,99,91,92,103,121,140,154,158,148,127,99,69,41,20
2003,2012/11/18,9,11,25,49,75,100,117,124,123,115,103,93,87,88,98,112,126,135,135,126,108,84,57,33
2003,2012/11/19,16,11,17,34,56,79,99,112,118,117,111,101,93,89,93,104,117,129,135,134,126,111,91,70
2003,2012/11/20,52,41,39,46,60,78,96,111,121,123,119,111,101,93,89,89,95,103,111,116,115,109,97,81
2003,2012/11/21,64,51,43,42,47,59,74,89,102,110,111,107,98,88,79,74,73,76,82,89,96,99,97,90
2003,2012/11/22,80,69,59,53,53,58,70,84,99,110,117,117,113,105,94,84,75,70,70,75,83,92,98,101
2003,2012/11/23,99,94,87,79,74,73,78,87,100,111,120,124,124,119,109,95,79,66,58,58,64,75,87,97
2003,2012/11/24,103,105,101,94,86,80,78,82,90,102,113,122,126,124,116,100,81,60,44,36,37,47,62,78
2003,2012/11/25,93,103,106,103,95,85,77,74,78,87,99,112,121,125,121,109,90,65,43,28,23,29,44,63
2003,2012/11/26,84,102,113,116,111,102,92,86,86,92,103,117,131,141,144,137,120,94,66,43,29,28,38,56
2003,2012/11/27,79,99,115,123,123,116,106,95,86,83,87,99,114,127,133,129,114,90,61,32,11,0,4,21
2003,2012/11/28,45,73,97,113,119,115,105,93,82,78,81,91,107,123,135,138,129,110,82,52,25,7,2,12
2003,2012/11/29,34,63,92,114,126,127,120,108,94,83,78,81,93,109,125,133,130,114,88,57,27,4,-8,-5
2003,2012/11/30,11,37,66,92,109,117,115,105,93,80,73,74,84,101,118,131,134,125,104,74,42,15,-3,-7
2003,2012/12/01,2,23,52,81,106,121,125,119,107,94,84,81,86,99,115,130,137,133,117,92,61,33,10,-1
2003,2012/12/02,0,14,38,65,91,109,117,117,109,97,85,77,76,85,100,116,127,129,121,103,78,50,24,5
2003,2012/12/03,-1,6,24,50,76,98,112,117,113,102,89,80,77,82,93,108,121,128,127,116,97,74,50,31
2003,2012/12/04,20,20,32,52,77,100,118,127,128,122,111,98,89,87,93,104,116,123,125,120,108,90,69,48
2003,2012/12/05,33,26,29,41,60,80,98,111,116,113,105,93,83,77,77,83,91,100,106,108,104,95,81,66
2003,2012/12/06,52,42,40,46,60,79,100,117,127,129,123,112,98,86,78,76,79,86,94,101,104,101,94,83
2003,2012/12/07,71,60,52,50,54,65,79,95,109,116,116,108,97,84,73,64,60,60,65,72,80,86,88,86
2003,2012/12/08,80,73,66,61,61,67,79,93,108,120,126,126,120,108,94,79,67,58,55,58,65,76,86,93
2003,2012/12/09,96,94,89,83,78,77,82,92,106,119,129,133,130,121,107,89,71,55,46,44,50,62,77,92
2003,2012/12/10,105,113,114,110,101,93,88,89,98,110,123,133,137,134,124,106,83,59,40,29,28,36,52,72
2003,2012/12/11,93,110,121,122,116,107,97,92,94,102,115,128,138,141,135,119,94,64,35,13,3,4,18,40
2003,2012/12/12,66,91,111,121,122,115,104,94,89,91,100,114,128,138,141,131,110,78,43,12,-9,-18,-13,3
2003,2012/12/13,29,60,88,109,119,118,108,96,86,82,85,95,111,127,138,138,123,96,61,24,-7,-27,-32,-23
2003,2012/12/14,-2,29,62,91,111,119,116,106,93,83,80,85,99,117,133,143,140,122,92,56,19,-9,-26,-27
2003,2012/12/15,-13,12,44,77,104,120,125,119,107,95,87,86,95,112,133,151,159,152,132,101,65,32,7,-4
2003,2012/12/16,-1,17,43,74,102,123,132,129,117,100,85,77,78,88,105,125,140,145,136,114,83,49,20,0
2003,2012/12/17,-7,0,18,45,74,99,115,120,116,105,91,78,73,77,91,110,127,138,139,128,108,81,54,32
2003,2012/12/18,20,21,32,52,77,102,122,132,131,120,104,88,77,74,79,91,107,120,128,127,117,98,75,53
2003,2012/12/19,36,28,31,44,62,82,100,113,118,114,104,90,75,64,60,63,73,86,98,103,101,91,77,60
2003,2012/12/20,45,35,33,38,51,68,87,102,111,112,105,93,78,64,53,49,52,59,69,78,83,84,79,69
2003,2012/12/21,58,47,41,41,48,61,76,91,102,108,106,98,86,72,58,48,42,42,47,56,65,71,75,74
2003,2012/12/22,71,67,64,62,65,72,82,95,107,116,120,118,110,99,86,72,61,53,51,53,59,67,74,80
2003,2012/12/23,83,84,82,79,77,77,81,89,99,108,114,115,112,105,93,79,62,46,34,30,33,43,57,72
2003,2012/12/24,84,91,92,89,84,81,82,87,95,103,111,116,117,114,104,87,66,44,25,14,12,19,32,50
2003,2012/12/25,67,82,90,93,91,86,82,80,84,92,103,114,121,123,117,104,84,59,34,14,4,6,18,35
2003,2012/12/26,55,73,87,94,95,89,80,72,69,71,79,89,100,107,109,102,85,61,34,10,-7,-13,-7,9
2003,2012/12/27,32,57,78,92,97,95,88,79,72,70,74,83,95,108,117,117,106,84,55,26,1,-13,-15,-4
2003,2012/12/28,16,42,68,88,99,100,94,84,75,70,70,77,89,105,118,124,118,100,73,43,13,-8,-18,-13
2003,2012/12/29,6,33,61,86,102,108,105,95,83,73,67,70,80,97,114,125,125,112,89,59,28,2,-14,-15
2003,2012/12/30,-2,23,53,80,100,111,112,105,94,82,74,72,79,95,114,130,138,134,118,93,64,36,15,7
2003,2012/12/31,13,33,59,85,106,119,123,119,108,94,81,74,75,85,101,117,128,129,119,99,72,43,18,1
