2003,2018/01/01,27,56,78,90,92,86,76,67,60,60,68,79,92,105,109,105,89,60,25,-9,-34,-47,-47,-31
2003,2018/01/02,-4,29,59,79,90,92,83,72,60,55,57,63,77,96,109,113,106,86,54,17,-15,-40,-51,-45
2003,2018/01/03,-25,7,42,70,90,100,98,89,76,67,65,67,78,95,110,123,124,111,88,50,10,-20,-44,-53
2003,2018/01/04,-40,-18,13,48,73,91,96,89,78,66,55,52,58,72,93,110,119,117,99,73,41,4,-26,-43
2003,2018/01/05,-45,-29,-4,26,57,82,94,94,86,74,60,51,50,60,77,97,111,117,111,94,69,39,7,-16
2003,2018/01/06,-26,-22,-5,19,46,74,92,98,94,85,70,56,49,52,63,79,95,106,108,99,81,58,30,4
2003,2018/01/07,-12,-17,-10,7,30,55,76,86,85,80,68,51,39,34,37,47,61,73,81,82,75,62,44,21
2003,2018/01/08,3,-3,-4,4,24,45,65,82,89,87,78,63,50,42,37,41,52,60,69,76,77,74,66,52
2003,2018/01/09,41,32,29,33,43,61,83,98,107,112,105,91,79,66,54,48,47,48,52,59,65,67,64,58
2003,2018/01/10,51,44,37,35,37,46,61,74,86,95,94,86,75,59,46,36,27,25,28,31,39,48,52,55
2003,2018/01/11,55,53,50,44,40,45,51,59,72,83,87,84,78,68,53,37,24,13,8,9,14,22,32,41
2003,2018/01/12,48,53,54,50,44,42,44,48,58,69,77,81,79,71,61,44,24,9,-5,-13,-10,-2,9,24
2003,2018/01/13,38,50,56,55,51,47,43,42,47,56,67,75,79,77,70,57,38,15,-6,-21,-26,-21,-9,7
2003,2018/01/14,26,44,56,60,58,52,45,39,38,43,52,61,71,75,74,66,48,24,0,-21,-31,-32,-26,-10
2003,2018/01/15,13,35,54,64,67,63,53,45,40,41,49,59,72,85,91,87,74,53,25,-1,-19,-29,-31,-20
2003,2018/01/16,1,26,49,66,75,75,69,58,48,44,46,54,68,83,94,96,88,69,40,12,-12,-28,-33,-25
2003,2018/01/17,-6,19,47,69,83,86,82,71,58,48,46,51,64,81,97,107,104,91,66,35,7,-12,-24,-25
2003,2018/01/18,-9,17,42,68,90,99,96,86,70,58,53,53,63,79,95,110,114,103,83,54,22,-6,-26,-33
2003,2018/01/19,-24,-8,17,45,68,82,87,80,66,53,41,36,40,53,73,89,98,96,83,57,28,2,-21,-33
2003,2018/01/20,-31,-16,9,36,60,80,89,86,75,62,49,41,40,49,66,86,100,105,97,77,51,23,-3,-19
2003,2018/01/21,-23,-16,4,27,51,75,89,90,83,70,55,43,36,39,53,69,82,91,90,79,60,34,9,-12
2003,2018/01/22,-23,-19,-6,12,36,60,78,84,80,69,54,39,29,28,35,49,65,78,84,83,72,55,35,16
2003,2018/01/23,4,2,10,25,45,67,86,98,100,93,81,65,51,44,42,46,55,67,78,82,77,66,50,32
2003,2018/01/24,18,13,16,23,38,58,77,89,93,93,83,64,47,37,29,28,34,44,54,63,67,64,56,45
2003,2018/01/25,33,26,25,26,34,48,61,73,85,89,82,70,55,39,28,21,20,25,34,42,51,58,58,55
2003,2018/01/26,50,45,41,39,41,51,63,75,84,91,91,84,73,57,40,28,16,11,14,21,32,46,56,61
2003,2018/01/27,64,64,62,59,58,61,67,74,81,89,93,92,84,71,54,34,14,0,-9,-11,-5,9,23,38
2003,2018/01/28,51,60,64,63,58,55,56,58,63,72,82,89,89,84,73,54,32,11,-9,-18,-17,-9,10,34
2003,2018/01/29,55,72,83,82,78,73,67,65,66,71,81,91,98,99,95,83,59,30,4,-19,-33,-33,-22,-2
2003,2018/01/30,25,51,72,84,85,80,72,63,56,56,63,75,86,96,101,93,76,48,13,-17,-39,-51,-47,-31
2003,2018/01/31,-6,27,55,74,83,82,74,64,51,44,47,58,72,89,103,107,98,76,43,4,-30,-53,-62,-54
2003,2018/02/01,-31,-3,30,59,76,81,78,65,49,38,33,37,49,68,88,102,102,91,66,30,-5,-36,-57,-60
2003,2018/02/02,-47,-21,13,44,67,79,80,68,51,36,25,24,33,50,73,94,104,103,89,61,28,-3,-31,-44
2003,2018/02/03,-40,-22,7,39,66,86,93,86,72,53,38,30,29,40,62,84,102,110,102,84,58,28,0,-20
2003,2018/02/04,-27,-15,7,34,62,86,97,97,85,65,47,34,26,30,47,67,86,100,102,96,80,54,29,6
2003,2018/02/05,-9,-7,7,27,54,77,92,98,90,72,55,36,22,19,27,43,60,77,88,87,78,63,43,23
2003,2018/02/06,10,6,13,29,50,72,91,99,96,83,66,47,31,20,18,27,40,54,66,72,71,65,54,39
2003,2018/02/07,26,20,22,30,44,62,79,91,93,85,73,58,39,23,16,16,23,33,43,51,56,56,52,43
2003,2018/02/08,36,30,28,31,39,53,68,79,85,83,73,60,44,27,18,11,8,14,19,23,32,38,40,40
2003,2018/02/09,37,35,35,33,36,47,55,64,73,74,71,65,51,36,24,12,2,-1,0,5,13,21,30,36
2003,2018/02/10,40,42,45,43,42,47,52,59,66,71,74,74,67,58,47,33,20,11,5,5,9,19,31,43
2003,2018/02/11,55,65,70,70,70,70,68,70,76,81,88,92,90,81,72,57,37,18,6,-1,-2,6,18,32
2003,2018/02/12,49,63,72,77,75,70,67,63,61,65,71,78,84,84,80,70,51,31,11,-5,-12,-11,-1,16
2003,2018/02/13,36,56,72,79,78,74,66,57,50,51,58,68,77,83,85,80,65,42,17,-6,-20,-25,-19,-6
2003,2018/02/14,15,40,60,73,78,75,66,54,45,41,46,57,71,83,93,95,85,65,38,11,-10,-21,-21,-7
2003,2018/02/15,14,33,52,69,77,78,71,57,42,32,32,41,56,71,87,97,91,73,48,17,-9,-26,-36,-30
2003,2018/02/16,-11,12,40,63,76,81,76,61,45,31,24,30,44,62,84,99,101,92,70,42,14,-11,-25,-24
2003,2018/02/17,-11,14,43,69,89,100,96,84,65,46,36,31,34,50,71,88,101,100,83,56,25,-2,-20,-30
2003,2018/02/18,-25,-5,21,47,70,84,85,75,55,34,18,9,10,24,47,70,87,92,84,66,41,13,-11,-24
2003,2018/02/19,-22,-9,14,40,63,80,87,80,64,43,24,10,7,14,31,55,74,86,86,74,53,30,7,-10
2003,2018/02/20,-15,-5,14,37,62,82,92,90,76,55,33,16,5,5,17,37,59,77,85,81,67,48,25,8
2003,2018/02/21,-2,-3,8,27,49,70,82,84,77,58,36,20,3,-6,1,14,32,51,62,67,63,51,35,19
2003,2018/02/22,8,7,12,25,42,60,76,83,79,67,49,28,10,-3,-6,1,13,30,44,53,57,54,44,33
2003,2018/02/23,26,22,22,30,43,58,73,81,82,76,62,45,27,9,-1,-4,-2,7,19,31,42,47,43,38
2003,2018/02/24,34,31,29,32,40,50,62,72,78,78,71,60,46,29,11,-2,-14,-18,-10,0,11,25,31,34
2003,2018/02/25,39,40,40,42,42,47,55,60,65,69,67,62,53,38,21,5,-11,-21,-25,-23,-14,1,15,28
2003,2018/02/26,40,48,51,50,47,47,49,51,56,60,64,69,67,59,48,29,8,-11,-27,-35,-31,-21,-5,15
2003,2018/02/27,35,51,60,61,59,54,49,46,46,49,58,66,73,73,68,55,32,5,-19,-37,-43,-39,-25,-2
2003,2018/02/28,23,44,61,70,67,61,51,40,35,35,42,55,69,78,83,79,61,34,4,-22,-40,-46,-39,-21
2003,2018/03/01,5,36,62,80,87,85,77,69,59,52,60,77,89,103,119,122,111,91,59,22,-5,-24,-30,-20
2003,2018/03/02,-1,27,59,77,84,84,73,53,32,18,16,23,35,55,77,91,96,86,62,31,-3,-28,-41,-40
2003,2018/03/03,-24,4,34,60,76,79,71,53,29,9,-1,1,13,33,60,84,96,93,79,54,22,-8,-29,-36
2003,2018/03/04,-26,-3,27,54,77,88,84,67,43,18,1,-4,0,15,42,69,87,94,89,70,44,16,-8,-21
2003,2018/03/05,-19,-4,21,48,73,89,92,81,58,31,11,0,-3,7,30,55,79,95,98,89,70,45,23,5
2003,2018/03/06,-2,6,21,42,66,80,84,77,57,30,7,-11,-22,-22,-9,11,32,48,59,59,48,32,14,-3
2003,2018/03/07,-12,-10,2,20,43,61,71,70,56,34,11,-10,-25,-31,-24,-9,8,26,40,46,44,35,21,9
2003,2018/03/08,1,-1,5,18,36,54,65,71,64,48,31,11,-7,-16,-16,-7,7,22,39,51,57,56,52,44
2003,2018/03/09,38,37,37,43,58,73,84,94,93,77,57,40,19,3,-3,-4,-1,10,21,29,39,42,41,41
2003,2018/03/10,38,35,36,37,43,54,62,69,72,66,58,47,30,16,6,-3,-6,-5,0,9,17,24,30,34
2003,2018/03/11,37,40,39,39,41,45,52,58,59,59,57,50,41,31,20,10,1,-5,-4,-2,2,11,21,31
2003,2018/03/12,40,47,49,48,46,45,45,46,48,50,54,54,49,41,30,19,5,-7,-14,-16,-12,-3,9,23
2003,2018/03/13,37,48,56,55,51,47,42,39,39,41,48,54,56,55,51,40,24,8,-7,-16,-19,-14,-2,14
2003,2018/03/14,33,50,60,63,61,55,45,37,32,33,41,51,60,65,66,59,43,22,2,-15,-24,-24,-15,1
2003,2018/03/15,23,44,60,68,68,61,48,34,25,22,29,42,57,70,78,78,66,46,24,2,-14,-20,-16,-1
2003,2018/03/16,23,48,69,81,85,79,63,43,25,16,19,30,44,61,75,82,77,57,31,6,-18,-32,-34,-26
2003,2018/03/17,-5,22,46,63,72,66,53,33,12,-3,-7,1,18,39,60,75,76,64,43,15,-12,-31,-40,-35
2003,2018/03/18,-17,8,34,57,69,70,58,38,15,-5,-16,-13,2,24,52,74,83,81,67,42,15,-8,-22,-23
2003,2018/03/19,-11,12,39,61,79,85,76,57,32,6,-10,-15,-7,14,40,66,86,90,82,64,37,11,-7,-16
2003,2018/03/20,-11,8,32,55,75,84,80,63,38,10,-14,-26,-24,-11,14,43,66,78,78,66,46,24,3,-10
2003,2018/03/21,-9,2,23,47,67,81,81,69,49,22,-5,-22,-30,-26,-7,21,45,66,77,75,65,48,29,18
2003,2018/03/22,13,19,36,57,77,93,101,96,80,58,33,8,-6,-8,2,23,45,66,81,87,84,72,56,43
2003,2018/03/23,36,36,44,59,76,91,98,96,82,62,38,14,-7,-18,-19,-10,6,24,41,54,59,56,48,38
2003,2018/03/24,32,29,32,41,54,67,78,81,75,63,46,26,6,-12,-21,-20,-13,-1,15,32,45,50,51,50
2003,2018/03/25,47,45,45,47,55,65,72,76,75,68,57,42,24,6,-7,-16,-19,-15,-5,7,21,34,41,47
2003,2018/03/26,51,52,52,51,52,57,61,65,69,69,65,59,48,33,18,2,-10,-16,-17,-12,1,16,29,43
2003,2018/03/27,53,59,61,58,53,51,51,51,54,58,63,65,64,57,45,30,12,-5,-15,-17,-11,2,18,37
2003,2018/03/28,55,67,72,71,65,57,49,44,44,49,58,67,74,76,71,60,39,15,-4,-17,-21,-14,1,22
2003,2018/03/29,46,65,76,78,72,60,47,35,29,31,40,54,69,80,86,82,66,43,17,-5,-19,-24,-16,2
2003,2018/03/30,26,51,69,75,72,60,42,23,9,5,11,25,45,64,77,83,77,56,30,2,-20,-29,-27,-13
2003,2018/03/31,13,40,62,76,77,65,48,24,2,-8,-8,2,23,47,69,86,89,77,56,29,3,-15,-22,-13
2003,2018/04/01,8,35,61,79,85,78,62,37,9,-10,-18,-13,4,28,55,80,91,90,76,53,29,6,-8,-6
2003,2018/04/02,9,32,60,80,90,90,75,48,20,-7,-22,-25,-16,6,34,60,80,86,79,64,42,18,1,-4
2003,2018/04/03,3,23,47,69,86,91,80,59,30,1,-19,-30,-27,-11,14,41,66,80,81,74,57,37,20,10
2003,2018/04/04,11,24,44,65,83,92,89,73,48,20,-5,-21,-25,-17,2,28,51,67,77,78,66,46,29,18
2003,2018/04/05,13,18,31,50,68,79,82,72,51,25,1,-19,-30,-29,-19,0,23,43,57,63,62,54,42,32
2003,2018/04/06,27,29,38,52,69,83,90,86,73,53,31,11,-4,-8,-4,7,24,42,57,71,74,70,65,57
2003,2018/04/07,53,54,56,64,77,88,96,96,85,71,53,33,18,7,2,7,16,28,41,52,60,64,61,57
2003,2018/04/08,55,51,52,56,61,69,77,78,73,63,51,36,19,5,-2,-4,-2,6,15,26,39,45,46,50
2003,2018/04/09,50,50,51,50,51,56,60,63,63,60,55,47,35,24,13,4,1,2,4,13,24,34,41,48
2003,2018/04/10,52,53,52,49,46,44,44,45,47,48,48,45,39,31,21,12,5,-3,-6,-2,7,18,31,43
2003,2018/04/11,53,60,62,59,54,49,46,45,44,49,57,62,63,60,52,41,30,19,10,9,12,21,36,50
2003,2018/04/12,65,76,79,76,69,57,47,39,36,41,51,61,69,72,69,60,44,26,11,2,-1,5,17,33
2003,2018/04/13,52,67,76,74,63,50,36,22,13,13,22,38,51,63,68,62,50,30,8,-7,-16,-17,-6,12
2003,2018/04/14,35,55,68,72,66,51,31,13,0,-5,3,20,41,61,76,81,74,58,40,21,7,3,10,25
2003,2018/04/15,50,74,91,99,97,84,65,42,20,8,10,23,45,70,92,103,101,87,65,42,21,8,5,14
2003,2018/04/16,33,57,78,90,90,78,55,28,1,-19,-24,-17,3,30,57,76,85,80,64,44,23,3,-6,-2
2003,2018/04/17,14,38,60,78,84,77,58,29,-3,-29,-41,-41,-28,-2,29,58,77,82,75,59,36,17,5,3
2003,2018/04/18,13,34,57,78,90,89,76,51,18,-11,-32,-41,-35,-16,14,45,70,85,86,76,60,41,25,17
2003,2018/04/19,21,36,55,74,90,95,86,66,36,3,-23,-40,-45,-34,-11,17,46,69,79,78,69,54,39,30
2003,2018/04/20,29,36,52,71,85,94,93,78,53,22,-6,-28,-42,-42,-29,-7,20,45,63,69,68,59,47,39
2003,2018/04/21,34,37,47,59,73,85,88,81,65,40,14,-9,-28,-36,-34,-21,0,22,42,58,65,64,57,50
2003,2018/04/22,47,46,49,58,68,78,86,86,76,59,40,18,-2,-17,-26,-24,-14,0,19,38,51,58,58,55
2003,2018/04/23,53,51,50,52,56,61,70,73,69,61,50,33,16,0,-15,-22,-21,-15,-3,13,32,45,52,56
2003,2018/04/24,57,57,55,51,50,54,57,62,65,64,63,58,47,34,19,5,-3,-6,-3,8,24,40,53,64
2003,2018/04/25,72,74,71,68,63,57,58,59,61,69,76,78,78,72,61,47,31,20,15,15,24,40,55,70
2003,2018/04/26,83,88,87,80,66,54,44,37,36,43,54,64,72,75,72,59,42,23,8,1,4,14,30,50
2003,2018/04/27,68,78,80,75,63,46,32,20,15,18,31,49,65,78,85,82,69,50,30,16,11,15,27,47
2003,2018/04/28,67,83,91,88,73,54,32,13,0,-2,8,26,46,67,83,87,81,66,44,24,12,8,15,32
2003,2018/04/29,54,75,88,90,81,62,38,13,-8,-18,-13,1,24,50,72,86,88,79,60,40,23,13,12,25
2003,2018/04/30,47,69,87,96,91,74,50,22,-5,-23,-26,-16,4,31,59,81,92,89,76,57,39,25,18,24
2003,2018/05/01,42,64,85,99,99,88,65,36,6,-19,-31,-28,-14,11,40,66,84,90,83,69,51,34,22,21
2003,2018/05/02,34,53,73,91,99,92,76,48,15,-12,-29,-35,-26,-6,22,51,74,89,91,83,71,56,44,40
2003,2018/05/03,46,60,80,98,111,113,102,79,49,19,-3,-15,-16,-5,16,40,65,84,92,91,82,68,55,47
2003,2018/05/04,48,56,72,89,101,107,101,83,58,30,3,-14,-22,-19,-3,20,41,64,77,79,77,69,57,49
2003,2018/05/05,45,49,60,72,81,90,93,82,61,39,14,-7,-18,-20,-13,4,25,44,62,71,72,70,61,53
2003,2018/05/06,49,48,52,63,73,81,88,82,67,50,29,9,-3,-10,-11,0,16,32,49,63,71,75,71,66
2003,2018/05/07,63,59,59,65,71,79,85,84,77,64,49,34,17,5,2,4,11,24,39,53,64,71,73,70
2003,2018/05/08,67,64,61,60,64,67,72,75,71,64,56,42,28,17,7,3,7,12,22,34,45,56,63,65
2003,2018/05/09,65,63,58,54,51,51,54,56,57,57,54,49,41,30,18,10,6,6,12,20,32,45,57,64
2003,2018/05/10,69,70,65,58,50,44,42,43,46,50,54,57,56,49,40,30,19,11,8,11,20,34,47,60
2003,2018/05/11,69,72,69,59,47,35,26,23,24,30,42,52,59,61,56,47,36,24,14,12,17,27,43,59
2003,2018/05/12,72,81,80,71,56,39,24,14,11,17,30,46,61,70,72,65,52,36,22,14,14,20,33,52
2003,2018/05/13,70,85,89,82,68,48,26,8,-2,-1,12,32,53,72,83,83,76,63,45,31,24,28,39,56
2003,2018/05/14,77,95,103,102,89,67,42,15,-4,-9,-2,16,41,64,83,94,93,81,64,45,31,27,31,45
2003,2018/05/15,65,84,98,102,93,72,44,12,-15,-30,-31,-16,9,37,66,87,95,91,78,60,43,31,30,39
2003,2018/05/16,55,76,96,105,102,87,59,26,-7,-32,-42,-35,-15,14,47,75,93,100,93,77,61,47,38,41
2003,2018/05/17,55,74,94,109,114,104,82,51,15,-15,-35,-41,-29,-6,24,58,85,99,103,94,79,64,52,48
2003,2018/05/18,57,70,87,106,114,111,98,70,35,3,-24,-40,-40,-26,-1,32,62,85,97,97,90,80,69,61
2003,2018/05/19,63,73,88,104,116,122,117,97,70,38,5,-17,-28,-27,-11,11,37,65,84,92,93,84,73,64
2003,2018/05/20,58,60,69,81,93,103,104,94,74,48,19,-7,-26,-35,-31,-16,6,30,51,66,72,71,65,57
2003,2018/05/21,50,48,53,61,70,82,89,87,77,60,41,18,-3,-17,-23,-20,-7,11,32,51,64,70,70,64
2003,2018/05/22,57,53,49,49,55,63,71,76,74,67,55,40,23,6,-6,-11,-7,4,19,37,55,66,72,72
2003,2018/05/23,68,61,55,49,48,51,58,64,68,69,68,62,53,40,26,16,11,13,22,34,50,68,78,82
2003,2018/05/24,83,79,70,60,51,46,46,50,56,62,69,74,72,65,53,40,29,21,21,29,42,58,73,82
2003,2018/05/25,88,86,78,65,51,39,33,31,35,44,56,70,80,83,78,68,55,41,33,32,39,52,69,83
2003,2018/05/26,93,96,90,76,57,38,23,14,12,19,32,50,67,78,83,79,68,55,41,32,33,43,57,74
2003,2018/05/27,89,99,98,87,68,46,24,6,-3,-1,10,30,52,71,84,88,82,69,52,39,35,37,48,66
2003,2018/05/28,83,97,103,95,78,56,29,4,-12,-19,-12,6,28,54,76,88,90,83,69,53,42,39,44,56
2003,2018/05/29,75,93,102,102,91,67,40,11,-15,-28,-29,-17,6,32,58,78,89,86,76,62,48,39,39,46
2003,2018/05/30,63,82,96,103,97,80,54,24,-5,-25,-33,-27,-9,16,44,70,86,92,88,75,60,49,43,47
2003,2018/05/31,60,77,94,105,107,95,74,45,14,-11,-26,-28,-16,6,33,61,83,95,97,88,76,65,55,51
2003,2018/06/01,59,73,90,104,109,104,87,60,28,-1,-22,-32,-29,-13,11,36,60,78,84,82,73,61,49,43
2003,2018/06/02,45,55,70,84,94,96,86,65,38,10,-14,-28,-31,-22,-2,22,46,68,79,82,78,68,58,50
2003,2018/06/03,45,50,62,74,87,93,89,75,51,25,1,-17,-26,-23,-11,8,31,52,68,77,77,72,63,53
2003,2018/06/04,48,49,55,64,75,84,87,79,62,41,18,-1,-15,-20,-15,0,19,39,58,70,76,75,68,60
2003,2018/06/05,53,49,51,57,65,76,82,80,71,55,36,18,2,-7,-7,0,14,30,47,63,72,76,75,67
2003,2018/06/06,60,56,52,52,57,64,71,74,71,63,52,38,23,11,5,6,14,25,40,55,68,77,79,74
2003,2018/06/07,69,63,53,48,48,50,55,61,63,63,59,49,39,27,18,14,15,20,30,44,57,70,77,79
2003,2018/06/08,77,70,60,51,43,40,42,47,54,60,63,63,58,50,42,34,29,30,34,44,58,72,84,90
2003,2018/06/09,91,88,77,61,50,41,35,37,43,52,63,70,73,72,64,54,47,39,37,43,53,67,80,88
2003,2018/06/10,95,94,82,67,48,30,18,13,15,26,41,55,68,75,74,68,58,47,41,38,43,56,70,84
2003,2018/06/11,95,99,94,80,58,35,15,1,-1,7,23,45,67,84,93,93,87,77,64,57,58,66,78,95
2003,2018/06/12,110,121,121,110,89,61,32,11,-2,-4,10,33,58,83,101,109,108,99,84,71,65,66,75,89
2003,2018/06/13,106,120,126,120,103,76,44,12,-11,-23,-18,-1,25,55,83,100,106,102,89,73,63,57,59,70
2003,2018/06/14,86,103,114,115,106,84,52,17,-16,-40,-45,-36,-14,18,51,78,97,102,97,84,70,60,56,61
2003,2018/06/15,75,93,110,119,117,103,77,41,5,-26,-44,-46,-34,-9,25,57,83,99,101,94,82,71,62,60
2003,2018/06/16,69,84,101,116,122,116,99,69,33,-2,-29,-44,-41,-26,-1,32,62,85,96,95,87,76,64,57
2003,2018/06/17,59,69,84,99,111,114,106,86,56,22,-9,-31,-41,-36,-19,6,37,63,80,88,86,78,68,57
2003,2018/06/18,52,58,66,79,96,105,105,97,78,50,22,-4,-21,-26,-19,-2,23,49,71,85,89,86,77,65
2003,2018/06/19,56,54,57,67,79,91,99,98,88,72,51,28,9,-5,-7,1,18,39,61,79,88,91,85,74
2003,2018/06/20,64,57,53,54,62,73,83,89,88,81,69,54,35,21,12,11,20,35,53,72,87,95,94,86
2003,2018/06/21,77,66,55,50,50,55,63,72,77,78,75,69,59,46,35,29,29,36,49,63,78,91,95,92
2003,2018/06/22,84,71,57,44,35,33,36,42,50,58,65,67,65,59,50,40,36,36,41,51,65,80,89,91
2003,2018/06/23,88,81,65,47,33,24,20,23,29,39,52,64,71,73,70,64,55,49,50,55,65,79,92,100
2003,2018/06/24,101,96,84,66,47,30,16,11,14,22,37,54,67,77,81,77,70,61,54,52,57,69,81,92
2003,2018/06/25,101,102,93,77,55,32,12,-3,-9,-4,10,29,48,65,76,79,75,66,57,48,46,53,63,75
2003,2018/06/26,89,97,94,83,63,38,14,-6,-20,-22,-12,6,30,53,71,83,85,78,69,58,51,53,61,72
2003,2018/06/27,89,102,107,102,88,65,38,13,-8,-18,-13,2,23,49,74,90,97,96,87,76,67,63,63,72
2003,2018/06/28,87,100,109,111,101,82,56,26,-1,-18,-24,-16,4,29,55,78,91,96,91,80,68,59,56,61
2003,2018/06/29,75,92,106,112,109,95,70,41,11,-14,-25,-23,-10,14,41,66,87,96,94,84,70,62,55,51
2003,2018/06/30,61,79,93,103,107,99,80,52,22,-4,-24,-31,-23,-5,20,47,70,85,89,84,74,63,52,47
2003,2018/07/01,52,63,79,92,100,99,86,64,35,6,-14,-26,-27,-13,8,32,59,78,86,87,79,69,59,49
2003,2018/07/02,49,58,70,85,98,102,97,81,55,29,6,-11,-16,-11,5,28,53,74,88,93,91,82,70,60
2003,2018/07/03,54,56,66,79,92,102,102,91,74,51,27,9,-3,-3,8,25,46,69,86,94,95,90,79,67
2003,2018/07/04,60,57,60,69,82,95,101,98,86,68,48,30,17,11,15,27,45,66,85,98,104,104,95,83
2003,2018/07/05,74,67,61,65,74,85,95,98,93,81,66,50,34,23,21,26,39,56,73,87,96,99,94,83
2003,2018/07/06,71,61,53,50,54,61,70,77,79,76,67,55,43,32,25,25,31,43,58,72,84,91,90,84
2003,2018/07/07,74,61,49,39,35,37,44,53,62,67,67,62,57,48,40,36,36,41,52,64,76,87,91,88
2003,2018/07/08,81,69,53,38,26,21,23,29,37,47,56,61,61,58,53,46,43,43,46,55,67,78,86,88
2003,2018/07/09,85,76,61,41,23,9,1,2,9,20,37,50,58,64,64,58,52,46,44,48,58,70,82,89
2003,2018/07/10,92,89,76,55,32,10,-7,-16,-14,-2,15,36,54,68,75,75,70,62,55,53,57,66,77,90
2003,2018/07/11,99,101,95,78,54,26,0,-19,-27,-23,-7,15,39,63,80,88,88,81,71,63,60,64,72,85
2003,2018/07/12,98,107,107,98,78,49,16,-13,-33,-40,-32,-12,16,46,72,90,97,94,84,73,65,63,67,78
2003,2018/07/13,94,110,118,116,105,80,47,12,-20,-39,-43,-31,-6,25,57,83,100,104,98,86,74,66,64,70
2003,2018/07/14,85,102,117,124,121,105,77,40,3,-26,-42,-42,-27,0,33,65,89,102,102,93,79,66,58,57
2003,2018/07/15,66,83,101,117,122,117,100,69,32,-3,-29,-40,-36,-18,10,43,72,93,101,97,86,73,59,52
2003,2018/07/16,55,67,84,101,115,119,111,90,60,26,-4,-25,-32,-24,-3,25,55,81,96,97,90,77,61,50
2003,2018/07/17,45,50,64,80,97,110,110,100,81,53,26,2,-13,-14,-2,19,47,73,90,99,98,87,72,56
2003,2018/07/18,45,43,49,61,77,93,101,101,90,73,51,29,11,3,7,21,42,65,85,98,102,96,82,66
2003,2018/07/19,51,41,39,45,55,69,81,86,85,78,64,49,32,21,19,25,38,58,76,91,102,101,91,77
2003,2018/07/20,61,47,37,33,38,47,58,67,73,74,70,62,52,41,35,36,43,55,70,84,97,101,98,88
2003,2018/07/21,73,58,43,30,26,30,36,45,54,60,65,67,63,59,53,49,51,57,66,79,92,101,102,97
2003,2018/07/22,87,73,57,41,28,24,26,30,37,48,59,68,72,73,71,67,63,63,67,76,87,98,104,105
2003,2018/07/23,101,91,77,59,41,28,21,19,24,35,47,61,73,81,84,82,78,73,71,73,80,89,99,105
2003,2018/07/24,106,102,91,73,53,34,18,8,7,13,26,43,61,75,85,88,84,77,70,67,68,75,86,95
2003,2018/07/25,102,105,99,84,65,42,20,2,-7,-5,6,24,46,66,82,90,90,85,75,66,62,65,72,84
2003,2018/07/26,97,106,107,99,82,59,34,10,-7,-12,-7,9,31,55,77,92,98,95,85,73,65,63,66,76
2003,2018/07/27,90,103,110,107,96,77,50,22,-1,-14,-16,-6,15,40,65,86,96,96,90,78,66,59,56,63
2003,2018/07/28,78,93,106,112,106,91,68,38,10,-10,-18,-12,5,30,57,82,98,104,100,89,77,67,60,61
2003,2018/07/29,73,90,106,118,119,109,88,60,30,5,-11,-14,-3,18,45,71,92,104,103,93,80,66,55,52
2003,2018/07/30,59,73,92,106,114,112,97,71,42,14,-6,-15,-11,6,31,58,82,98,103,98,85,70,58,48
2003,2018/07/31,50,62,79,97,110,113,107,88,61,34,11,-3,-5,5,26,52,76,96,105,103,94,80,64,52
2003,2018/08/01,49,53,67,85,101,111,111,100,79,55,32,14,6,11,26,48,72,92,104,107,101,87,70,56
2003,2018/08/02,46,46,55,68,84,99,105,100,86,66,44,26,15,14,22,40,61,80,95,103,100,90,76,59
2003,2018/08/03,46,40,41,50,65,80,92,96,89,76,60,43,31,25,28,40,57,76,92,101,103,98,84,68
2003,2018/08/04,53,41,36,38,47,61,75,84,86,81,70,58,48,39,38,46,57,72,87,98,106,105,96,82
2003,2018/08/05,65,50,40,35,36,46,57,70,78,81,80,75,68,61,56,57,63,72,86,98,106,110,104,93
2003,2018/08/06,82,65,48,38,30,30,39,48,59,70,77,78,78,75,70,68,69,72,80,90,100,107,109,104
2003,2018/08/07,96,81,62,43,27,18,16,20,29,43,57,70,78,81,82,81,79,77,79,85,93,102,109,111
2003,2018/08/08,107,98,82,61,39,20,9,5,10,22,42,63,81,94,101,102,98,93,88,88,93,100,109,117
2003,2018/08/09,122,120,111,91,66,40,17,1,-3,5,24,47,72,95,111,118,117,110,101,94,92,96,105,116
2003,2018/08/10,127,133,131,119,96,66,35,8,-10,-14,-4,17,45,74,99,113,118,113,102,91,83,80,85,98
2003,2018/08/11,113,129,137,134,119,94,62,27,-1,-17,-20,-7,19,49,81,104,117,117,106,91,78,67,65,74
2003,2018/08/12,89,109,125,131,128,112,83,47,11,-17,-29,-26,-8,20,54,84,104,110,104,91,74,58,50,52
2003,2018/08/13,64,84,105,121,128,123,104,73,37,5,-16,-24,-15,7,37,70,95,107,109,98,79,61,45,38
2003,2018/08/14,45,61,82,104,119,125,118,96,67,34,6,-8,-10,2,29,58,85,105,109,102,88,66,45,33
2003,2018/08/15,30,39,57,77,97,112,113,101,81,53,27,9,0,5,24,49,75,98,109,108,98,79,58,40
2003,2018/08/16,29,29,40,59,80,98,108,106,94,78,58,38,27,27,35,55,80,101,116,120,112,97,75,53
2003,2018/08/17,37,29,30,40,56,74,88,94,91,81,67,53,42,38,42,55,72,89,106,115,114,103,84,64
2003,2018/08/18,47,32,25,27,35,49,64,74,79,78,71,64,55,49,49,55,65,80,93,104,110,104,91,75
2003,2018/08/19,58,43,32,25,25,33,45,55,63,68,71,69,65,63,61,60,65,74,83,94,101,101,95,83
2003,2018/08/20,69,54,39,26,19,20,25,33,43,52,60,65,67,70,70,68,69,71,75,84,93,97,97,92
2003,2018/08/21,83,71,57,42,29,20,18,22,27,37,51,62,70,77,80,80,78,75,74,77,83,90,96,97
2003,2018/08/22,94,86,74,57,39,25,14,9,10,19,34,49,62,76,83,84,83,77,70,68,71,76,84,91
2003,2018/08/23,96,95,87,73,54,34,17,3,-2,2,16,33,53,71,84,91,91,84,76,69,66,68,76,88
2003,2018/08/24,99,105,105,98,81,61,39,20,7,5,15,32,52,76,96,104,106,100,85,74,66,62,66,79
2003,2018/08/25,93,106,113,108,95,75,49,24,5,-4,-1,14,35,61,83,98,105,100,87,74,61,51,53,63
2003,2018/08/26,79,98,111,114,107,90,65,38,13,-3,-7,2,23,49,76,96,107,106,95,78,63,50,45,52
2003,2018/08/27,67,86,106,116,115,104,83,54,26,4,-6,-3,13,37,65,89,105,108,100,84,66,48,38,39
2003,2018/08/28,51,71,94,112,120,115,99,75,46,20,5,2,11,33,60,85,104,113,108,94,76,55,40,35
2003,2018/08/29,40,57,80,100,113,118,108,87,60,32,14,4,8,25,48,73,97,110,110,100,81,58,40,28
2003,2018/08/30,28,40,61,83,102,114,113,99,77,53,31,17,16,24,42,67,91,107,113,107,92,71,48,33
2003,2018/08/31,27,30,46,67,87,103,111,105,90,70,49,33,27,32,47,67,87,105,113,111,102,80,56,38
2003,2018/09/01,24,21,31,46,64,84,97,100,93,78,62,47,36,37,45,60,79,96,106,109,102,87,66,45
2003,2018/09/02,28,17,18,27,40,58,75,84,84,80,70,58,50,46,48,59,73,86,98,105,103,93,76,57
2003,2018/09/03,38,23,15,16,23,36,53,67,74,78,76,71,67,62,61,67,76,85,96,104,106,103,91,75
2003,2018/09/04,59,41,28,19,16,23,33,45,59,70,76,79,80,80,80,82,88,95,104,116,125,127,123,116
2003,2018/09/05,97,74,56,38,24,20,21,28,41,54,68,81,89,93,94,93,93,91,90,96,101,103,107,105
2003,2018/09/06,98,88,71,51,31,14,5,4,11,26,45,64,81,92,97,100,95,87,83,82,85,91,99,106
2003,2018/09/07,109,107,98,79,56,34,14,2,0,9,28,51,74,94,106,111,107,97,86,78,77,80,87,101
2003,2018/09/08,113,119,118,107,85,58,28,3,-10,-10,2,23,51,77,97,109,109,98,83,69,60,57,63,78
2003,2018/09/09,94,110,120,119,105,81,51,19,-6,-15,-13,3,32,62,89,109,114,105,90,71,54,44,44,57
2003,2018/09/10,76,96,116,125,122,107,80,47,18,-2,-10,-1,22,52,82,106,119,117,101,81,59,41,33,39
2003,2018/09/11,53,76,102,119,126,122,101,73,40,11,-3,-5,7,34,64,91,110,112,101,82,56,32,17,13
2003,2018/09/12,22,43,69,92,110,115,106,85,57,29,7,-2,4,22,49,78,100,107,103,87,62,35,13,3
2003,2018/09/13,5,19,43,68,89,104,107,94,75,50,28,16,14,24,47,72,94,107,107,97,75,47,23,6
2003,2018/09/14,-2,5,23,44,67,87,96,94,83,66,48,34,29,34,48,70,91,108,112,106,92,67,41,22
2003,2018/09/15,7,4,15,30,49,70,85,90,87,76,63,53,46,44,54,70,88,103,112,113,103,84,61,41
2003,2018/09/16,24,15,16,25,39,57,72,82,85,82,77,69,63,61,63,73,86,98,108,112,108,95,78,60
2003,2018/09/17,43,30,24,23,29,40,54,66,73,77,77,75,74,71,70,74,82,88,96,102,101,95,83,69
2003,2018/09/18,55,40,28,23,21,26,36,45,54,63,70,74,77,77,78,78,78,81,86,92,95,92,87,82
2003,2018/09/19,72,60,48,36,29,27,29,35,43,55,67,75,84,89,89,89,87,83,83,86,88,90,91,91
2003,2018/09/20,86,78,67,54,41,32,25,25,30,40,55,69,81,90,95,95,90,82,76,75,76,78,83,88
2003,2018/09/21,90,88,81,68,52,35,23,16,15,25,39,55,73,89,98,102,97,85,75,68,65,67,75,87
2003,2018/09/22,98,104,103,93,78,60,42,27,20,24,36,53,74,93,106,113,110,97,82,69,60,58,65,78
2003,2018/09/23,92,103,107,103,88,68,45,23,9,6,14,31,54,78,96,107,107,95,77,60,46,40,45,58
2003,2018/09/24,77,96,107,110,102,84,61,36,14,5,9,22,45,70,91,106,110,101,83,62,44,32,29,41
2003,2018/09/25,62,84,105,115,113,101,79,52,28,12,7,17,35,60,86,106,113,107,90,68,45,26,17,23
2003,2018/09/26,42,66,91,109,114,110,93,67,41,20,11,14,28,52,77,98,112,112,97,74,48,26,12,10
2003,2018/09/27,23,47,74,98,114,116,106,88,62,40,26,22,33,53,75,98,115,117,108,89,63,35,13,5
2003,2018/09/28,10,28,55,82,102,113,111,96,75,53,35,26,29,43,64,87,104,109,104,87,60,33,8,-9
2003,2018/09/29,-10,1,22,49,74,92,100,93,79,60,43,33,30,38,56,77,96,108,106,96,78,48,22,4
2003,2018/09/30,-9,-6,10,30,55,79,93,98,91,77,65,55,50,55,66,84,104,114,119,118,102,81,59,37
2003,2018/10/01,27,29,40,66,90,100,106,104,102,104,93,80,75,69,73,89,100,110,119,118,110,96,73,50
2003,2018/10/02,31,17,10,12,23,42,59,71,79,81,79,75,72,70,71,77,86,93,99,102,98,88,75,56
2003,2018/10/03,37,21,8,1,2,10,22,37,50,61,69,74,74,72,72,74,76,79,84,88,88,84,78,68
2003,2018/10/04,53,39,23,8,0,0,3,13,28,41,55,67,72,75,76,73,69,66,65,66,69,72,75,74
2003,2018/10/05,69,60,46,27,11,-1,-7,-5,6,21,39,58,72,80,84,82,76,67,61,59,61,68,77,83
2003,2018/10/06,87,87,78,61,42,22,5,-2,-1,10,30,52,73,89,98,99,91,78,65,57,55,61,74,89
2003,2018/10/07,104,115,115,105,86,61,38,20,9,10,23,44,67,87,101,105,96,80,61,43,32,32,42,60
2003,2018/10/08,80,98,109,110,99,78,51,24,7,2,10,31,57,82,103,114,108,91,68,44,25,17,21,36
2003,2018/10/09,60,86,106,116,115,101,77,49,26,11,12,26,49,76,102,116,116,103,79,51,26,9,6,15
2003,2018/10/10,36,65,92,110,120,116,98,74,48,28,21,27,44,68,95,115,122,113,92,64,35,11,-2,-1
2003,2018/10/11,14,40,70,95,113,118,109,90,67,46,33,33,44,63,89,113,125,122,108,82,50,23,3,-4
2003,2018/10/12,4,24,52,79,100,114,114,101,83,63,47,41,43,56,78,100,115,119,107,86,58,28,4,-11
2003,2018/10/13,-14,-1,22,45,71,91,98,95,84,68,54,46,44,52,69,89,105,112,107,92,68,42,16,-2
2003,2018/10/14,-11,-7,8,28,51,74,87,91,89,79,68,62,57,58,69,85,98,108,109,100,82,58,35,15
2003,2018/10/15,1,-3,4,17,35,55,71,80,82,79,73,67,61,61,67,77,89,97,101,99,87,69,50,29
2003,2018/10/16,13,6,5,11,23,38,53,65,73,77,75,73,71,68,70,77,83,89,95,96,91,81,67,51
2003,2018/10/17,35,25,19,18,24,33,45,57,66,73,77,78,78,76,77,80,80,82,86,87,86,82,74,62
2003,2018/10/18,50,39,29,22,19,24,30,37,48,59,67,75,79,78,78,76,72,69,68,69,71,71,70,67
2003,2018/10/19,60,53,44,33,26,22,21,25,35,47,59,71,79,83,82,79,71,62,58,56,57,62,67,70
2003,2018/10/20,71,70,61,48,36,28,20,19,26,36,51,68,79,87,91,87,77,64,52,45,44,49,58,67
2003,2018/10/21,74,78,74,63,49,33,19,12,12,19,35,53,70,84,92,90,78,60,44,31,25,29,40,54
2003,2018/10/22,70,81,84,79,66,48,30,16,10,14,26,45,66,82,93,95,85,66,44,25,13,11,20,37
2003,2018/10/23,57,76,87,87,80,63,41,22,11,8,16,33,55,77,93,99,93,74,50,27,8,1,7,22
2003,2018/10/24,44,70,90,99,98,84,63,43,26,16,18,32,52,76,94,104,102,85,59,30,4,-9,-11,0
2003,2018/10/25,24,52,77,96,102,96,80,57,37,24,20,29,47,69,92,106,106,93,68,38,9,-13,-23,-18
2003,2018/10/26,1,30,61,86,102,104,91,75,56,38,30,33,45,65,88,106,114,106,86,59,26,-1,-17,-21
2003,2018/10/27,-10,16,47,78,104,114,112,101,83,67,58,54,58,73,92,111,121,117,103,78,44,14,-9,-22
2003,2018/10/28,-20,-3,22,52,81,100,106,103,91,75,62,57,58,67,85,103,116,119,111,91,64,34,7,-13
2003,2018/10/29,-19,-14,5,31,59,84,99,103,100,90,78,70,64,66,81,97,108,116,116,104,84,58,31,8
2003,2018/10/30,-6,-9,-1,15,38,63,82,94,98,92,85,77,71,72,78,87,99,109,112,108,93,74,52,28
2003,2018/10/31,10,0,-5,2,18,35,56,75,84,88,88,84,80,75,76,84,89,94,101,102,96,87,70,51
2003,2018/11/01,33,18,6,2,6,18,32,49,65,75,80,82,79,75,76,75,75,77,79,82,85,82,75,64
2003,2018/11/02,50,36,22,10,5,7,13,26,44,57,70,80,82,81,79,73,67,62,60,62,65,70,73,72
2003,2018/11/03,67,59,44,28,17,8,5,11,24,41,59,74,83,86,84,77,65,54,46,44,47,54,65,74
2003,2018/11/04,79,80,71,56,41,26,14,12,18,32,52,71,86,95,95,88,74,55,39,31,28,35,49,64
2003,2018/11/05,80,91,91,82,66,47,30,20,17,25,43,65,84,98,103,97,81,59,36,19,11,14,25,45
2003,2018/11/06,68,87,98,98,88,71,50,33,25,25,36,57,77,96,107,105,91,68,39,16,-1,-6,3,20
2003,2018/11/07,44,72,92,101,101,88,68,49,33,26,31,47,68,90,105,109,99,76,47,17,-8,-20,-19,-7
2003,2018/11/08,18,49,75,95,104,99,84,66,48,36,36,46,63,83,103,114,109,91,63,30,0,-19,-27,-21
2003,2018/11/09,0,28,59,86,103,108,100,86,70,55,47,50,62,81,105,120,121,109,86,55,22,-4,-21,-24
2003,2018/11/10,-12,11,39,67,89,101,101,92,78,61,51,49,54,68,89,105,112,108,90,63,30,0,-21,-30
2003,2018/11/11,-27,-10,16,42,68,86,93,91,81,67,57,52,53,65,82,98,111,112,100,79,51,24,0,-17
2003,2018/11/12,-19,-9,9,33,58,79,92,95,92,82,72,66,64,69,82,98,110,115,111,97,73,49,24,4
2003,2018/11/13,-6,-5,6,25,46,66,83,91,91,86,79,72,68,69,76,87,97,104,105,96,80,61,38,19
2003,2018/11/14,6,1,5,16,33,51,67,80,86,85,82,78,73,71,74,80,87,92,94,91,81,66,49,31
2003,2018/11/15,17,8,6,10,20,34,48,62,72,76,76,74,69,67,67,66,69,72,74,76,74,65,53,42
2003,2018/11/16,29,17,10,8,11,20,31,44,56,66,73,74,73,70,66,62,60,59,61,63,65,65,60,54
2003,2018/11/17,48,39,30,24,21,24,30,40,52,62,71,80,82,79,75,67,58,50,45,46,50,54,58,60
2003,2018/11/18,57,51,44,35,26,21,21,26,38,51,64,76,82,84,82,73,60,46,37,33,37,44,53,62
2003,2018/11/19,68,68,64,54,43,34,29,29,36,49,64,79,91,96,94,84,68,48,30,21,21,27,39,54
2003,2018/11/20,66,75,78,71,61,49,36,31,32,41,58,74,87,99,9999,83,71,48,25,9,2,6,19,38
2003,2018/11/21,60,77,85,85,77,63,50,41,34,9999,9999,9999,9999,9999,9999,9999,9999,54,27,3,-11,-12,0,20
2003,2018/11/22,44,71,91,97,94,84,68,55,46,42,52,69,87,106,118,117,104,78,45,15,-7,-18,-15,1
2003,2018/11/23,27,56,83,99,103,97,83,67,52,42,42,53,68,86,102,107,99,79,49,15,-15,-37,-43,-34
2003,2018/11/24,-11,20,52,78,92,95,88,73,57,44,39,45,59,78,96,107,107,92,64,30,-5,-33,-48,-48
2003,2018/11/25,-33,-6,28,60,84,95,95,86,71,58,50,49,58,75,94,110,115,107,87,56,21,-12,-37,-49
2003,2018/11/26,-45,-25,4,35,63,82,90,89,78,65,55,50,52,64,81,99,110,109,97,73,42,8,-21,-42
2003,2018/11/27,-48,-40,-18,10,40,65,81,87,85,76,66,60,58,65,79,94,107,114,110,94,71,43,13,-10
2003,2018/11/28,-24,-28,-16,2,25,52,74,87,92,87,78,73,67,66,74,84,94,103,105,97,82,61,37,13
2003,2018/11/29,-7,-17,-18,-10,6,27,49,69,80,82,79,72,66,62,64,69,76,83,90,91,86,76,60,39
2003,2018/11/30,17,2,-5,-6,1,16,35,54,69,78,79,75,70,63,57,55,55,58,63,68,71,70,64,54
2003,2018/12/01,41,28,16,9,10,18,30,47,66,80,87,87,81,70,58,50,43,38,39,45,53,58,61,61
2003,2018/12/02,55,47,38,24,15,14,16,26,41,56,69,76,75,71,62,48,37,26,19,19,24,33,44,53
2003,2018/12/03,58,59,53,43,31,22,20,24,35,51,68,80,86,85,77,63,44,27,13,6,8,17,31,49
2003,2018/12/04,65,74,77,71,59,49,39,36,42,53,70,87,97,102,100,86,66,44,22,7,2,9,24,41
2003,2018/12/05,59,75,85,83,76,67,54,43,42,48,58,72,87,97,100,89,66,40,13,-11,-25,-28,-18,2
2003,2018/12/06,27,51,71,80,81,75,62,48,40,41,49,63,83,99,108,107,92,68,39,12,-8,-17,-14,2
2003,2018/12/07,27,54,79,96,102,100,91,76,64,58,60,71,86,101,113,115,103,82,50,13,-14,-30,-38,-31
2003,2018/12/08,-10,19,49,71,85,91,85,75,62,50,48,54,65,82,101,110,105,90,64,31,-3,-27,-39,-39
2003,2018/12/09,-25,0,28,55,77,87,88,81,68,56,48,46,54,70,86,99,100,90,71,42,9,-18,-38,-45
2003,2018/12/10,-37,-19,7,36,60,75,82,79,69,58,49,44,48,58,75,92,98,96,82,57,28,-1,-25,-37
2003,2018/12/11,-39,-27,-6,20,44,65,78,80,74,64,54,46,45,54,68,85,96,97,90,74,49,23,-1,-19
2003,2018/12/12,-26,-20,-3,18,43,66,84,94,93,86,78,69,64,68,77,90,100,102,99,91,72,50,27,5
2003,2018/12/13,-6,-8,-2,14,35,55,74,86,88,85,78,68,60,56,60,69,79,87,92,87,78,63,43,25
2003,2018/12/14,12,5,7,15,27,44,58,72,82,82,78,72,62,57,57,58,64,70,74,76,72,62,48,31
2003,2018/12/15,18,9,4,6,17,28,44,60,71,76,76,70,62,55,49,48,48,50,56,60,60,59,51,40
2003,2018/12/16,31,21,14,13,15,23,37,50,62,74,77,73,70,64,54,48,44,40,44,49,55,60,61,58
2003,2018/12/17,54,47,41,36,33,35,44,56,70,83,91,95,94,87,79,68,56,48,45,46,53,61,69,73
2003,2018/12/18,74,72,66,56,48,44,46,54,64,76,87,94,95,93,85,72,54,37,27,23,26,37,49,61
2003,2018/12/19,70,76,76,69,60,53,49,50,58,71,86,97,104,104,96,80,59,35,15,2,1,9,22,41
2003,2018/12/20,60,73,80,80,72,62,54,50,51,58,69,81,92,97,93,81,59,30,4,-16,-26,-23,-9,11
2003,2018/12/21,37,60,75,82,79,70,60,51,45,49,58,71,87,98,100,94,74,45,13,-16,-34,-39,-32,-13
2003,2018/12/22,16,46,72,88,92,87,77,66,58,56,61,72,88,104,114,114,99,72,38,2,-27,-44,-48,-35
2003,2018/12/23,-11,20,54,79,92,96,90,76,65,60,58,65,81,100,116,123,118,98,66,30,-4,-32,-45,-43
2003,2018/12/24,-27,4,37,65,89,103,102,90,79,70,62,60,70,86,103,118,119,106,82,49,13,-20,-45,-55
2003,2018/12/25,-50,-27,5,36,65,88,96,92,84,72,62,56,59,73,91,109,119,116,103,78,45,11,-21,-42
2003,2018/12/26,-46,-34,-13,16,48,76,90,92,89,79,66,56,54,62,79,95,110,118,112,97,75,44,10,-17
2003,2018/12/27,-32,-32,-18,4,32,61,82,93,96,91,80,67,61,62,69,82,95,105,108,102,89,69,41,15
2003,2018/12/28,-4,-14,-9,6,29,53,74,89,97,94,84,70,57,51,54,61,71,83,91,93,90,77,60,41
2003,2018/12/29,21,8,3,4,18,39,57,75,90,93,88,77,61,51,46,43,48,54,60,67,71,66,59,51
2003,2018/12/30,38,26,19,13,16,31,46,62,80,88,87,80,68,54,42,32,28,27,30,38,47,54,55,54
2003,2018/12/31,49,40,31,26,24,30,40,52,69,81,84,83,75,61,50,37,21,15,14,14,23,34,43,53
