1 0 0 0 0 0 0 0 0 !on (1)|off(0) flags for elev, air pressure, windx, windy, T, S, u, v, w
164
1 -81.87120000 26.64770000 0.00000000 !8725520
2 -81.80750000 26.13170000 0.00000000 !8725110
3 -81.80810000 24.55080000 0.00000000 !8724580
4 -81.09634960 24.77157350 0.00000000 !8723970
5 -80.16180000 25.73140000 0.00000000 !8723214
6 -80.10081400 26.08890200 0.00000000 !8722956
7 -80.03420000 26.61280000 0.00000000 !8722670
8 -80.58360000 28.39350000 0.00000000 !8721604
9 -81.42790000 30.39820000 0.00000000 !8720218
10 -81.46580000 30.67140000 0.00000000 !8720030
11 -80.90170000 32.03670000 0.00000000 !8670870
12 -79.91953828 32.77453239 0.00000000 !8665530
13 -79.15600000 33.32400000 0.00000000 !8662245
14 -78.90664837 33.64602329 0.00000000 !8661070
15 -77.78196651 34.21289459 0.00000000 !8658163
16 -76.67090000 34.70430000 0.00000000 !8656483
17 -75.71124080 35.21158260 0.00000000 !8654467
18 -75.55677290 35.78709130 0.00000000 !8652587
19 -75.74670000 36.18330000 0.00000000 !8651370
20 -76.00670000 36.93000000 0.00000000 !8638999
21 -75.98840000 37.16520000 0.00000000 !8632200
22 -75.68580000 37.60780000 0.00000000 !8631044
23 -75.09347440 38.33101170 0.00000000 !8570283
24 -75.11920000 38.78280000 0.00000000 !8557380
25 -74.95970000 38.96780000 0.00000000 !8536110
26 -74.41830000 39.35500000 0.00000000 !8534720
27 -74.00749971 40.48892105 0.00000000 !8531680
28 -71.97768562 41.05873699 0.00000000 !8510560
29 -71.32670000 41.50500000 0.00000000 !8452660
30 -70.09640000 41.28530000 0.00000000 !8449130
31 -70.65833064 41.51111137 0.00000000 !8447930
32 -69.95046200 41.68855600 0.00000000 !8447435
33 -71.05030000 42.35390000 0.00000000 !8443970
34 -70.71060000 43.07140000 0.00000000 !8423898
35 -70.55601500 43.31467100 0.00000000 !8419317
36 -70.24670000 43.65670000 0.00000000 !8418150
37 -68.19971900 44.39364300 0.00000000 !8413320
38 -67.18838244 44.65173917 0.00000000 !8411060
39 -66.96202700 44.91596700 0.00000000 !8410140
40 -64.70330000 32.37340000 0.00000000 !2695540
41 -64.69500000 32.37000000 0.00000000 !2695535
42 -97.13846823 26.07845080 0.00000000 !8779749
43 -97.13846823 26.07845080 0.00000000 !8779748
44 -97.21670000 27.58000000 0.00000000 !8775870
45 -97.03910000 27.83660000 0.00000000 !8775241
46 -97.07250000 27.83970000 0.00000000 !8775237
47 -96.33322064 28.41904474 0.00000000 !8773767
48 -95.61598958 28.76734445 0.00000000 !8772985
49 -95.29420000 28.93570000 0.00000000 !8772471
50 -95.30250000 28.94330000 0.00000000 !8772447
51 -95.13130000 29.08100000 0.00000000 !8771972
52 -94.79330000 29.31000000 0.00000000 !8771450
53 -94.72480000 29.35730000 0.00000000 !8771341
54 -94.51060000 29.51560000 0.00000000 !8770971
55 -93.84081000 29.68965100 0.00000000 !8770822
56 -94.39030000 29.59470000 0.00000000 !8770808
57 -93.34290000 29.76820000 0.00000000 !8768094
58 -92.30918100 29.52658800 0.00000000 !8766072
59 -91.38390000 29.36750000 0.00000000 !8764314
60 -91.34590400 29.45598900 0.00000000 !8764227
61 -90.19930000 29.11420000 0.00000000 !8762075
62 -89.95753900 29.26791000 0.00000000 !8761724
63 -89.67320000 29.86810000 0.00000000 !8761305
64 -89.40750000 28.93220000 0.00000000 !8760922
65 -89.25830000 29.17830000 0.00000000 !8760721
66 -89.32500000 30.32500000 0.00000000 !8747437
67 -88.56550500 30.36785400 0.00000000 !8741533
68 -88.40274500 30.41311400 0.00000000 !8740166
69 -88.27329600 30.37649500 0.00000000 !8739803
70 -88.15937200 30.37494900 0.00000000 !8738043
71 -88.07500000 30.25000000 0.00000000 !8735180
72 -87.85590800 30.36442700 0.00000000 !8732828
73 -87.21120000 30.40440000 0.00000000 !8729840
74 -85.87830000 30.21330000 0.00000000 !8729210
75 -85.66690000 30.15230000 0.00000000 !8729108
76 -84.98170000 29.72670000 0.00000000 !8728690
77 -83.10200300 29.08505800 0.00000000 !8727520
78 -82.83170000 27.97830000 0.00000000 !8726724
79 -82.62690000 27.76060000 0.00000000 !8726520
80 -82.56250000 27.63830000 0.00000000 !8726384
81 -81.62750860 30.31558980 0.00000000 !8720226
82 -81.55830000 30.38670000 0.00000000 !8720219
83 -81.62518200 30.39834800 0.00000000 !8720215
84 -77.95360000 34.22750000 0.00000000 !8658120
85 -76.29215040 36.80209190 0.00000000 !8639348
86 -76.08330000 37.03290000 0.00000000 !8638901
87 -76.33000000 36.94670000 0.00000000 !8638610
88 -76.47880000 37.22650000 0.00000000 !8637689
89 -76.28055600 37.60734200 0.00000000 !8636580
90 -76.46460000 37.99540000 0.00000000 !8635750
91 -77.03660000 38.31970000 0.00000000 !8635027
92 -76.01500000 37.53830000 0.00000000 !8632837
93 -77.02437960 38.85481490 0.00000000 !8594900
94 -76.45080000 38.31720000 0.00000000 !8577330
95 -76.47407400 38.98050600 0.00000000 !8575512
96 -76.57830000 39.26670000 0.00000000 !8574680
97 -75.87672780 39.52211940 0.00000000 !8573927
98 -76.24500000 39.21330000 0.00000000 !8573364
99 -76.06938700 38.58041000 0.00000000 !8571892
100 -76.03870000 38.22040000 0.00000000 !8571421
101 -75.11330000 38.98670000 0.00000000 !8555889
102 -75.56325430 39.56113040 0.00000000 !8551910
103 -75.58830000 39.58170000 0.00000000 !8551762
104 -74.81929830 40.12847060 0.00000000 !8548989
105 -75.07500000 39.98330000 0.00000000 !8546252
106 -75.14019500 39.93323400 0.00000000 !8545240
107 -75.40940000 39.81170000 0.00000000 !8540433
108 -74.87330000 40.08000000 0.00000000 !8539094
109 -75.37500000 39.30500000 0.00000000 !8537121
110 -74.11774100 40.64381300 0.00000000 !8519483
111 -73.93890100 42.01382100 0.00000000 !8518962
112 -74.01482300 40.69952100 0.00000000 !8518750
113 -73.77157130 40.81012240 0.00000000 !8516945
114 -73.18024210 41.17164690 0.00000000 !8467150
115 -72.91487270 41.27970710 0.00000000 !8465705
116 -72.08670000 41.35500000 0.00000000 !8461490
117 -71.41100000 41.58680000 0.00000000 !8454049
118 -71.37488480 41.78371610 0.00000000 !8454000
119 -71.34330000 41.71670000 0.00000000 !8452944
120 -71.16634400 41.70662300 0.00000000 !8447386
121 -97.16596700 26.06488800 1.00000000 !8779770
122 -97.28530000 26.26240000 0.00000000 !8779280
123 -97.24237230 27.63302010 0.00000000 !8775792
124 -97.38416400 27.81422170 0.00000000 !8775296
125 -97.48590000 27.83280000 0.00000000 !8775244
126 -97.04032900 28.01874000 0.00000000 !8774770
127 -96.78161800 28.21992200 0.00000000 !8774230
128 -96.39560000 28.44590000 0.00000000 !8773701
129 -96.60980000 28.64060000 0.00000000 !8773259
130 -95.91400000 28.71010000 0.00000000 !8773146
131 -96.73192200 28.38905900 0.00000000 !8773037
132 -94.89710000 29.30260000 0.00000000 !8771486
133 -94.91830000 29.48000000 0.00000000 !8771013
134 -95.09047840 29.76108190 0.00000000 !8770777
135 -94.98500000 29.68170000 0.00000000 !8770613
136 -93.87010000 29.72840000 0.00000000 !8770570
137 -93.86424800 29.97931500 0.00000000 !8770520
138 -93.93100000 29.86710000 0.00000000 !8770475
139 -93.30881010 30.18222040 0.00000000 !8767961
140 -93.23198490 30.22626830 0.00000000 !8767816
141 -91.23760000 29.66750000 0.00000000 !8764044
142 -90.38391600 30.07681670 0.00000000 !8762483
143 -90.11195400 30.03033800 0.00000000 !8761927
144 -88.07360000 30.78190000 0.00000000 !8737138
145 -88.03729380 30.69774150 0.00000000 !8737048
146 -88.05558800 30.64802200 0.00000000 !8736897
147 -88.09185410 30.44371450 0.00000000 !8735523
148 -88.07995600 30.56387400 0.00000000 !8735391
149 -82.43991700 27.90789200 0.00000000 !8726667
150 -82.55280000 27.85780000 0.00000000 !8726607
151 -64.700063   17.757623   0.000      !9751364
152 -64.752418   17.688396   0.000      !9751401
153 -64.726305   18.314380   0.000      !9751381
154 -64.925040   18.333981   0.000      !9751639
155 -65.308208   18.296784   0.000      !9752235
156 -65.446039   18.155057   0.000      !9752619
157 -65.477127   18.085513   0.000      !9752695
158 -65.625664   18.337410   0.000      !9753216
159 -65.833000   18.055100   0.000      !9754228
160 -66.116400   18.459200   0.000      !9755371
161 -66.702400   18.480500   0.000      !9757809
162 -67.049295   17.967985   0.000      !9759110
163 -67.164045   18.217321   0.000      !9759394
164 -67.938500   18.089900   0.000      !9759938

